[[84547.11687055952, 448303.43531119917]]
[[84664.47914009889, 446936.4667198267], [84547.11687055952, 448303.43531119917]]
[[84351.56594212889, 448323.69011376763], [84664.47914009889, 446936.4667198267], [84547.11687055952, 448303.43531119917]]
[[84351.56594212889, 448323.69011376763], [85103.85770371312, 447346.7084731901], [84664.47914009889, 446936.4667198267], [84547.11687055952, 448303.43531119917]]
[[84351.56594212889, 448323.69011376763], [85103.85770371312, 447346.7084731901], [84664.47914009889, 446936.4667198267], [84033.22169951578, 447172.49598048395], [84547.11687055952, 448303.43531119917]]
[[84351.56594212889, 448323.69011376763], [85103.85770371312, 447346.7084731901], [84664.47914009889, 446936.4667198267], [84033.22169951578, 447172.49598048395], [84718.10123393493, 446403.3249605797], [84547.11687055952, 448303.43531119917]]
[[84351.56594212889, 448323.69011376763], [85103.85770371312, 447346.7084731901], [84664.47914009889, 446936.4667198267], [84033.22169951578, 447172.49598048395], [84297.37558224256, 447037.8262580947], [84718.10123393493, 446403.3249605797], [84547.11687055952, 448303.43531119917]]
[[84351.56594212889, 448323.69011376763], [85103.85770371312, 447346.7084731901], [84664.47914009889, 446936.4667198267], [84033.22169951578, 447172.49598048395], [84354.64246980957, 448167.859075892], [84297.37558224256, 447037.8262580947], [84718.10123393493, 446403.3249605797], [84547.11687055952, 448303.43531119917]]
[[84351.56594212889, 448323.69011376763], [85103.85770371312, 447346.7084731901], [84241.08071984047, 447141.77953383187], [84664.47914009889, 446936.4667198267], [84033.22169951578, 447172.49598048395], [84354.64246980957, 448167.859075892], [84297.37558224256, 447037.8262580947], [84718.10123393493, 446403.3249605797], [84547.11687055952, 448303.43531119917]]
[[84351.56594212889, 448323.69011376763], [84984.02565965954, 447175.3257956861], [85103.85770371312, 447346.7084731901], [84241.08071984047, 447141.77953383187], [84664.47914009889, 446936.4667198267], [84033.22169951578, 447172.49598048395], [84354.64246980957, 448167.859075892], [84297.37558224256, 447037.8262580947], [84718.10123393493, 446403.3249605797], [84547.11687055952, 448303.43531119917]]
[[84351.56594212889, 448323.69011376763], [84984.02565965954, 447175.3257956861], [85103.85770371312, 447346.7084731901], [84241.08071984047, 447141.77953383187], [84664.47914009889, 446936.4667198267], [84033.22169951578, 447172.49598048395], [83623.72684157087, 448500.44339145627], [84354.64246980957, 448167.859075892], [84297.37558224256, 447037.8262580947], [84718.10123393493, 446403.3249605797], [84547.11687055952, 448303.43531119917]]
[[84351.56594212889, 448323.69011376763], [84984.02565965954, 447175.3257956861], [85103.85770371312, 447346.7084731901], [84294.7021627688, 447036.4650717308], [84241.08071984047, 447141.77953383187], [84664.47914009889, 446936.4667198267], [84033.22169951578, 447172.49598048395], [83623.72684157087, 448500.44339145627], [84354.64246980957, 448167.859075892], [84297.37558224256, 447037.8262580947], [84718.10123393493, 446403.3249605797], [84547.11687055952, 448303.43531119917]]
[[84351.56594212889, 448323.69011376763], [84769.80929731176, 447017.69729570474], [85103.85770371312, 447346.7084731901], [84294.7021627688, 447036.4650717308], [84241.08071984047, 447141.77953383187], [84664.47914009889, 446936.4667198267], [84989.19495883642, 447360.06334146083], [84033.22169951578, 447172.49598048395], [83623.72684157087, 448500.44339145627], [84354.64246980957, 448167.859075892], [84297.37558224256, 447037.8262580947], [84718.10123393493, 446403.3249605797], [84547.11687055952, 448303.43531119917]]
[[84717.74429046172, 447478.03322837123], [84351.56594212889, 448323.69011376763], [84769.80929731176, 447017.69729570474], [85103.85770371312, 447346.7084731901], [84294.7021627688, 447036.4650717308], [84241.08071984047, 447141.77953383187], [84664.47914009889, 446936.4667198267], [84989.19495883642, 447360.06334146083], [84033.22169951578, 447172.49598048395], [83623.72684157087, 448500.44339145627], [84354.64246980957, 448167.859075892], [84297.37558224256, 447037.8262580947], [84718.10123393493, 446403.3249605797], [84547.11687055952, 448303.43531119917]]
[[84717.74429046172, 447478.03322837123], [84351.56594212889, 448323.69011376763], [84769.80929731176, 447017.69729570474], [85103.85770371312, 447346.7084731901], [84294.7021627688, 447036.4650717308], [84241.08071984047, 447141.77953383187], [84664.47914009889, 446936.4667198267], [84989.19495883642, 447360.06334146083], [84344.3004648238, 447821.5268762917], [84033.22169951578, 447172.49598048395], [83623.72684157087, 448500.44339145627], [84354.64246980957, 448167.859075892], [84297.37558224256, 447037.8262580947], [84718.10123393493, 446403.3249605797], [84547.11687055952, 448303.43531119917]]
[[84717.74429046172, 447478.03322837123], [84351.56594212889, 448323.69011376763], [84769.80929731176, 447017.69729570474], [85103.85770371312, 447346.7084731901], [84294.7021627688, 447036.4650717308], [84241.08071984047, 447141.77953383187], [84664.47914009889, 446936.4667198267], [84989.19495883642, 447360.06334146083], [84344.3004648238, 447821.5268762917], [84033.22169951578, 447172.49598048395], [83623.72684157087, 448500.44339145627], [84354.64246980957, 448167.859075892], [84297.37558224256, 447037.8262580947], [84718.10123393493, 446403.3249605797], [84816.8604799422, 446181.86564214376], [84547.11687055952, 448303.43531119917]]
[[84717.74429046172, 447478.03322837123], [84351.56594212889, 448323.69011376763], [84984.02565965954, 447175.3257956861], [85103.85770371312, 447346.7084731901], [84294.7021627688, 447036.4650717308], [84241.08071984047, 447141.77953383187], [84664.47914009889, 446936.4667198267], [84989.19495883642, 447360.06334146083], [84344.3004648238, 447821.5268762917], [84033.22169951578, 447172.49598048395], [83623.72684157087, 448500.44339145627], [84354.64246980957, 448167.859075892], [84297.37558224256, 447037.8262580947], [84718.10123393493, 446403.3249605797], [84816.8604799422, 446181.86564214376], [84547.11687055952, 448303.43531119917], [84465.05934846913, 446994.74398924597]]
[[84717.74429046172, 447478.03322837123], [84351.56594212889, 448323.69011376763], [84984.02565965954, 447175.3257956861], [85103.85770371312, 447346.7084731901], [84294.7021627688, 447036.4650717308], [84241.08071984047, 447141.77953383187], [84664.47914009889, 446936.4667198267], [84989.19495883642, 447360.06334146083], [84344.3004648238, 447821.5268762917], [84033.22169951578, 447172.49598048395], [83623.72684157087, 448500.44339145627], [84354.64246980957, 448167.859075892], [84621.74826997881, 447616.134275384], [84297.37558224256, 447037.8262580947], [84718.10123393493, 446403.3249605797], [84816.8604799422, 446181.86564214376], [84547.11687055952, 448303.43531119917], [84465.05934846913, 446994.74398924597]]
[[84717.74429046172, 447478.03322837123], [83980.35094895505, 448017.53443806164], [84351.56594212889, 448323.69011376763], [84984.02565965954, 447175.3257956861], [85103.85770371312, 447346.7084731901], [84294.7021627688, 447036.4650717308], [84241.08071984047, 447141.77953383187], [84664.47914009889, 446936.4667198267], [84989.19495883642, 447360.06334146083], [84344.3004648238, 447821.5268762917], [84033.22169951578, 447172.49598048395], [83623.72684157087, 448500.44339145627], [84354.64246980957, 448167.859075892], [84621.74826997881, 447616.134275384], [84297.37558224256, 447037.8262580947], [84718.10123393493, 446403.3249605797], [84816.8604799422, 446181.86564214376], [84547.11687055952, 448303.43531119917], [84465.05934846913, 446994.74398924597]]
[[84717.74429046172, 447478.03322837123], [83980.35094895505, 448017.53443806164], [84351.56594212889, 448323.69011376763], [84984.02565965954, 447175.3257956861], [85103.85770371312, 447346.7084731901], [84294.7021627688, 447036.4650717308], [84241.08071984047, 447141.77953383187], [84664.47914009889, 446936.4667198267], [84989.19495883642, 447360.06334146083], [84344.3004648238, 447821.5268762917], [84033.22169951578, 447172.49598048395], [83623.72684157087, 448500.44339145627], [84354.64246980957, 448167.859075892], [84621.74826997881, 447616.134275384], [84297.37558224256, 447037.8262580947], [84718.10123393493, 446403.3249605797], [84715.33345969283, 446402.16762495646], [84816.8604799422, 446181.86564214376], [84547.11687055952, 448303.43531119917], [84465.05934846913, 446994.74398924597]]
