[[84511.71855341281, 448279.6820707427]]
[[84560.50398411034, 446806.73360668455], [84511.71855341281, 448279.6820707427]]
[[84321.7806164654, 448354.19495508034], [84560.50398411034, 446806.73360668455], [84511.71855341281, 448279.6820707427]]
[[84321.7806164654, 448354.19495508034], [85108.09899133966, 447377.56461569446], [84560.50398411034, 446806.73360668455], [84511.71855341281, 448279.6820707427]]
[[84321.7806164654, 448354.19495508034], [85108.09899133966, 447377.56461569446], [84560.50398411034, 446806.73360668455], [84057.45199692005, 447189.4312589713], [84511.71855341281, 448279.6820707427]]
[[84321.7806164654, 448354.19495508034], [85108.09899133966, 447377.56461569446], [84560.50398411034, 446806.73360668455], [84057.45199692005, 447189.4312589713], [84734.4069749831, 446364.3296949315], [84511.71855341281, 448279.6820707427]]
[[84321.7806164654, 448354.19495508034], [85108.09899133966, 447377.56461569446], [84560.50398411034, 446806.73360668455], [84057.45199692005, 447189.4312589713], [84333.12321086143, 446967.616616694], [84734.4069749831, 446364.3296949315], [84511.71855341281, 448279.6820707427]]
[[84321.7806164654, 448354.19495508034], [85108.09899133966, 447377.56461569446], [84560.50398411034, 446806.73360668455], [84057.45199692005, 447189.4312589713], [84376.6436397008, 448183.32462977996], [84333.12321086143, 446967.616616694], [84734.4069749831, 446364.3296949315], [84511.71855341281, 448279.6820707427]]
[[84321.7806164654, 448354.19495508034], [85108.09899133966, 447377.56461569446], [84223.20690553103, 447176.88435453223], [84560.50398411034, 446806.73360668455], [84057.45199692005, 447189.4312589713], [84376.6436397008, 448183.32462977996], [84333.12321086143, 446967.616616694], [84734.4069749831, 446364.3296949315], [84511.71855341281, 448279.6820707427]]
[[84321.7806164654, 448354.19495508034], [85024.19122759973, 447204.8811394326], [85108.09899133966, 447377.56461569446], [84223.20690553103, 447176.88435453223], [84560.50398411034, 446806.73360668455], [84057.45199692005, 447189.4312589713], [84376.6436397008, 448183.32462977996], [84333.12321086143, 446967.616616694], [84734.4069749831, 446364.3296949315], [84511.71855341281, 448279.6820707427]]
