['budget', 'runtime', 'objective_value', 'flow_caught_optimal', 'flow_caught_fixed_solution', 'flow_impact_area', ['solution']]
[0.2, 17.41692614555359, 0.01953384451711081, 0.01969250745642257, 0.019691169195569656, 5.3043189249492935, [[76, 2, (84511.71855341281, 448279.6820707427)]]]
[0.4, 14.380430936813354, 0.035118466827975287, 0.035292169094853755, 0.03529216958320178, 5.114556694321853, [[246, 2, (84560.50398411034, 446806.73360668455)], [76, 2, (84511.71855341281, 448279.6820707427)]]]
[0.6000000000000001, 13.4607253074646, 0.04880651230133046, 0.0489890867217934, 0.04898908672179341, 4.688879533372019, [[121, 2, (84321.7806164654, 448354.19495508034)], [246, 2, (84560.50398411034, 446806.73360668455)], [76, 2, (84511.71855341281, 448279.6820707427)]]]
[0.8, 15.404870986938477, 0.061596704958034536, 0.06179708871945216, 0.05692498899939176, 4.605079533965298, [[121, 2, (84321.7806164654, 448354.19495508034)], [176, 2, (85099.61641608654, 447315.85233068565)], [246, 2, (84560.50398411034, 446806.73360668455)], [76, 2, (84511.71855341281, 448279.6820707427)]]]
[1.0, 13.383230924606323, 0.07090384912563769, 0.07112284154239339, 0.06625074283443973, 4.551855969982757, [[121, 2, (84321.7806164654, 448354.19495508034)], [176, 2, (85099.61641608654, 447315.85233068565)], [246, 2, (84560.50398411034, 446806.73360668455)], [29, 2, (84057.45199692005, 447189.4312589713)], [76, 2, (84511.71855341281, 448279.6820707427)]]]
[1.2, 14.660692691802979, 0.07874876263092764, 0.07898581494835052, 0.07412258088118333, 4.477640713489899, [[121, 2, (84321.7806164654, 448354.19495508034)], [176, 2, (85099.61641608654, 447315.85233068565)], [246, 2, (84560.50398411034, 446806.73360668455)], [29, 2, (84057.45199692005, 447189.4312589713)], [67, 2, (84734.4069749831, 446364.3296949315)], [76, 2, (84511.71855341281, 448279.6820707427)]]]
[1.4000000000000001, 14.457696676254272, 0.08558486735325313, 0.08584152071871555, 0.08088141523013084, 4.462379473215532, [[121, 2, (84321.7806164654, 448354.19495508034)], [176, 2, (85099.61641608654, 447315.85233068565)], [225, 2, (84258.9545341499, 447106.6747131315)], [246, 2, (84560.50398411034, 446806.73360668455)], [29, 2, (84057.45199692005, 447189.4312589713)], [67, 2, (84734.4069749831, 446364.3296949315)], [76, 2, (84511.71855341281, 448279.6820707427)]]]
[1.6, 16.05966305732727, 0.09175452598127859, 0.09202417606643436, 0.08669226598720879, 4.194480693260795, [[121, 2, (84321.7806164654, 448354.19495508034)], [176, 2, (85099.61641608654, 447315.85233068565)], [225, 2, (84258.9545341499, 447106.6747131315)], [246, 2, (84560.50398411034, 446806.73360668455)], [285, 2, (83852.08111557811, 448436.88454967615)], [29, 2, (84057.45199692005, 447189.4312589713)], [67, 2, (84734.4069749831, 446364.3296949315)], [76, 2, (84511.71855341281, 448279.6820707427)]]]
[1.8, 17.910685300827026, 0.09775048441254416, 0.09803977108529166, 0.09159641479410882, 4.180578959137928, [[121, 2, (84321.7806164654, 448354.19495508034)], [176, 2, (85099.61641608654, 447315.85233068565)], [225, 2, (84258.9545341499, 447106.6747131315)], [246, 2, (84560.50398411034, 446806.73360668455)], [285, 2, (83852.08111557811, 448436.88454967615)], [29, 2, (84057.45199692005, 447189.4312589713)], [35, 2, (84333.12321086143, 446967.616616694)], [67, 2, (84734.4069749831, 446364.3296949315)], [76, 2, (84511.71855341281, 448279.6820707427)]]]
[2.0, 18.53371262550354, 0.10351572245956099, 0.10382325253134335, 0.09796393194033298, 4.113383125922818, [[121, 2, (84321.7806164654, 448354.19495508034)], [171, 2, (84823.3633878987, 447057.1044207001)], [176, 2, (85099.61641608654, 447315.85233068565)], [225, 2, (84258.9545341499, 447106.6747131315)], [246, 2, (84560.50398411034, 446806.73360668455)], [285, 2, (83852.08111557811, 448436.88454967615)], [29, 2, (84057.45199692005, 447189.4312589713)], [35, 2, (84333.12321086143, 446967.616616694)], [67, 2, (84734.4069749831, 446364.3296949315)], [76, 2, (84511.71855341281, 448279.6820707427)]]]
