['budget', 'runtime', 'objective_value', 'flow_caught_optimal', 'flow_caught_fixed_solution', 'flow_impact_area', ['solution']]
[0.2, 25.23197865486145, 0.022796899883521616, 0.022933631865637485, 0.019502503113983823, 5.253224425298876, [[133, 2, (84306.88795363365, 448369.44737573666)]]]
[0.4, 17.232640266418457, 0.03780392014436733, 0.037958295076619644, 0.033396736122113316, 5.147151422077934, [[133, 2, (84306.88795363365, 448369.44737573666)], [196, 2, (85099.61641608654, 447315.85233068565)]]]
[0.6000000000000001, 19.69358777999878, 0.05085205038733378, 0.05102223188281291, 0.049692148122606236, 4.958436520785736, [[133, 2, (84306.88795363365, 448369.44737573666)], [196, 2, (85099.61641608654, 447315.85233068565)], [277, 2, (84560.50398411034, 446806.73360668455)]]]
[0.8, 20.741560459136963, 0.0636971897220076, 0.06388651315724724, 0.05816396507418203, 4.919821713366327, [[133, 2, (84306.88795363365, 448369.44737573666)], [196, 2, (85099.61641608654, 447315.85233068565)], [277, 2, (84560.50398411034, 446806.73360668455)], [81, 2, (84501.60474851374, 448272.89543061226)]]]
[1.0, 18.777606964111328, 0.0741322223994023, 0.07434010905964117, 0.06861756268347076, 4.855163327628359, [[133, 2, (84306.88795363365, 448369.44737573666)], [196, 2, (85099.61641608654, 447315.85233068565)], [277, 2, (84560.50398411034, 446806.73360668455)], [31, 2, (84071.99017536262, 447199.59242606367)], [81, 2, (84501.60474851374, 448272.89543061226)]]]
[1.2, 22.091537952423096, 0.0813291251055374, 0.08155523089452948, 0.07457656692703507, 4.7750197700289885, [[133, 2, (84306.88795363365, 448369.44737573666)], [196, 2, (85099.61641608654, 447315.85233068565)], [277, 2, (84560.50398411034, 446806.73360668455)], [31, 2, (84071.99017536262, 447199.59242606367)], [71, 2, (84711.1130592, 446420.03721728607)], [81, 2, (84501.60474851374, 448272.89543061226)]]]
[1.4000000000000001, 22.715523719787598, 0.08713807076557109, 0.08738388805126426, 0.08032317503465311, 4.762036416637256, [[133, 2, (84306.88795363365, 448369.44737573666)], [196, 2, (85099.61641608654, 447315.85233068565)], [253, 2, (84258.9545341499, 447106.6747131315)], [277, 2, (84560.50398411034, 446806.73360668455)], [31, 2, (84071.99017536262, 447199.59242606367)], [71, 2, (84711.1130592, 446420.03721728607)], [81, 2, (84501.60474851374, 448272.89543061226)]]]
[1.6, 26.075454711914062, 0.09264421079646502, 0.0929076417211639, 0.08568152217941584, 4.654644340912665, [[133, 2, (84306.88795363365, 448369.44737573666)], [196, 2, (85099.61641608654, 447315.85233068565)], [253, 2, (84258.9545341499, 447106.6747131315)], [277, 2, (84560.50398411034, 446806.73360668455)], [31, 2, (84071.99017536262, 447199.59242606367)], [329, 2, (83645.7487212538, 448853.1153089424)], [71, 2, (84711.1130592, 446420.03721728607)], [81, 2, (84501.60474851374, 448272.89543061226)]]]
[1.8, 53.68298006057739, 0.09797418776636056, 0.09825734974713587, 0.08985386634355216, 4.642541207199982, [[133, 2, (84306.88795363365, 448369.44737573666)], [196, 2, (85099.61641608654, 447315.85233068565)], [253, 2, (84258.9545341499, 447106.6747131315)], [277, 2, (84560.50398411034, 446806.73360668455)], [31, 2, (84071.99017536262, 447199.59242606367)], [329, 2, (83645.7487212538, 448853.1153089424)], [334, 2, (84389.84434163553, 448192.60396211274)], [71, 2, (84711.1130592, 446420.03721728607)], [81, 2, (84501.60474851374, 448272.89543061226)]]]
[2.0, 70.76572585105896, 0.1031248377873666, 0.10342546279313065, 0.09777966641248549, 4.528371132686766, [[133, 2, (84306.88795363365, 448369.44737573666)], [190, 2, (84793.61111535043, 447035.2115734804)], [196, 2, (85099.61641608654, 447315.85233068565)], [253, 2, (84258.9545341499, 447106.6747131315)], [277, 2, (84560.50398411034, 446806.73360668455)], [31, 2, (84071.99017536262, 447199.59242606367)], [329, 2, (83645.7487212538, 448853.1153089424)], [334, 2, (84389.84434163553, 448192.60396211274)], [71, 2, (84711.1130592, 446420.03721728607)], [81, 2, (84501.60474851374, 448272.89543061226)]]]
