[[84494.01939483944, 448267.8054505144]]
[[84560.50398411034, 446806.73360668455], [84494.01939483944, 448267.8054505144]]
[[84306.88795363365, 448369.44737573666], [84560.50398411034, 446806.73360668455], [84494.01939483944, 448267.8054505144]]
[[84306.88795363365, 448369.44737573666], [85108.09899133966, 447377.56461569446], [84560.50398411034, 446806.73360668455], [84494.01939483944, 448267.8054505144]]
[[84306.88795363365, 448369.44737573666], [85108.09899133966, 447377.56461569446], [84560.50398411034, 446806.73360668455], [84033.22169951578, 447172.49598048395], [84494.01939483944, 448267.8054505144]]
[[84306.88795363365, 448369.44737573666], [85108.09899133966, 447377.56461569446], [84560.50398411034, 446806.73360668455], [84033.22169951578, 447172.49598048395], [84742.55984550717, 446344.8320621074], [84494.01939483944, 448267.8054505144]]
[[84306.88795363365, 448369.44737573666], [85108.09899133966, 447377.56461569446], [84560.50398411034, 446806.73360668455], [84033.22169951578, 447172.49598048395], [84312.6959945078, 447007.7364117801], [84742.55984550717, 446344.8320621074], [84494.01939483944, 448267.8054505144]]
[[84306.88795363365, 448369.44737573666], [85108.09899133966, 447377.56461569446], [84560.50398411034, 446806.73360668455], [84033.22169951578, 447172.49598048395], [84389.84434163553, 448192.60396211274], [84312.6959945078, 447007.7364117801], [84742.55984550717, 446344.8320621074], [84494.01939483944, 448267.8054505144]]
[[84306.88795363365, 448369.44737573666], [85108.09899133966, 447377.56461569446], [84218.10010144261, 447186.91430330375], [84560.50398411034, 446806.73360668455], [84033.22169951578, 447172.49598048395], [84389.84434163553, 448192.60396211274], [84312.6959945078, 447007.7364117801], [84742.55984550717, 446344.8320621074], [84494.01939483944, 448267.8054505144]]
[[84306.88795363365, 448369.44737573666], [85037.57975024648, 447214.7329206815], [85108.09899133966, 447377.56461569446], [84218.10010144261, 447186.91430330375], [84560.50398411034, 446806.73360668455], [84033.22169951578, 447172.49598048395], [84389.84434163553, 448192.60396211274], [84312.6959945078, 447007.7364117801], [84742.55984550717, 446344.8320621074], [84494.01939483944, 448267.8054505144]]
