[[84535.31743151063, 448295.51756438037]]
[[84560.50398411034, 446806.73360668455], [84535.31743151063, 448295.51756438037]]
[[84333.6947467308, 448341.9930185553], [84560.50398411034, 446806.73360668455], [84535.31743151063, 448295.51756438037]]
[[84333.6947467308, 448341.9930185553], [85103.8577037131, 447346.7084731901], [84560.50398411034, 446806.73360668455], [84535.31743151063, 448295.51756438037]]
[[84333.6947467308, 448341.9930185553], [85103.8577037131, 447346.7084731901], [84560.50398411034, 446806.73360668455], [84033.22169951578, 447172.49598048395], [84535.31743151063, 448295.51756438037]]
[[84333.6947467308, 448341.9930185553], [85103.8577037131, 447346.7084731901], [84560.50398411034, 446806.73360668455], [84033.22169951578, 447172.49598048395], [84723.53648095099, 446390.32653869694], [84535.31743151063, 448295.51756438037]]
[[84333.6947467308, 448341.9930185553], [85103.8577037131, 447346.7084731901], [84560.50398411034, 446806.73360668455], [84033.22169951578, 447172.49598048395], [84324.18630370671, 446985.1690270442], [84723.53648095099, 446390.32653869694], [84535.31743151063, 448295.51756438037]]
[[84333.6947467308, 448341.9930185553], [85103.8577037131, 447346.7084731901], [84560.50398411034, 446806.73360668455], [84033.22169951578, 447172.49598048395], [84398.64480959202, 448198.7901836679], [84324.18630370671, 446985.1690270442], [84723.53648095099, 446390.32653869694], [84535.31743151063, 448295.51756438037]]
[[84333.6947467308, 448341.9930185553], [85103.8577037131, 447346.7084731901], [84241.08071984047, 447141.77953383187], [84560.50398411034, 446806.73360668455], [84033.22169951578, 447172.49598048395], [84398.64480959202, 448198.7901836679], [84324.18630370671, 446985.1690270442], [84723.53648095099, 446390.32653869694], [84535.31743151063, 448295.51756438037]]
[[84333.6947467308, 448341.9930185553], [85001.8770231885, 447188.46150401793], [85103.8577037131, 447346.7084731901], [84241.08071984047, 447141.77953383187], [84560.50398411034, 446806.73360668455], [84033.22169951578, 447172.49598048395], [84398.64480959202, 448198.7901836679], [84324.18630370671, 446985.1690270442], [84723.53648095099, 446390.32653869694], [84535.31743151063, 448295.51756438037]]
