['budget', 'runtime', 'objective_value', 'flow_caught_optimal', 'flow_caught_fixed_solution', 'flow_impact_area', ['solution']]
[0.2, 19.660964727401733, -0.17760620710393807, 0.005882908692888235, 0.005882906303622316, 0, [[173, 2, (84297.9523559346, 448378.59882813046)]]]
[0.4, 19.09656286239624, -0.1685016694717415, 0.00945846877680115, 0.008250339104678275, 0, [[173, 2, (84297.9523559346, 448378.59882813046)], [427, 2, (84206.01196170792, 448414.32358850056)]]]
[0.6000000000000001, 18.687965631484985, -0.16174803788354217, 0.012112791942150246, 0.010863635079242638, 0, [[173, 2, (84297.9523559346, 448378.59882813046)], [181, 2, (84206.12511044319, 448417.32145396847)], [427, 2, (84206.01196170792, 448414.32358850056)]]]
[0.8, 19.40795874595642, -0.156897760459591, 0.01431145959215339, 0.013524504258095768, 0, [[173, 2, (84297.9523559346, 448378.59882813046)], [181, 2, (84206.12511044319, 448417.32145396847)], [426, 2, (84295.8058721553, 448376.5029733203)], [427, 2, (84206.01196170792, 448414.32358850056)]]]
[1.0, 18.789039134979248, -0.131617783530201, 0.02621790973792136, 0.015312572099404719, 0, [[173, 1, (84297.9523559346, 448378.59882813046)]]]
[1.2, 19.42503309249878, -0.12788246615367913, 0.02858534253887237, 0.018514864248470903, 0, [[173, 1, (84297.9523559346, 448378.59882813046)], [366, 2, (84560.50398411034, 446806.73360668455)]]]
[1.4000000000000001, 20.85196089744568, -0.1245597916376799, 0.030389984324875812, 0.019973907715041365, 0, [[173, 1, (84297.9523559346, 448378.59882813046)], [362, 2, (84655.54574251622, 446545.15026566654)], [366, 2, (84560.50398411034, 446806.73360668455)]]]
[1.6, 20.33696222305298, -0.12146832636407179, 0.03298670635402596, 0.020941036422122215, 0, [[173, 1, (84297.9523559346, 448378.59882813046)], [255, 2, (85097.49577227327, 447300.4242594334)], [362, 2, (84655.54574251622, 446545.15026566654)], [366, 2, (84560.50398411034, 446806.73360668455)]]]
[1.8, 20.54003643989563, -0.1186545682522423, 0.03504819148657006, 0.022394767150099894, 0, [[173, 1, (84297.9523559346, 448378.59882813046)], [253, 2, (85046.50543201096, 447221.30077484733)], [255, 2, (85097.49577227327, 447300.4242594334)], [362, 2, (84655.54574251622, 446545.15026566654)], [366, 2, (84560.50398411034, 446806.73360668455)]]]
[2.0, 20.187962770462036, -0.10512098165837132, 0.04298507994297906, 0.023553197756078743, 0, [[173, 1, (84297.9523559346, 448378.59882813046)], [366, 1, (84560.50398411034, 446806.73360668455)]]]
