['budget', 'runtime', 'objective_value', 'flow_caught_optimal', 'flow_caught_fixed_solution', 'flow_impact_area', ['solution']]
[0.2, 20.270962715148926, -0.15912744638731993, 0.01403954825550683, 0.014039549000138757, 0, [[173, 2, (84297.9523559346, 448378.59882813046)]]]
[0.4, 19.141964435577393, -0.1448789311488619, 0.019394451016615175, 0.020676390784590735, 0, [[173, 2, (84297.9523559346, 448378.59882813046)], [181, 2, (84206.12511044319, 448417.32145396847)]]]
[0.6000000000000001, 18.675049543380737, -0.13437130507714082, 0.026031292801014957, 0.02789782477409001, 0, [[173, 2, (84297.9523559346, 448378.59882813046)], [181, 2, (84206.12511044319, 448417.32145396847)], [366, 2, (84560.50398411034, 446806.73360668455)]]]
[0.8, 19.643032550811768, -0.12573788080291606, 0.033252726790125565, 0.034647777427507735, 0, [[173, 2, (84297.9523559346, 448378.59882813046)], [181, 2, (84206.12511044319, 448417.32145396847)], [255, 2, (85097.49577227327, 447300.4242594334)], [366, 2, (84560.50398411034, 446806.73360668455)]]]
[1.0, 20.3220477104187, -0.1173161642754055, 0.03642083833166979, 0.03876409240417149, 0, [[173, 2, (84297.9523559346, 448378.59882813046)], [181, 2, (84206.12511044319, 448417.32145396847)], [255, 2, (85097.49577227327, 447300.4242594334)], [366, 2, (84560.50398411034, 446806.73360668455)], [427, 2, (84206.01196170792, 448414.32358850056)]]]
[1.2, 20.29603338241577, -0.1095002866414836, 0.04053715330856988, 0.04332638486903434, 0, [[173, 2, (84297.9523559346, 448378.59882813046)], [181, 2, (84206.12511044319, 448417.32145396847)], [255, 2, (85097.49577227327, 447300.4242594334)], [362, 2, (84655.54574251622, 446545.15026566654)], [366, 2, (84560.50398411034, 446806.73360668455)], [427, 2, (84206.01196170792, 448414.32358850056)]]]
[1.4000000000000001, 21.83334493637085, -0.10310937655458033, 0.04508535731594275, 0.047502913710253974, 0, [[173, 2, (84297.9523559346, 448378.59882813046)], [181, 2, (84206.12511044319, 448417.32145396847)], [253, 2, (85046.50543201096, 447221.30077484733)], [255, 2, (85097.49577227327, 447300.4242594334)], [362, 2, (84655.54574251622, 446545.15026566654)], [366, 2, (84560.50398411034, 446806.73360668455)], [427, 2, (84206.01196170792, 448414.32358850056)]]]
[1.6, 24.039955377578735, -0.09719393194506502, 0.050572044274813585, 0.05009070558604717, 0, [[106, 2, (84488.119675315, 448263.846577105)], [173, 2, (84297.9523559346, 448378.59882813046)], [181, 2, (84206.12511044319, 448417.32145396847)], [253, 2, (85046.50543201096, 447221.30077484733)], [255, 2, (85097.49577227327, 447300.4242594334)], [362, 2, (84655.54574251622, 446545.15026566654)], [366, 2, (84560.50398411034, 446806.73360668455)], [427, 2, (84206.01196170792, 448414.32358850056)]]]
[1.8, 27.21316695213318, -0.09210185892069313, 0.053585194577652234, 0.0536775821737495, 0, [[106, 2, (84488.119675315, 448263.846577105)], [173, 2, (84297.9523559346, 448378.59882813046)], [181, 2, (84206.12511044319, 448417.32145396847)], [247, 2, (84778.73497907624, 447024.26514987065)], [253, 2, (85046.50543201096, 447221.30077484733)], [255, 2, (85097.49577227327, 447300.4242594334)], [362, 2, (84655.54574251622, 446545.15026566654)], [366, 2, (84560.50398411034, 446806.73360668455)], [427, 2, (84206.01196170792, 448414.32358850056)]]]
[2.0, 47.48798751831055, -0.08706514261488375, 0.05620246399940515, 0.056697951136202324, 0, [[106, 2, (84488.119675315, 448263.846577105)], [173, 2, (84297.9523559346, 448378.59882813046)], [181, 2, (84206.12511044319, 448417.32145396847)], [194, 2, (83710.01376016246, 448611.67837622075)], [247, 2, (84778.73497907624, 447024.26514987065)], [253, 2, (85046.50543201096, 447221.30077484733)], [255, 2, (85097.49577227327, 447300.4242594334)], [362, 2, (84655.54574251622, 446545.15026566654)], [366, 2, (84560.50398411034, 446806.73360668455)], [427, 2, (84206.01196170792, 448414.32358850056)]]]
