['budget', 'runtime', 'objective_value', 'flow_caught_optimal', 'flow_caught_fixed_solution', 'flow_impact_area', ['solution']]
[0.2, 19.681220054626465, -0.16718982494231183, 0.010480789304680323, 0.010480789304680327, 0, [[173, 2, (84297.9523559346, 448378.59882813046)]]]
[0.4, 18.959034204483032, -0.15447155575905416, 0.015368604029640118, 0.01508444184687095, 0, [[173, 2, (84297.9523559346, 448378.59882813046)], [427, 2, (84206.01196170792, 448414.32358850056)]]]
[0.6000000000000001, 19.697032690048218, -0.1459796299787176, 0.018634713660970866, 0.0201284010825458, 0, [[173, 2, (84297.9523559346, 448378.59882813046)], [181, 2, (84206.12511044319, 448417.32145396847)], [427, 2, (84206.01196170792, 448414.32358850056)]]]
[0.8, 19.055036783218384, -0.1386968817743113, 0.0232383825243705, 0.02501884500819277, 0, [[173, 2, (84297.9523559346, 448378.59882813046)], [181, 2, (84206.12511044319, 448417.32145396847)], [366, 2, (84560.50398411034, 446806.73360668455)], [427, 2, (84206.01196170792, 448414.32358850056)]]]
[1.0, 19.9140408039093, -0.13161778353020095, 0.026217909737921367, 0.028157932164444954, 0, [[173, 1, (84297.9523559346, 448378.59882813046)]]]
[1.2, 20.170992374420166, -0.12433524082099147, 0.03082159329669013, 0.032495520363575156, 0, [[173, 1, (84297.9523559346, 448378.59882813046)], [366, 2, (84560.50398411034, 446806.73360668455)]]]
[1.4000000000000001, 21.072033405303955, -0.11831097202032376, 0.03586552019725346, 0.03536376863377766, 0, [[173, 1, (84297.9523559346, 448378.59882813046)], [255, 2, (85097.49577227327, 447300.4242594334)], [366, 2, (84560.50398411034, 446806.73360668455)]]]
[1.6, 21.15310502052307, -0.11242575975555134, 0.03900460830270301, 0.03719236850721855, 0, [[173, 1, (84297.9523559346, 448378.59882813046)], [255, 2, (85097.49577227327, 447300.4242594334)], [362, 2, (84655.54574251622, 446545.15026566654)], [366, 2, (84560.50398411034, 446806.73360668455)]]]
[1.8, 23.83595585823059, -0.10751006399541298, 0.042552741331691825, 0.03983766056295262, 0, [[173, 1, (84297.9523559346, 448378.59882813046)], [253, 2, (85046.50543201096, 447221.30077484733)], [255, 2, (85097.49577227327, 447300.4242594334)], [362, 2, (84655.54574251622, 446545.15026566654)], [366, 2, (84560.50398411034, 446806.73360668455)]]]
[2.0, 30.442943334579468, -0.10341950639184756, 0.044694797396866465, 0.041999944718343916, 0, [[173, 1, (84297.9523559346, 448378.59882813046)], [253, 2, (85046.50543201096, 447221.30077484733)], [255, 2, (85097.49577227327, 447300.4242594334)], [362, 2, (84655.54574251622, 446545.15026566654)], [363, 2, (84633.804754452, 446597.14395319746)], [366, 2, (84560.50398411034, 446806.73360668455)]]]
