['budget', 'runtime', 'objective_value', 'flow_caught_optimal', 'flow_caught_fixed_solution', 'flow_impact_area', ['solution']]
[0.2, 20.01748251914978, -0.15270228063909996, 0.0168756833111371, 0.016875684341312938, 0, [[173, 2, (84297.9523559346, 448378.59882813046)]]]
[0.4, 18.76596474647522, -0.1378271832202175, 0.022336142550994132, 0.025369134434852288, 0, [[173, 2, (84297.9523559346, 448378.59882813046)], [181, 2, (84206.12511044319, 448417.32145396847)]]]
[0.6000000000000001, 19.254964351654053, -0.12437453018019584, 0.030829592644467815, 0.03455138695518069, 0, [[173, 2, (84297.9523559346, 448378.59882813046)], [181, 2, (84206.12511044319, 448417.32145396847)], [366, 2, (84560.50398411034, 446806.73360668455)]]]
[0.8, 19.13296413421631, -0.11339149008870077, 0.04001184516430534, 0.04290089954029435, 0, [[173, 2, (84297.9523559346, 448378.59882813046)], [181, 2, (84206.12511044319, 448417.32145396847)], [255, 2, (85097.49577227327, 447300.4242594334)], [366, 2, (84560.50398411034, 446806.73360668455)]]]
[1.0, 20.412961721420288, -0.10412313550363174, 0.04483459258630859, 0.04772364585726753, 0, [[173, 2, (84297.9523559346, 448378.59882813046)], [181, 2, (84206.12511044319, 448417.32145396847)], [255, 2, (85097.49577227327, 447300.4242594334)], [362, 2, (84655.54574251622, 446545.15026566654)], [366, 2, (84560.50398411034, 446806.73360668455)]]]
[1.2, 20.96596074104309, -0.09625152738443186, 0.05212343439924638, 0.05212339657779531, 0, [[106, 2, (84488.119675315, 448263.846577105)], [173, 2, (84297.9523559346, 448378.59882813046)], [181, 2, (84206.12511044319, 448417.32145396847)], [255, 2, (85097.49577227327, 447300.4242594334)], [362, 2, (84655.54574251622, 446545.15026566654)], [366, 2, (84560.50398411034, 446806.73360668455)]]]
[1.4000000000000001, 24.043955326080322, -0.08884773741445175, 0.0573153726531068, 0.05751774890748384, 0, [[106, 2, (84488.119675315, 448263.846577105)], [173, 2, (84297.9523559346, 448378.59882813046)], [181, 2, (84206.12511044319, 448417.32145396847)], [253, 2, (85046.50543201096, 447221.30077484733)], [255, 2, (85097.49577227327, 447300.4242594334)], [362, 2, (84655.54574251622, 446545.15026566654)], [366, 2, (84560.50398411034, 446806.73360668455)]]]
[1.6, 26.85295009613037, -0.08173418688598064, 0.059602114062850736, 0.0607870868374346, 0, [[106, 2, (84488.119675315, 448263.846577105)], [173, 2, (84297.9523559346, 448378.59882813046)], [181, 2, (84206.12511044319, 448417.32145396847)], [253, 2, (85046.50543201096, 447221.30077484733)], [255, 2, (85097.49577227327, 447300.4242594334)], [362, 2, (84655.54574251622, 446545.15026566654)], [366, 2, (84560.50398411034, 446806.73360668455)], [427, 2, (84206.01196170792, 448414.32358850056)]]]
[1.8, 27.167129039764404, -0.07542863989834618, 0.06288284475126482, 0.06512297263899781, 0, [[106, 2, (84488.119675315, 448263.846577105)], [173, 2, (84297.9523559346, 448378.59882813046)], [181, 2, (84206.12511044319, 448417.32145396847)], [194, 2, (83710.01376016246, 448611.67837622075)], [253, 2, (85046.50543201096, 447221.30077484733)], [255, 2, (85097.49577227327, 447300.4242594334)], [362, 2, (84655.54574251622, 446545.15026566654)], [366, 2, (84560.50398411034, 446806.73360668455)], [427, 2, (84206.01196170792, 448414.32358850056)]]]
[2.0, 34.550004720687866, -0.06914306020707557, 0.0680036117295666, 0.06889466590996512, 0, [[106, 2, (84488.119675315, 448263.846577105)], [173, 2, (84297.9523559346, 448378.59882813046)], [181, 2, (84206.12511044319, 448417.32145396847)], [194, 2, (83710.01376016246, 448611.67837622075)], [253, 2, (85046.50543201096, 447221.30077484733)], [255, 2, (85097.49577227327, 447300.4242594334)], [362, 2, (84655.54574251622, 446545.15026566654)], [366, 2, (84560.50398411034, 446806.73360668455)], [40, 2, (84033.22169951578, 447172.49598048395)], [427, 2, (84206.01196170792, 448414.32358850056)]]]
