['budget', 'runtime', 'objective_value', 'flow_caught_optimal', 'flow_caught_fixed_solution', 'flow_impact_area', ['solution']]
[0.2, 19.925962686538696, -0.1359516549038442, 0.024820433359097584, 0.024820433359097588, 0, [[173, 2, (84297.9523559346, 448378.59882813046)]]]
[0.4, 19.63196325302124, -0.11180177686254232, 0.04005725250236977, 0.040057252504549126, 0, [[173, 2, (84297.9523559346, 448378.59882813046)], [366, 2, (84560.50398411034, 446806.73360668455)]]]
[0.6000000000000001, 19.87703537940979, -0.09256783442548022, 0.056125190368902025, 0.056125190368902095, 0, [[173, 2, (84297.9523559346, 448378.59882813046)], [255, 2, (85097.49577227327, 447300.4242594334)], [366, 2, (84560.50398411034, 446806.73360668455)]]]
[0.8, 19.90596342086792, -0.07769662584979009, 0.0698992171348701, 0.06989921713487011, 0, [[106, 2, (84488.119675315, 448263.846577105)], [173, 2, (84297.9523559346, 448378.59882813046)], [255, 2, (85097.49577227327, 447300.4242594334)], [366, 2, (84560.50398411034, 446806.73360668455)]]]
[1.0, 24.232027292251587, -0.065213686417976, 0.07607262412398348, 0.07607254052410004, 0, [[106, 2, (84488.119675315, 448263.846577105)], [173, 2, (84297.9523559346, 448378.59882813046)], [255, 2, (85097.49577227327, 447300.4242594334)], [362, 2, (84655.54574251622, 446545.15026566654)], [366, 2, (84560.50398411034, 446806.73360668455)]]]
[1.2, 25.884952068328857, -0.05342017863078033, 0.07879762838695506, 0.07879761447442962, 0, [[106, 2, (84488.119675315, 448263.846577105)], [173, 2, (84297.9523559346, 448378.59882813046)], [181, 2, (84206.12511044319, 448417.32145396847)], [255, 2, (85097.49577227327, 447300.4242594334)], [362, 2, (84655.54574251622, 446545.15026566654)], [366, 2, (84560.50398411034, 446806.73360668455)]]]
[1.4000000000000001, 73.79686236381531, -0.041776606561757974, 0.08891905858662778, 0.0889187742148058, 0, [[106, 2, (84488.119675315, 448263.846577105)], [173, 2, (84297.9523559346, 448378.59882813046)], [181, 2, (84206.12511044319, 448417.32145396847)], [255, 2, (85097.49577227327, 447300.4242594334)], [362, 2, (84655.54574251622, 446545.15026566654)], [366, 2, (84560.50398411034, 446806.73360668455)], [41, 2, (84081.68229432433, 447206.3665374586)]]]
[1.6, 57.53689241409302, -0.03045776263025811, 0.09470200817373786, 0.09470200817373794, 0, [[106, 2, (84488.119675315, 448263.846577105)], [173, 2, (84297.9523559346, 448378.59882813046)], [181, 2, (84206.12511044319, 448417.32145396847)], [255, 2, (85097.49577227327, 447300.4242594334)], [362, 2, (84655.54574251622, 446545.15026566654)], [366, 2, (84560.50398411034, 446806.73360668455)], [41, 2, (84081.68229432433, 447206.3665374586)], [436, 2, (83707.10564570686, 448610.9415788856)]]]
[1.8, 174.1556751728058, -0.02001086126485061, 0.10093900255606275, 0.10093900255606283, 0, [[106, 2, (84488.119675315, 448263.846577105)], [173, 2, (84297.9523559346, 448378.59882813046)], [181, 2, (84206.12511044319, 448417.32145396847)], [248, 2, (84823.36338789869, 447057.1044207001)], [255, 2, (85097.49577227327, 447300.4242594334)], [362, 2, (84655.54574251622, 446545.15026566654)], [366, 2, (84560.50398411034, 446806.73360668455)], [41, 2, (84081.68229432433, 447206.3665374586)], [436, 2, (83707.10564570686, 448610.9415788856)]]]
[2.0, 93.13882637023926, -0.011893971262363813, 0.10733512470474854, 0.10733495791932955, 0, [[106, 2, (84488.119675315, 448263.846577105)], [173, 2, (84297.9523559346, 448378.59882813046)], [181, 2, (84206.12511044319, 448417.32145396847)], [248, 2, (84823.36338789869, 447057.1044207001)], [255, 2, (85097.49577227327, 447300.4242594334)], [359, 2, (84720.7687067089, 446389.1692030737)], [366, 2, (84560.50398411034, 446806.73360668455)], [41, 2, (84081.68229432433, 447206.3665374586)], [436, 2, (83707.10564570686, 448610.9415788856)], [92, 2, (84680.05450482253, 446494.31391375884)]]]
