['budget', 'runtime', 'objective_value', 'flow_caught_optimal', 'flow_caught_fixed_solution', 'flow_impact_area', ['solution']]
[0.2, 18.871036052703857, -0.13734436024542884, 0.024851469725930813, 0.024851469725930813, 0, [[173, 2, (84297.9523559346, 448378.59882813046)]]]
[0.4, 19.354218006134033, -0.11317964192476904, 0.04009719787709206, 0.04009719790589235, 0, [[173, 2, (84297.9523559346, 448378.59882813046)], [366, 2, (84560.50398411034, 446806.73360668455)]]]
[0.6000000000000001, 19.950053453445435, -0.09394514428150615, 0.056165628372209765, 0.05616562837220774, 0, [[173, 2, (84297.9523559346, 448378.59882813046)], [255, 2, (85097.49577227327, 447300.4242594334)], [366, 2, (84560.50398411034, 446806.73360668455)]]]
[0.8, 19.74903416633606, -0.07906871496774151, 0.06994440919780966, 0.06994440919785842, 0, [[106, 2, (84488.119675315, 448263.846577105)], [173, 2, (84297.9523559346, 448378.59882813046)], [255, 2, (85097.49577227327, 447300.4242594334)], [366, 2, (84560.50398411034, 446806.73360668455)]]]
[1.0, 24.374271869659424, -0.066563795964577, 0.07612635459014856, 0.07612628960298944, 0, [[106, 2, (84488.119675315, 448263.846577105)], [173, 2, (84297.9523559346, 448378.59882813046)], [255, 2, (85097.49577227327, 447300.4242594334)], [362, 2, (84655.54574251622, 446545.15026566654)], [366, 2, (84560.50398411034, 446806.73360668455)]]]
[1.2, 24.217954874038696, -0.054326469414878925, 0.08215945309248825, 0.07885557198262683, 0, [[106, 2, (84488.119675315, 448263.846577105)], [173, 2, (84297.9523559346, 448378.59882813046)], [255, 2, (85097.49577227327, 447300.4242594334)], [362, 2, (84655.54574251622, 446545.15026566654)], [366, 2, (84560.50398411034, 446806.73360668455)], [436, 2, (83707.10564570686, 448610.9415788856)]]]
[1.4000000000000001, 25.28195285797119, -0.042539532673443035, 0.09239915002573962, 0.08909526892315356, 0, [[106, 2, (84488.119675315, 448263.846577105)], [173, 2, (84297.9523559346, 448378.59882813046)], [255, 2, (85097.49577227327, 447300.4242594334)], [362, 2, (84655.54574251622, 446545.15026566654)], [366, 2, (84560.50398411034, 446806.73360668455)], [41, 2, (84081.68229432433, 447206.3665374586)], [436, 2, (83707.10564570686, 448610.9415788856)]]]
[1.6, 69.24694204330444, -0.0311601938102727, 0.09498115918185476, 0.0949694592115399, 0, [[106, 2, (84488.119675315, 448263.846577105)], [173, 2, (84297.9523559346, 448378.59882813046)], [181, 2, (84206.12511044319, 448417.32145396847)], [194, 2, (83710.01376016246, 448611.67837622075)], [255, 2, (85097.49577227327, 447300.4242594334)], [362, 2, (84655.54574251622, 446545.15026566654)], [366, 2, (84560.50398411034, 446806.73360668455)], [41, 2, (84081.68229432433, 447206.3665374586)]]]
[1.8, 139.16374111175537, -0.020712429669581534, 0.10121877283079823, 0.10120659117286201, 0, [[106, 2, (84488.119675315, 448263.846577105)], [173, 2, (84297.9523559346, 448378.59882813046)], [181, 2, (84206.12511044319, 448417.32145396847)], [194, 2, (83710.01376016246, 448611.67837622075)], [248, 2, (84823.36338789869, 447057.1044207001)], [255, 2, (85097.49577227327, 447300.4242594334)], [362, 2, (84655.54574251622, 446545.15026566654)], [366, 2, (84560.50398411034, 446806.73360668455)], [41, 2, (84081.68229432433, 447206.3665374586)]]]
[2.0, 398.7197651863098, -0.012556962705383522, 0.10763738052943068, 0.10762607699245488, 0, [[106, 2, (84488.119675315, 448263.846577105)], [173, 2, (84297.9523559346, 448378.59882813046)], [181, 2, (84206.12511044319, 448417.32145396847)], [194, 2, (83710.01376016246, 448611.67837622075)], [248, 2, (84823.36338789869, 447057.1044207001)], [255, 2, (85097.49577227327, 447300.4242594334)], [359, 2, (84720.7687067089, 446389.1692030737)], [366, 2, (84560.50398411034, 446806.73360668455)], [41, 2, (84081.68229432433, 447206.3665374586)], [92, 2, (84680.05450482253, 446494.31391375884)]]]
