['budget', 'runtime', 'objective_value', 'flow_caught_optimal', 'flow_caught_fixed_solution', 'flow_impact_area', ['solution']]
[0.2, 20.1300311088562, 0.012595816850213484, 0.024794434487601165, 0.024794434487601148, 0.004059539212462561, [[173, 2, (84297.9523559346, 448378.59882813046)]]]
[0.4, 18.7330641746521, 0.030319561393413897, 0.04253777198756931, 0.040023039393419516, 0.004059403531385141, [[173, 2, (84297.9523559346, 448378.59882813046)], [255, 2, (85097.49577227327, 447300.4242594334)]]]
[0.6000000000000001, 19.01303267478943, 0.04406912494973478, 0.05630774222940716, 0.056090523049405816, 0.004059539093224127, [[106, 2, (84488.119675315, 448263.846577105)], [173, 2, (84297.9523559346, 448378.59882813046)], [255, 2, (85097.49577227327, 447300.4242594334)]]]
[0.8, 19.438050031661987, 0.05760228603611989, 0.06986056734117775, 0.06986056734117782, 0.004059427101685948, [[106, 2, (84488.119675315, 448263.846577105)], [173, 2, (84297.9523559346, 448378.59882813046)], [255, 2, (85097.49577227327, 447300.4242594334)], [366, 2, (84560.50398411034, 446806.73360668455)]]]
[1.0, 19.787266731262207, 0.06759057594751217, 0.07986885724555304, 0.07602600172451343, 0.0040594270993469465, [[106, 2, (84488.119675315, 448263.846577105)], [173, 2, (84297.9523559346, 448378.59882813046)], [255, 2, (85097.49577227327, 447300.4242594334)], [366, 2, (84560.50398411034, 446806.73360668455)], [41, 2, (84081.68229432433, 447206.3665374586)]]]
[1.2, 19.8340322971344, 0.07625064522092939, 0.08854891296001055, 0.07874754748905863, 0.004059422580672376, [[106, 2, (84488.119675315, 448263.846577105)], [173, 2, (84297.9523559346, 448378.59882813046)], [255, 2, (85097.49577227327, 447300.4242594334)], [366, 2, (84560.50398411034, 446806.73360668455)], [41, 2, (84081.68229432433, 447206.3665374586)], [94, 2, (84723.53648095099, 446390.32653869694)]]]
[1.4000000000000001, 21.42996048927307, 0.08418024919573514, 0.0904115193934371, 0.0887555548124996, 0.0020304233992339744, [[106, 2, (84488.119675315, 448263.846577105)], [122, 2, (84675.58044362559, 447279.7194968731)], [173, 2, (84297.9523559346, 448378.59882813046)], [255, 2, (85097.49577227327, 447300.4242594334)], [366, 2, (84560.50398411034, 446806.73360668455)], [41, 2, (84081.68229432433, 447206.3665374586)], [94, 2, (84723.53648095099, 446390.32653869694)]]]
[1.6, 20.986536979675293, 0.09069013859018264, 0.09694140878566512, 0.09446098148691895, 0.0020304233994385963, [[106, 2, (84488.119675315, 448263.846577105)], [122, 2, (84675.58044362559, 447279.7194968731)], [173, 2, (84297.9523559346, 448378.59882813046)], [255, 2, (85097.49577227327, 447300.4242594334)], [366, 2, (84560.50398411034, 446806.73360668455)], [41, 2, (84081.68229432433, 447206.3665374586)], [441, 2, (83640.41333651874, 448874.17389416473)], [94, 2, (84723.53648095099, 446390.32653869694)]]]
[1.8, 39.37592673301697, 0.09703934084701749, 0.10331013820630049, 0.10069784902541264, 0.0020302657864276516, [[106, 2, (84488.119675315, 448263.846577105)], [122, 2, (84675.58044362559, 447279.7194968731)], [173, 2, (84297.9523559346, 448378.59882813046)], [248, 2, (84823.36338789869, 447057.1044207001)], [255, 2, (85097.49577227327, 447300.4242594334)], [366, 2, (84560.50398411034, 446806.73360668455)], [41, 2, (84081.68229432433, 447206.3665374586)], [441, 2, (83640.41333651874, 448874.17389416473)], [94, 2, (84723.53648095099, 446390.32653869694)]]]
[2.0, 30.44494342803955, 0.10278100069263639, 0.10907180071446003, 0.10707210708904585, 0.002030266673941194, [[106, 2, (84488.119675315, 448263.846577105)], [122, 2, (84675.58044362559, 447279.7194968731)], [173, 2, (84297.9523559346, 448378.59882813046)], [248, 2, (84823.36338789869, 447057.1044207001)], [255, 2, (85097.49577227327, 447300.4242594334)], [366, 2, (84560.50398411034, 446806.73360668455)], [41, 2, (84081.68229432433, 447206.3665374586)], [441, 2, (83640.41333651874, 448874.17389416473)], [449, 2, (84398.64480959202, 448198.7901836679)], [94, 2, (84723.53648095099, 446390.32653869694)]]]
