['budget', 'runtime', 'objective_value', 'flow_caught_optimal', 'flow_caught_fixed_solution', 'flow_impact_area', ['solution']]
[0.2, 19.373963832855225, -0.5273346546352802, 0.024794434487601155, 0.024794434487601148, 1.1042181782457634, [[173, 2, (84297.9523559346, 448378.59882813046)]]]
[0.4, 19.19996404647827, -0.5055056712442367, 0.04002312418257649, 0.040023039393419516, 1.0909775908536268, [[173, 2, (84297.9523559346, 448378.59882813046)], [366, 2, (84560.50398411034, 446806.73360668455)]]]
[0.6000000000000001, 19.66296362876892, -0.4889465469171223, 0.05609056183537929, 0.056090523049405816, 1.0899542175050028, [[173, 2, (84297.9523559346, 448378.59882813046)], [255, 2, (85097.49577227327, 447300.4242594334)], [366, 2, (84560.50398411034, 446806.73360668455)]]]
[0.8, 19.349963903427124, -0.4744486624451538, 0.06986061694857912, 0.06986056734117782, 1.0884585587874658, [[106, 2, (84488.119675315, 448263.846577105)], [173, 2, (84297.9523559346, 448378.59882813046)], [255, 2, (85097.49577227327, 447300.4242594334)], [366, 2, (84560.50398411034, 446806.73360668455)]]]
[1.0, 19.581132173538208, -0.46377353544834654, 0.07442249930425784, 0.07602600172451343, 1.0761920695052094, [[106, 2, (84488.119675315, 448263.846577105)], [173, 2, (84297.9523559346, 448378.59882813046)], [255, 2, (85097.49577227327, 447300.4242594334)], [366, 2, (84560.50398411034, 446806.73360668455)], [407, 2, (84535.99599837555, 446886.0372700322)]]]
[1.2, 20.69502878189087, -0.4537155300958167, 0.08443050656135034, 0.07874754748905863, 1.076052073314334, [[106, 2, (84488.119675315, 448263.846577105)], [173, 2, (84297.9523559346, 448378.59882813046)], [255, 2, (85097.49577227327, 447300.4242594334)], [366, 2, (84560.50398411034, 446806.73360668455)], [407, 2, (84535.99599837555, 446886.0372700322)], [41, 2, (84081.68229432433, 447206.3665374586)]]]
[1.4000000000000001, 20.879029512405396, -0.4439352166350432, 0.09019810954500768, 0.0887555548124996, 1.0679866523601016, [[106, 2, (84488.119675315, 448263.846577105)], [173, 2, (84297.9523559346, 448378.59882813046)], [255, 2, (85097.49577227327, 447300.4242594334)], [366, 2, (84560.50398411034, 446806.73360668455)], [407, 2, (84535.99599837555, 446886.0372700322)], [41, 2, (84081.68229432433, 447206.3665374586)], [449, 2, (84398.64480959202, 448198.7901836679)]]]
[1.6, 21.78104305267334, -0.434583634130306, 0.09478908999555344, 0.09446098148691895, 1.0584254482517188, [[106, 2, (84488.119675315, 448263.846577105)], [170, 2, (83966.94686466253, 448043.71715937485)], [173, 2, (84297.9523559346, 448378.59882813046)], [255, 2, (85097.49577227327, 447300.4242594334)], [366, 2, (84560.50398411034, 446806.73360668455)], [407, 2, (84535.99599837555, 446886.0372700322)], [41, 2, (84081.68229432433, 447206.3665374586)], [449, 2, (84398.64480959202, 448198.7901836679)]]]
[1.8, 26.93502640724182, -0.4259309599215919, 0.10334652919978653, 0.10069784902541264, 1.0581949786556377, [[106, 2, (84488.119675315, 448263.846577105)], [170, 2, (83966.94686466253, 448043.71715937485)], [173, 2, (84297.9523559346, 448378.59882813046)], [255, 2, (85097.49577227327, 447300.4242594334)], [366, 2, (84560.50398411034, 446806.73360668455)], [407, 2, (84535.99599837555, 446886.0372700322)], [41, 2, (84081.68229432433, 447206.3665374586)], [449, 2, (84398.64480959202, 448198.7901836679)], [94, 2, (84723.53648095099, 446390.32653869694)]]]
[2.0, 33.71801137924194, -0.41870452277717035, 0.10651850478494429, 0.10707210708904585, 1.050046055124229, [[106, 2, (84488.119675315, 448263.846577105)], [170, 2, (83966.94686466253, 448043.71715937485)], [173, 2, (84297.9523559346, 448378.59882813046)], [255, 2, (85097.49577227327, 447300.4242594334)], [366, 2, (84560.50398411034, 446806.73360668455)], [396, 2, (84333.6891844451, 447835.4797542731)], [407, 2, (84535.99599837555, 446886.0372700322)], [41, 2, (84081.68229432433, 447206.3665374586)], [449, 2, (84398.64480959202, 448198.7901836679)], [94, 2, (84723.53648095099, 446390.32653869694)]]]
