['budget', 'runtime', 'objective_value', 'flow_caught_optimal', 'flow_caught_fixed_solution', 'flow_impact_area', ['solution']]
[0.2, 21.87795901298523, -0.9690209578762006, 0.024794434487601155, 0.024794434487601148, 1.1042171026264467, [[173, 2, (84297.9523559346, 448378.59882813046)]]]
[0.4, 26.469950675964355, -0.9418976942943698, 0.04002303939341953, 0.040023039393419516, 1.0909785929864326, [[173, 2, (84297.9523559346, 448378.59882813046)], [366, 2, (84560.50398411034, 446806.73360668455)]]]
[0.6000000000000001, 24.67095398902893, -0.9248803775726313, 0.050118426789710804, 0.056090523049405816, 1.0832653381803803, [[173, 2, (84297.9523559346, 448378.59882813046)], [255, 2, (85097.49577227327, 447300.4242594334)], [407, 2, (84535.99599837555, 446886.0372700322)]]]
[0.8, 26.48595142364502, -0.9093464883364158, 0.06065245501293816, 0.06986056734117782, 1.0776877148326154, [[173, 2, (84297.9523559346, 448378.59882813046)], [255, 2, (85097.49577227327, 447300.4242594334)], [366, 2, (84560.50398411034, 446806.73360668455)], [407, 2, (84535.99599837555, 446886.0372700322)]]]
[1.0, 22.563957929611206, -0.8942503632504253, 0.0744224993042569, 0.07602600172451343, 1.0761920695052034, [[106, 2, (84488.119675315, 448263.846577105)], [173, 2, (84297.9523559346, 448378.59882813046)], [255, 2, (85097.49577227327, 447300.4242594334)], [366, 2, (84560.50398411034, 446806.73360668455)], [407, 2, (84535.99599837555, 446886.0372700322)]]]
[1.2, 36.20593237876892, -0.8810639698815779, 0.07901361985645049, 0.07874754748905863, 1.066619544153365, [[106, 2, (84488.119675315, 448263.846577105)], [170, 2, (83966.94686466253, 448043.71715937485)], [173, 2, (84297.9523559346, 448378.59882813046)], [255, 2, (85097.49577227327, 447300.4242594334)], [366, 2, (84560.50398411034, 446806.73360668455)], [407, 2, (84535.99599837555, 446886.0372700322)]]]
[1.4000000000000001, 20.204962491989136, -0.8680672740222365, 0.08478124160711051, 0.0887555548124996, 1.058565017365941, [[106, 2, (84488.119675315, 448263.846577105)], [170, 2, (83966.94686466253, 448043.71715937485)], [173, 2, (84297.9523559346, 448378.59882813046)], [255, 2, (85097.49577227327, 447300.4242594334)], [366, 2, (84560.50398411034, 446806.73360668455)], [407, 2, (84535.99599837555, 446886.0372700322)], [449, 2, (84398.64480959202, 448198.7901836679)]]]
[1.6, 19.941962480545044, -0.8575855383651593, 0.08795311945269116, 0.09446098148691895, 1.0504207309087215, [[106, 2, (84488.119675315, 448263.846577105)], [170, 2, (83966.94686466253, 448043.71715937485)], [173, 2, (84297.9523559346, 448378.59882813046)], [255, 2, (85097.49577227327, 447300.4242594334)], [366, 2, (84560.50398411034, 446806.73360668455)], [396, 2, (84333.6891844451, 447835.4797542731)], [407, 2, (84535.99599837555, 446886.0372700322)], [449, 2, (84398.64480959202, 448198.7901836679)]]]
[1.8, 21.75495934486389, -0.8474715343933257, 0.09796112685110761, 0.10069784902541264, 1.0502807347160361, [[106, 2, (84488.119675315, 448263.846577105)], [170, 2, (83966.94686466253, 448043.71715937485)], [173, 2, (84297.9523559346, 448378.59882813046)], [255, 2, (85097.49577227327, 447300.4242594334)], [366, 2, (84560.50398411034, 446806.73360668455)], [396, 2, (84333.6891844451, 447835.4797542731)], [407, 2, (84535.99599837555, 446886.0372700322)], [41, 2, (84081.68229432433, 447206.3665374586)], [449, 2, (84398.64480959202, 448198.7901836679)]]]
[2.0, 21.720959186553955, -0.838012531248475, 0.10114127764523077, 0.10707210708904585, 1.0432820098818951, [[106, 2, (84488.119675315, 448263.846577105)], [170, 2, (83966.94686466253, 448043.71715937485)], [173, 2, (84297.9523559346, 448378.59882813046)], [255, 2, (85097.49577227327, 447300.4242594334)], [302, 2, (84263.62580987417, 447397.5099410558)], [366, 2, (84560.50398411034, 446806.73360668455)], [396, 2, (84333.6891844451, 447835.4797542731)], [407, 2, (84535.99599837555, 446886.0372700322)], [41, 2, (84081.68229432433, 447206.3665374586)], [449, 2, (84398.64480959202, 448198.7901836679)]]]
