['budget', 'runtime', 'objective_value', 'flow_caught_optimal', 'flow_caught_fixed_solution', 'flow_impact_area', ['solution']]
[0.2, 19.35595703125, 0.016655356062676045, 0.024794434487601165, 0.024794434487601148, 0.004059539212462561, [[173, 2, (84297.9523559346, 448378.59882813046)]]]
[0.4, 19.45203161239624, 0.034378588411807666, 0.04253765704664203, 0.040023039393419516, 0.004059534317417183, [[173, 2, (84297.9523559346, 448378.59882813046)], [255, 2, (85097.49577227327, 447300.4242594334)]]]
[0.6000000000000001, 18.662057876586914, 0.04812866404295891, 0.05630774222940716, 0.056090523049405816, 0.004059539093224127, [[106, 2, (84488.119675315, 448263.846577105)], [173, 2, (84297.9523559346, 448378.59882813046)], [255, 2, (85097.49577227327, 447300.4242594334)]]]
[0.8, 19.153035163879395, 0.06166171313780524, 0.06986056734117782, 0.06986056734117782, 0.0040594271016862775, [[106, 2, (84488.119675315, 448263.846577105)], [173, 2, (84297.9523559346, 448378.59882813046)], [255, 2, (85097.49577227327, 447300.4242594334)], [366, 2, (84560.50398411034, 446806.73360668455)]]]
[1.0, 19.895052671432495, 0.07165007278926132, 0.07986892698842656, 0.07602600172451343, 0.004059427099582605, [[106, 2, (84488.119675315, 448263.846577105)], [173, 2, (84297.9523559346, 448378.59882813046)], [255, 2, (85097.49577227327, 447300.4242594334)], [366, 2, (84560.50398411034, 446806.73360668455)], [41, 2, (84081.68229432433, 447206.3665374586)]]]
[1.2, 19.688031435012817, 0.08031007376873495, 0.0885489189277975, 0.07874754748905863, 0.004059422580669474, [[106, 2, (84488.119675315, 448263.846577105)], [173, 2, (84297.9523559346, 448378.59882813046)], [255, 2, (85097.49577227327, 447300.4242594334)], [366, 2, (84560.50398411034, 446806.73360668455)], [41, 2, (84081.68229432433, 447206.3665374586)], [94, 2, (84723.53648095099, 446390.32653869694)]]]
[1.4000000000000001, 20.57903265953064, 0.08682020255641962, 0.0950790476665125, 0.0887555548124996, 0.0040594225806778565, [[106, 2, (84488.119675315, 448263.846577105)], [173, 2, (84297.9523559346, 448378.59882813046)], [255, 2, (85097.49577227327, 447300.4242594334)], [366, 2, (84560.50398411034, 446806.73360668455)], [41, 2, (84081.68229432433, 447206.3665374586)], [441, 2, (83640.41333651874, 448874.17389416473)], [94, 2, (84723.53648095099, 446390.32653869694)]]]
[1.6, 24.50504183769226, 0.09316867006345635, 0.10144750793336953, 0.09446098148691895, 0.004059418934956567, [[106, 2, (84488.119675315, 448263.846577105)], [173, 2, (84297.9523559346, 448378.59882813046)], [248, 2, (84823.36338789869, 447057.1044207001)], [255, 2, (85097.49577227327, 447300.4242594334)], [366, 2, (84560.50398411034, 446806.73360668455)], [41, 2, (84081.68229432433, 447206.3665374586)], [441, 2, (83640.41333651874, 448874.17389416473)], [94, 2, (84723.53648095099, 446390.32653869694)]]]
[1.8, 32.93700957298279, 0.09906894220892104, 0.10330978609215584, 0.10069784902541264, 0.002030421941617375, [[106, 2, (84488.119675315, 448263.846577105)], [122, 2, (84675.58044362559, 447279.7194968731)], [173, 2, (84297.9523559346, 448378.59882813046)], [248, 2, (84823.36338789869, 447057.1044207001)], [255, 2, (85097.49577227327, 447300.4242594334)], [366, 2, (84560.50398411034, 446806.73360668455)], [41, 2, (84081.68229432433, 447206.3665374586)], [441, 2, (83640.41333651874, 448874.17389416473)], [94, 2, (84723.53648095099, 446390.32653869694)]]]
[2.0, 68.50195097923279, 0.10481153839636224, 0.10907195299865448, 0.10707210708904585, 0.0020302073011460855, [[106, 2, (84488.119675315, 448263.846577105)], [122, 2, (84675.58044362559, 447279.7194968731)], [173, 2, (84297.9523559346, 448378.59882813046)], [248, 2, (84823.36338789869, 447057.1044207001)], [255, 2, (85097.49577227327, 447300.4242594334)], [366, 2, (84560.50398411034, 446806.73360668455)], [41, 2, (84081.68229432433, 447206.3665374586)], [441, 2, (83640.41333651874, 448874.17389416473)], [449, 2, (84398.64480959202, 448198.7901836679)], [94, 2, (84723.53648095099, 446390.32653869694)]]]
