['budget', 'runtime', 'objective_value', 'flow_caught_optimal', 'flow_caught_fixed_solution', 'flow_impact_area', ['solution']]
[0.2, 19.880396127700806, -0.13236823845118945, 0.02617869316218189, 0.026178693162181865, 0, [[173, 2, (84297.9523559346, 448378.59882813046)]]]
[0.4, 19.715426206588745, -0.10963988521892115, 0.04051974405346203, 0.04051974405346204, 0, [[173, 2, (84297.9523559346, 448378.59882813046)], [366, 2, (84560.50398411034, 446806.73360668455)]]]
[0.6000000000000001, 19.549389600753784, -0.09040525541650087, 0.056588255946809045, 0.05658825594680905, 0, [[173, 2, (84297.9523559346, 448378.59882813046)], [255, 2, (85097.49577227327, 447300.4242594334)], [366, 2, (84560.50398411034, 446806.73360668455)]]]
[0.8, 20.142405033111572, -0.07496191942165509, 0.07089155203123673, 0.07089155203123579, 0, [[106, 2, (84488.119675315, 448263.846577105)], [173, 2, (84297.9523559346, 448378.59882813046)], [255, 2, (85097.49577227327, 447300.4242594334)], [366, 2, (84560.50398411034, 446806.73360668455)]]]
[1.0, 24.87698721885681, -0.06293419728889543, 0.07367258181534761, 0.07661311702770618, 0, [[106, 2, (84488.119675315, 448263.846577105)], [173, 2, (84297.9523559346, 448378.59882813046)], [181, 2, (84206.12511044319, 448417.32145396847)], [255, 2, (85097.49577227327, 447300.4242594334)], [366, 2, (84560.50398411034, 446806.73360668455)]]]
[1.2, 25.984495162963867, -0.05104081474288351, 0.08334779763138134, 0.07939400856987484, 0, [[106, 2, (84488.119675315, 448263.846577105)], [173, 2, (84297.9523559346, 448378.59882813046)], [181, 2, (84206.12511044319, 448417.32145396847)], [255, 2, (85097.49577227327, 447300.4242594334)], [366, 2, (84560.50398411034, 446806.73360668455)], [40, 2, (84033.22169951578, 447172.49598048395)]]]
[1.4000000000000001, 39.90174698829651, -0.039477103959454, 0.08906922299973086, 0.0897145115266958, 0, [[106, 2, (84488.119675315, 448263.846577105)], [173, 2, (84297.9523559346, 448378.59882813046)], [181, 2, (84206.12511044319, 448417.32145396847)], [255, 2, (85097.49577227327, 447300.4242594334)], [362, 2, (84655.54574251622, 446545.15026566654)], [366, 2, (84560.50398411034, 446806.73360668455)], [40, 2, (84033.22169951578, 447172.49598048395)]]]
[1.6, 35.397578954696655, -0.028729028845325202, 0.0946706465821928, 0.09531593510915774, 0, [[106, 2, (84488.119675315, 448263.846577105)], [173, 2, (84297.9523559346, 448378.59882813046)], [181, 2, (84206.12511044319, 448417.32145396847)], [255, 2, (85097.49577227327, 447300.4242594334)], [362, 2, (84655.54574251622, 446545.15026566654)], [366, 2, (84560.50398411034, 446806.73360668455)], [40, 2, (84033.22169951578, 447172.49598048395)], [436, 2, (83707.10564570686, 448610.9415788856)]]]
[1.8, 169.2624683380127, -0.01844321921471954, 0.10081171018072592, 0.10145683242442274, 0, [[106, 2, (84488.119675315, 448263.846577105)], [173, 2, (84297.9523559346, 448378.59882813046)], [181, 2, (84206.12511044319, 448417.32145396847)], [248, 2, (84823.36338789869, 447057.1044207001)], [255, 2, (85097.49577227327, 447300.4242594334)], [362, 2, (84655.54574251622, 446545.15026566654)], [366, 2, (84560.50398411034, 446806.73360668455)], [40, 2, (84033.22169951578, 447172.49598048395)], [436, 2, (83707.10564570686, 448610.9415788856)]]]
[2.0, 228.59754490852356, -0.010515082415939358, 0.10669965637687363, 0.1076578700476924, 0, [[106, 2, (84488.119675315, 448263.846577105)], [173, 2, (84297.9523559346, 448378.59882813046)], [181, 2, (84206.12511044319, 448417.32145396847)], [248, 2, (84823.36338789869, 447057.1044207001)], [255, 2, (85097.49577227327, 447300.4242594334)], [359, 2, (84720.7687067089, 446389.1692030737)], [362, 2, (84655.54574251622, 446545.15026566654)], [366, 2, (84560.50398411034, 446806.73360668455)], [40, 2, (84033.22169951578, 447172.49598048395)], [436, 2, (83707.10564570686, 448610.9415788856)]]]
