['budget', 'runtime', 'objective_value', 'flow_caught_optimal', 'flow_caught_fixed_solution', 'flow_impact_area', ['solution']]
[0.2, 20.339131832122803, -0.13333117484835694, 0.025458731658693796, 0.0254587316586938, 0, [[173, 2, (84297.9523559346, 448378.59882813046)]]]
[0.4, 19.462127447128296, -0.11102161741159006, 0.03953576467777821, 0.039535764677778244, 0, [[173, 2, (84297.9523559346, 448378.59882813046)], [366, 2, (84560.50398411034, 446806.73360668455)]]]
[0.6000000000000001, 19.299140214920044, -0.09176312712212319, 0.05562418879607172, 0.055624188796071755, 0, [[173, 2, (84297.9523559346, 448378.59882813046)], [255, 2, (85097.49577227327, 447300.4242594334)], [366, 2, (84560.50398411034, 446806.73360668455)]]]
[0.8, 19.66812753677368, -0.07642374796889786, 0.06983132674966697, 0.069831326749667, 0, [[106, 2, (84488.119675315, 448263.846577105)], [173, 2, (84297.9523559346, 448378.59882813046)], [255, 2, (85097.49577227327, 447300.4242594334)], [366, 2, (84560.50398411034, 446806.73360668455)]]]
[1.0, 24.551263332366943, -0.06440446846442408, 0.07261030785784113, 0.07535552836301909, 0, [[106, 2, (84488.119675315, 448263.846577105)], [173, 2, (84297.9523559346, 448378.59882813046)], [181, 2, (84206.12511044319, 448417.32145396847)], [255, 2, (85097.49577227327, 447300.4242594334)], [366, 2, (84560.50398411034, 446806.73360668455)]]]
[1.2, 27.765081644058228, -0.05296842008554824, 0.08191412802975837, 0.07813450842313996, 0, [[106, 2, (84488.119675315, 448263.846577105)], [173, 2, (84297.9523559346, 448378.59882813046)], [181, 2, (84206.12511044319, 448417.32145396847)], [255, 2, (85097.49577227327, 447300.4242594334)], [366, 2, (84560.50398411034, 446806.73360668455)], [40, 2, (84033.22169951578, 447172.49598048395)]]]
[1.4000000000000001, 46.97413778305054, -0.04176414160144379, 0.08775283693313671, 0.08805022269008694, 0, [[106, 2, (84488.119675315, 448263.846577105)], [173, 2, (84297.9523559346, 448378.59882813046)], [181, 2, (84206.12511044319, 448417.32145396847)], [255, 2, (85097.49577227327, 447300.4242594334)], [366, 2, (84560.50398411034, 446806.73360668455)], [40, 2, (84033.22169951578, 447172.49598048395)], [436, 2, (83707.10564570686, 448610.9415788856)]]]
[1.6, 84.69824886322021, -0.03059982442494859, 0.09327703852373774, 0.093889004448067, 0, [[106, 2, (84488.119675315, 448263.846577105)], [173, 2, (84297.9523559346, 448378.59882813046)], [181, 2, (84206.12511044319, 448417.32145396847)], [255, 2, (85097.49577227327, 447300.4242594334)], [362, 2, (84655.54574251622, 446545.15026566654)], [366, 2, (84560.50398411034, 446806.73360668455)], [40, 2, (84033.22169951578, 447172.49598048395)], [436, 2, (83707.10564570686, 448610.9415788856)]]]
[1.8, 128.99437713623047, -0.020215689358183988, 0.09947649839038415, 0.10008842540210626, 0, [[106, 2, (84488.119675315, 448263.846577105)], [173, 2, (84297.9523559346, 448378.59882813046)], [181, 2, (84206.12511044319, 448417.32145396847)], [248, 2, (84823.36338789869, 447057.1044207001)], [255, 2, (85097.49577227327, 447300.4242594334)], [362, 2, (84655.54574251622, 446545.15026566654)], [366, 2, (84560.50398411034, 446806.73360668455)], [40, 2, (84033.22169951578, 447172.49598048395)], [436, 2, (83707.10564570686, 448610.9415788856)]]]
[2.0, 414.07197737693787, -0.01257121021553675, 0.10160078155198246, 0.10575643162006924, 0, [[106, 2, (84488.119675315, 448263.846577105)], [173, 2, (84297.9523559346, 448378.59882813046)], [181, 2, (84206.12511044319, 448417.32145396847)], [194, 2, (83710.01376016246, 448611.67837622075)], [247, 2, (84778.73497907624, 447024.26514987065)], [255, 2, (85097.49577227327, 447300.4242594334)], [362, 2, (84655.54574251622, 446545.15026566654)], [366, 2, (84560.50398411034, 446806.73360668455)], [40, 2, (84033.22169951578, 447172.49598048395)], [433, 2, (83835.90860898155, 448438.6443279813)]]]
