['budget', 'runtime', 'objective_value', 'flow_caught_optimal', 'flow_caught_fixed_solution', 'flow_impact_area', ['solution']]
[0.2, 19.65196180343628, -0.13716123145031597, 0.024535184527563824, 0.02453518452756382, 0, [[173, 2, (84297.9523559346, 448378.59882813046)]]]
[0.4, 19.600967407226562, -0.11172712602809039, 0.040581999764033025, 0.04058199976403305, 0, [[173, 2, (84297.9523559346, 448378.59882813046)], [366, 2, (84560.50398411034, 446806.73360668455)]]]
[0.6000000000000001, 19.945966720581055, -0.09313926425063694, 0.05611076616199098, 0.05611076616199094, 0, [[173, 2, (84297.9523559346, 448378.59882813046)], [255, 2, (85097.49577227327, 447300.4242594334)], [366, 2, (84560.50398411034, 446806.73360668455)]]]
[0.8, 21.20796489715576, -0.07852200529647378, 0.06964993346848491, 0.06964972102119181, 0, [[106, 2, (84488.119675315, 448263.846577105)], [173, 2, (84297.9523559346, 448378.59882813046)], [255, 2, (85097.49577227327, 447300.4242594334)], [366, 2, (84560.50398411034, 446806.73360668455)]]]
[1.0, 25.026033878326416, -0.06526074692831392, 0.07620977018519144, 0.07620977022886113, 0, [[106, 2, (84488.119675315, 448263.846577105)], [173, 2, (84297.9523559346, 448378.59882813046)], [255, 2, (85097.49577227327, 447300.4242594334)], [362, 2, (84655.54574251622, 446545.15026566654)], [366, 2, (84560.50398411034, 446806.73360668455)]]]
[1.2, 26.095956802368164, -0.05347197313857168, 0.0800460554719504, 0.07893475935941484, 0, [[106, 2, (84488.119675315, 448263.846577105)], [173, 2, (84297.9523559346, 448378.59882813046)], [255, 2, (85097.49577227327, 447300.4242594334)], [362, 2, (84655.54574251622, 446545.15026566654)], [366, 2, (84560.50398411034, 446806.73360668455)], [433, 2, (83835.90860898155, 448438.6443279813)]]]
[1.4000000000000001, 41.19093155860901, -0.04178873415202933, 0.09020776686506418, 0.08909626880156238, 0, [[106, 2, (84488.119675315, 448263.846577105)], [173, 2, (84297.9523559346, 448378.59882813046)], [255, 2, (85097.49577227327, 447300.4242594334)], [362, 2, (84655.54574251622, 446545.15026566654)], [366, 2, (84560.50398411034, 446806.73360668455)], [41, 2, (84081.68229432433, 447206.3665374586)], [433, 2, (83835.90860898155, 448438.6443279813)]]]
[1.6, 80.76002979278564, -0.0305300805106616, 0.09496525949722635, 0.09496483297013905, 0, [[106, 2, (84488.119675315, 448263.846577105)], [173, 2, (84297.9523559346, 448378.59882813046)], [181, 2, (84206.12511044319, 448417.32145396847)], [255, 2, (85097.49577227327, 447300.4242594334)], [362, 2, (84655.54574251622, 446545.15026566654)], [366, 2, (84560.50398411034, 446806.73360668455)], [41, 2, (84081.68229432433, 447206.3665374586)], [436, 2, (83707.10564570686, 448610.9415788856)]]]
[1.8, 57.10597801208496, -0.019951608682830347, 0.1041667059100788, 0.10118289454499815, 0, [[106, 2, (84488.119675315, 448263.846577105)], [173, 2, (84297.9523559346, 448378.59882813046)], [181, 2, (84206.12511044319, 448417.32145396847)], [248, 2, (84823.36338789869, 447057.1044207001)], [255, 2, (85097.49577227327, 447300.4242594334)], [366, 2, (84560.50398411034, 446806.73360668455)], [41, 2, (84081.68229432433, 447206.3665374586)], [436, 2, (83707.10564570686, 448610.9415788856)], [94, 2, (84723.53648095099, 446390.32653869694)]]]
[2.0, 81.30178785324097, -0.011323048059611976, 0.10808301433191468, 0.10808263229188074, 0, [[106, 2, (84488.119675315, 448263.846577105)], [173, 2, (84297.9523559346, 448378.59882813046)], [181, 2, (84206.12511044319, 448417.32145396847)], [248, 2, (84823.36338789869, 447057.1044207001)], [255, 2, (85097.49577227327, 447300.4242594334)], [359, 2, (84720.7687067089, 446389.1692030737)], [366, 2, (84560.50398411034, 446806.73360668455)], [41, 2, (84081.68229432433, 447206.3665374586)], [436, 2, (83707.10564570686, 448610.9415788856)], [92, 2, (84680.05450482253, 446494.31391375884)]]]
