['budget', 'runtime', 'objective_value', 'flow_caught_optimal', 'flow_caught_fixed_solution', 'flow_impact_area', ['solution']]
[0.2, 20.10399866104126, -0.13606539440549556, 0.02274119762045899, 0.022741197717085358, 0, [[173, 2, (84297.9523559346, 448378.59882813046)]]]
[0.4, 19.738998651504517, -0.11036245317005769, 0.03895765138102926, 0.0389576513810293, 0, [[173, 2, (84297.9523559346, 448378.59882813046)], [366, 2, (84560.50398411034, 446806.73360668455)]]]
[0.6000000000000001, 19.75299906730652, -0.09071573909374421, 0.05537006617165651, 0.055370066171655935, 0, [[173, 2, (84297.9523559346, 448378.59882813046)], [255, 2, (85097.49577227327, 447300.4242594334)], [366, 2, (84560.50398411034, 446806.73360668455)]]]
[0.8, 20.017998695373535, -0.07595008317967063, 0.06904652087793611, 0.06904652087793614, 0, [[106, 2, (84488.119675315, 448263.846577105)], [173, 2, (84297.9523559346, 448378.59882813046)], [255, 2, (85097.49577227327, 447300.4242594334)], [366, 2, (84560.50398411034, 446806.73360668455)]]]
[1.0, 23.516993284225464, -0.06247127241284258, 0.07571390618154925, 0.07571390618155352, 0, [[106, 2, (84488.119675315, 448263.846577105)], [173, 2, (84297.9523559346, 448378.59882813046)], [255, 2, (85097.49577227327, 447300.4242594334)], [362, 2, (84655.54574251622, 446545.15026566654)], [366, 2, (84560.50398411034, 446806.73360668455)]]]
[1.2, 26.36329483985901, -0.049986682532296565, 0.08586927697136541, 0.07823059555190807, 0, [[106, 2, (84488.119675315, 448263.846577105)], [173, 2, (84297.9523559346, 448378.59882813046)], [255, 2, (85097.49577227327, 447300.4242594334)], [362, 2, (84655.54574251622, 446545.15026566654)], [366, 2, (84560.50398411034, 446806.73360668455)], [40, 2, (84033.22169951578, 447172.49598048395)]]]
[1.4000000000000001, 28.501095294952393, -0.038517624071373276, 0.0917715896824557, 0.08891043997217801, 0, [[106, 2, (84488.119675315, 448263.846577105)], [173, 2, (84297.9523559346, 448378.59882813046)], [255, 2, (85097.49577227327, 447300.4242594334)], [362, 2, (84655.54574251622, 446545.15026566654)], [366, 2, (84560.50398411034, 446806.73360668455)], [40, 2, (84033.22169951578, 447172.49598048395)], [436, 2, (83707.10564570686, 448610.9415788856)]]]
[1.6, 43.598060607910156, -0.028060319816345294, 0.0941409862549347, 0.09466553914410059, 0, [[106, 2, (84488.119675315, 448263.846577105)], [173, 2, (84297.9523559346, 448378.59882813046)], [181, 2, (84206.12511044319, 448417.32145396847)], [255, 2, (85097.49577227327, 447300.4242594334)], [362, 2, (84655.54574251622, 446545.15026566654)], [366, 2, (84560.50398411034, 446806.73360668455)], [40, 2, (84033.22169951578, 447172.49598048395)], [436, 2, (83707.10564570686, 448610.9415788856)]]]
[1.8, 124.49398875236511, -0.018129327770242065, 0.09971929788032408, 0.10053854425637954, 0, [[106, 2, (84488.119675315, 448263.846577105)], [173, 2, (84297.9523559346, 448378.59882813046)], [181, 2, (84206.12511044319, 448417.32145396847)], [247, 2, (84778.73497907624, 447024.26514987065)], [255, 2, (85097.49577227327, 447300.4242594334)], [362, 2, (84655.54574251622, 446545.15026566654)], [366, 2, (84560.50398411034, 446806.73360668455)], [40, 2, (84033.22169951578, 447172.49598048395)], [436, 2, (83707.10564570686, 448610.9415788856)]]]
[2.0, 327.6488559246063, -0.01049600497695672, 0.10578249215078989, 0.10660088149536054, 0, [[106, 2, (84488.119675315, 448263.846577105)], [173, 2, (84297.9523559346, 448378.59882813046)], [181, 2, (84206.12511044319, 448417.32145396847)], [247, 2, (84778.73497907624, 447024.26514987065)], [255, 2, (85097.49577227327, 447300.4242594334)], [359, 2, (84720.7687067089, 446389.1692030737)], [366, 2, (84560.50398411034, 446806.73360668455)], [40, 2, (84033.22169951578, 447172.49598048395)], [436, 2, (83707.10564570686, 448610.9415788856)], [92, 2, (84680.05450482253, 446494.31391375884)]]]
