['budget', 'runtime', 'objective_value', 'flow_caught_optimal', 'flow_caught_fixed_solution', 'flow_impact_area', ['solution']]
[0.2, 19.771090745925903, -0.13332422613450895, 0.026037886185297354, 0.026037886185297347, 0, [[173, 2, (84297.9523559346, 448378.59882813046)]]]
[0.4, 19.622095346450806, -0.11084351567078556, 0.04022281775180335, 0.04022281775180337, 0, [[173, 2, (84297.9523559346, 448378.59882813046)], [366, 2, (84560.50398411034, 446806.73360668455)]]]
[0.6000000000000001, 19.623167276382446, -0.09268603418604435, 0.05539242009812871, 0.055392420098128725, 0, [[173, 2, (84297.9523559346, 448378.59882813046)], [255, 2, (85097.49577227327, 447300.4242594334)], [366, 2, (84560.50398411034, 446806.73360668455)]]]
[0.8, 20.310188055038452, -0.0783654048487545, 0.0600264805008782, 0.06786813090734665, 0, [[173, 2, (84297.9523559346, 448378.59882813046)], [181, 2, (84206.12511044319, 448417.32145396847)], [255, 2, (85097.49577227327, 447300.4242594334)], [366, 2, (84560.50398411034, 446806.73360668455)]]]
[1.0, 25.170219659805298, -0.06530663717875315, 0.07138251167847086, 0.0737713536137034, 0, [[173, 2, (84297.9523559346, 448378.59882813046)], [181, 2, (84206.12511044319, 448417.32145396847)], [255, 2, (85097.49577227327, 447300.4242594334)], [366, 2, (84560.50398411034, 446806.73360668455)], [41, 2, (84081.68229432433, 447206.3665374586)]]]
[1.2, 27.08120322227478, -0.05330655428574692, 0.07993959179214818, 0.07663394665504991, 0, [[173, 2, (84297.9523559346, 448378.59882813046)], [181, 2, (84206.12511044319, 448417.32145396847)], [255, 2, (85097.49577227327, 447300.4242594334)], [366, 2, (84560.50398411034, 446806.73360668455)], [41, 2, (84081.68229432433, 447206.3665374586)], [94, 2, (84723.53648095099, 446390.32653869694)]]]
[1.4000000000000001, 24.823120594024658, -0.04177763301836585, 0.09064412479547644, 0.08798997779584408, 0, [[106, 2, (84488.119675315, 448263.846577105)], [173, 2, (84297.9523559346, 448378.59882813046)], [181, 2, (84206.12511044319, 448417.32145396847)], [255, 2, (85097.49577227327, 447300.4242594334)], [366, 2, (84560.50398411034, 446806.73360668455)], [41, 2, (84081.68229432433, 447206.3665374586)], [94, 2, (84723.53648095099, 446390.32653869694)]]]
[1.6, 44.807289600372314, -0.03035679004208451, 0.0965953966488324, 0.09387322349961744, 0, [[106, 2, (84488.119675315, 448263.846577105)], [173, 2, (84297.9523559346, 448378.59882813046)], [181, 2, (84206.12511044319, 448417.32145396847)], [194, 2, (83710.01376016246, 448611.67837622075)], [255, 2, (85097.49577227327, 447300.4242594334)], [366, 2, (84560.50398411034, 446806.73360668455)], [41, 2, (84081.68229432433, 447206.3665374586)], [94, 2, (84723.53648095099, 446390.32653869694)]]]
[1.8, 55.34236407279968, -0.019421054794550308, 0.10273572868822688, 0.10014087569129435, 0, [[106, 2, (84488.119675315, 448263.846577105)], [173, 2, (84297.9523559346, 448378.59882813046)], [181, 2, (84206.12511044319, 448417.32145396847)], [194, 2, (83710.01376016246, 448611.67837622075)], [247, 2, (84778.73497907624, 447024.26514987065)], [255, 2, (85097.49577227327, 447300.4242594334)], [366, 2, (84560.50398411034, 446806.73360668455)], [41, 2, (84081.68229432433, 447206.3665374586)], [94, 2, (84723.53648095099, 446390.32653869694)]]]
[2.0, 527.3996179103851, -0.012080899939663863, 0.10513699134020879, 0.1060775535327261, 0, [[106, 2, (84488.119675315, 448263.846577105)], [173, 2, (84297.9523559346, 448378.59882813046)], [181, 2, (84206.12511044319, 448417.32145396847)], [194, 2, (83710.01376016246, 448611.67837622075)], [247, 2, (84778.73497907624, 447024.26514987065)], [255, 2, (85097.49577227327, 447300.4242594334)], [366, 2, (84560.50398411034, 446806.73360668455)], [433, 2, (83835.90860898155, 448438.6443279813)], [94, 2, (84723.53648095099, 446390.32653869694)]]]
