['budget', 'runtime', 'objective_value', 'flow_caught_optimal', 'flow_caught_fixed_solution', 'flow_impact_area', ['solution']]
[0.2, 20.411222219467163, -0.134684010518679, 0.024643795780160453, 0.024643795780160464, 0, [[173, 2, (84297.9523559346, 448378.59882813046)]]]
[0.4, 19.69921636581421, -0.11054041205725067, 0.039877036291767066, 0.03987703629492506, 0, [[173, 2, (84297.9523559346, 448378.59882813046)], [366, 2, (84560.50398411034, 446806.73360668455)]]]
[0.6000000000000001, 19.6512188911438, -0.0913097946897262, 0.05594221478261345, 0.05594221478261349, 0, [[173, 2, (84297.9523559346, 448378.59882813046)], [255, 2, (85097.49577227327, 447300.4242594334)], [366, 2, (84560.50398411034, 446806.73360668455)]]]
[0.8, 20.078219413757324, -0.07676848359369708, 0.06941115473537392, 0.06941115473537408, 0, [[106, 2, (84488.119675315, 448263.846577105)], [173, 2, (84297.9523559346, 448378.59882813046)], [255, 2, (85097.49577227327, 447300.4242594334)], [366, 2, (84560.50398411034, 446806.73360668455)]]]
[1.0, 24.92018699645996, -0.06427676392920327, 0.07559088556801417, 0.07559088610256551, 0, [[106, 2, (84488.119675315, 448263.846577105)], [173, 2, (84297.9523559346, 448378.59882813046)], [255, 2, (85097.49577227327, 447300.4242594334)], [362, 2, (84655.54574251622, 446545.15026566654)], [366, 2, (84560.50398411034, 446806.73360668455)]]]
[1.2, 27.675275802612305, -0.052557061421146606, 0.07830064660488346, 0.07830064717650641, 0, [[106, 2, (84488.119675315, 448263.846577105)], [173, 2, (84297.9523559346, 448378.59882813046)], [181, 2, (84206.12511044319, 448417.32145396847)], [255, 2, (85097.49577227327, 447300.4242594334)], [362, 2, (84655.54574251622, 446545.15026566654)], [366, 2, (84560.50398411034, 446806.73360668455)]]]
[1.4000000000000001, 58.51650619506836, -0.04135182954537984, 0.08414014698827818, 0.08800434644114717, 0, [[106, 2, (84488.119675315, 448263.846577105)], [173, 2, (84297.9523559346, 448378.59882813046)], [181, 2, (84206.12511044319, 448417.32145396847)], [255, 2, (85097.49577227327, 447300.4242594334)], [362, 2, (84655.54574251622, 446545.15026566654)], [366, 2, (84560.50398411034, 446806.73360668455)], [436, 2, (83707.10564570686, 448610.9415788856)]]]
[1.6, 71.66753220558167, -0.030196056414408035, 0.09384384625291886, 0.0938438462529189, 0, [[106, 2, (84488.119675315, 448263.846577105)], [173, 2, (84297.9523559346, 448378.59882813046)], [181, 2, (84206.12511044319, 448417.32145396847)], [255, 2, (85097.49577227327, 447300.4242594334)], [362, 2, (84655.54574251622, 446545.15026566654)], [366, 2, (84560.50398411034, 446806.73360668455)], [41, 2, (84081.68229432433, 447206.3665374586)], [436, 2, (83707.10564570686, 448610.9415788856)]]]
[1.8, 43.727325201034546, -0.019726013786449836, 0.10279576728745954, 0.1000919530697651, 0, [[106, 2, (84488.119675315, 448263.846577105)], [173, 2, (84297.9523559346, 448378.59882813046)], [181, 2, (84206.12511044319, 448417.32145396847)], [248, 2, (84823.36338789869, 447057.1044207001)], [255, 2, (85097.49577227327, 447300.4242594334)], [366, 2, (84560.50398411034, 446806.73360668455)], [41, 2, (84081.68229432433, 447206.3665374586)], [436, 2, (83707.10564570686, 448610.9415788856)], [94, 2, (84723.53648095099, 446390.32653869694)]]]
[2.0, 78.26253199577332, -0.01175617811640657, 0.10639398128622359, 0.10639364328796355, 0, [[106, 2, (84488.119675315, 448263.846577105)], [173, 2, (84297.9523559346, 448378.59882813046)], [181, 2, (84206.12511044319, 448417.32145396847)], [248, 2, (84823.36338789869, 447057.1044207001)], [255, 2, (85097.49577227327, 447300.4242594334)], [359, 2, (84720.7687067089, 446389.1692030737)], [366, 2, (84560.50398411034, 446806.73360668455)], [41, 2, (84081.68229432433, 447206.3665374586)], [436, 2, (83707.10564570686, 448610.9415788856)], [92, 2, (84680.05450482253, 446494.31391375884)]]]
