['budget', 'runtime', 'objective_value', 'flow_caught_optimal', 'flow_caught_fixed_solution', 'flow_impact_area', ['solution']]
[0.2, 20.27195954322815, -0.16765311839462407, 0.03170077306297019, 0.03170077306297022, 0, [[173, 2, (84297.9523559346, 448378.59882813046)]]]
[0.4, 19.44904398918152, -0.13993567162990384, 0.04918705576596504, 0.04918705576596506, 0, [[173, 2, (84297.9523559346, 448378.59882813046)], [366, 2, (84560.50398411034, 446806.73360668455)]]]
[0.6000000000000001, 19.412037134170532, -0.11583488462011479, 0.06931650810656394, 0.06931650810656399, 0, [[173, 2, (84297.9523559346, 448378.59882813046)], [255, 2, (85097.49577227327, 447300.4242594334)], [366, 2, (84560.50398411034, 446806.73360668455)]]]
[0.8, 20.059964656829834, -0.09241673408427141, 0.08141349152590412, 0.08338543548938604, 0, [[173, 2, (84297.9523559346, 448378.59882813046)], [255, 2, (85097.49577227327, 447300.4242594334)], [366, 2, (84560.50398411034, 446806.73360668455)], [436, 2, (83707.10564570686, 448610.9415788856)]]]
[1.0, 23.57995891571045, -0.074190805989716, 0.08725876171643929, 0.0900580360782279, 0, [[173, 2, (84297.9523559346, 448378.59882813046)], [181, 2, (84206.12511044319, 448417.32145396847)], [255, 2, (85097.49577227327, 447300.4242594334)], [366, 2, (84560.50398411034, 446806.73360668455)], [436, 2, (83707.10564570686, 448610.9415788856)]]]
[1.2, 30.228018522262573, -0.059778090169902584, 0.09676348126728686, 0.09387275988407795, 0, [[173, 2, (84297.9523559346, 448378.59882813046)], [181, 2, (84206.12511044319, 448417.32145396847)], [255, 2, (85097.49577227327, 447300.4242594334)], [366, 2, (84560.50398411034, 446806.73360668455)], [436, 2, (83707.10564570686, 448610.9415788856)], [441, 2, (83640.41333651874, 448874.17389416473)]]]
[1.4000000000000001, 47.478914976119995, -0.0461662681730333, 0.10405777678060855, 0.10466608124464101, 0, [[173, 2, (84297.9523559346, 448378.59882813046)], [181, 2, (84206.12511044319, 448417.32145396847)], [255, 2, (85097.49577227327, 447300.4242594334)], [366, 2, (84560.50398411034, 446806.73360668455)], [436, 2, (83707.10564570686, 448610.9415788856)], [441, 2, (83640.41333651874, 448874.17389416473)], [92, 2, (84680.05450482253, 446494.31391375884)]]]
[1.6, 168.0937738418579, -0.03361552338680155, 0.11571007812100283, 0.11638378991227953, 0, [[106, 2, (84488.119675315, 448263.846577105)], [173, 2, (84297.9523559346, 448378.59882813046)], [181, 2, (84206.12511044319, 448417.32145396847)], [255, 2, (85097.49577227327, 447300.4242594334)], [366, 2, (84560.50398411034, 446806.73360668455)], [436, 2, (83707.10564570686, 448610.9415788856)], [441, 2, (83640.41333651874, 448874.17389416473)], [92, 2, (84680.05450482253, 446494.31391375884)]]]
[1.8, 153.03680205345154, -0.021205125449960165, 0.12650328860077312, 0.1233171107039619, 0, [[106, 2, (84488.119675315, 448263.846577105)], [173, 2, (84297.9523559346, 448378.59882813046)], [181, 2, (84206.12511044319, 448417.32145396847)], [255, 2, (85097.49577227327, 447300.4242594334)], [366, 2, (84560.50398411034, 446806.73360668455)], [41, 2, (84081.68229432433, 447206.3665374586)], [436, 2, (83707.10564570686, 448610.9415788856)], [441, 2, (83640.41333651874, 448874.17389416473)], [92, 2, (84680.05450482253, 446494.31391375884)]]]
[2.0, 385.6094069480896, -0.009437356008600087, 0.13601226453828996, 0.12953393117826584, 0, [[106, 2, (84488.119675315, 448263.846577105)], [173, 2, (84297.9523559346, 448378.59882813046)], [181, 2, (84206.12511044319, 448417.32145396847)], [255, 2, (85097.49577227327, 447300.4242594334)], [366, 2, (84560.50398411034, 446806.73360668455)], [41, 2, (84081.68229432433, 447206.3665374586)], [436, 2, (83707.10564570686, 448610.9415788856)], [441, 2, (83640.41333651874, 448874.17389416473)], [92, 2, (84680.05450482253, 446494.31391375884)], [99, 2, (84958.38042789267, 446114.9160599387)]]]
