['budget', 'runtime', 'objective_value', 'flow_caught_optimal', 'flow_caught_fixed_solution', 'flow_impact_area', ['solution']]
[0.2, 20.394044160842896, -0.13601802500465074, 0.02327469269661877, 0.023274692818028294, 0, [[173, 2, (84297.9523559346, 448378.59882813046)]]]
[0.4, 19.32096791267395, -0.10934259326015795, 0.04010420431708077, 0.04010420431708077, 0, [[173, 2, (84297.9523559346, 448378.59882813046)], [366, 2, (84560.50398411034, 446806.73360668455)]]]
[0.6000000000000001, 19.359967947006226, -0.08993965206690396, 0.054385465029047175, 0.05627208038312202, 0, [[173, 2, (84297.9523559346, 448378.59882813046)], [253, 2, (85046.50543201096, 447221.30077484733)], [366, 2, (84560.50398411034, 446806.73360668455)]]]
[0.8, 20.03196692466736, -0.07370844285289167, 0.06941752908012298, 0.07130414442819225, 0, [[106, 2, (84488.119675315, 448263.846577105)], [173, 2, (84297.9523559346, 448378.59882813046)], [253, 2, (85046.50543201096, 447221.30077484733)], [366, 2, (84560.50398411034, 446806.73360668455)]]]
[1.0, 23.34007978439331, -0.06057804877007017, 0.07593152628271294, 0.07781924807888334, 0, [[106, 2, (84488.119675315, 448263.846577105)], [173, 2, (84297.9523559346, 448378.59882813046)], [253, 2, (85046.50543201096, 447221.30077484733)], [362, 2, (84655.54574251622, 446545.15026566654)], [366, 2, (84560.50398411034, 446806.73360668455)]]]
[1.2, 25.15002942085266, -0.04902920785013873, 0.08187486938490296, 0.08031904612213095, 0, [[106, 2, (84488.119675315, 448263.846577105)], [173, 2, (84297.9523559346, 448378.59882813046)], [194, 2, (83710.01376016246, 448611.67837622075)], [253, 2, (85046.50543201096, 447221.30077484733)], [362, 2, (84655.54574251622, 446545.15026566654)], [366, 2, (84560.50398411034, 446806.73360668455)]]]
[1.4000000000000001, 27.79910182952881, -0.03775244900308219, 0.09010038166325494, 0.08833966737478166, 0, [[106, 2, (84488.119675315, 448263.846577105)], [173, 2, (84297.9523559346, 448378.59882813046)], [194, 2, (83710.01376016246, 448611.67837622075)], [247, 2, (84778.73497907624, 447024.26514987065)], [255, 2, (85097.49577227327, 447300.4242594334)], [362, 2, (84655.54574251622, 446545.15026566654)], [366, 2, (84560.50398411034, 446806.73360668455)]]]
[1.6, 39.41693305969238, -0.02731520188134499, 0.09248111054380766, 0.09387652908206617, 0, [[106, 2, (84488.119675315, 448263.846577105)], [173, 2, (84297.9523559346, 448378.59882813046)], [181, 2, (84206.12511044319, 448417.32145396847)], [194, 2, (83710.01376016246, 448611.67837622075)], [247, 2, (84778.73497907624, 447024.26514987065)], [255, 2, (85097.49577227327, 447300.4242594334)], [362, 2, (84655.54574251622, 446545.15026566654)], [366, 2, (84560.50398411034, 446806.73360668455)]]]
[1.8, 255.31464529037476, -0.018097800125301343, 0.10050189991427327, 0.10057838548883102, 0, [[106, 2, (84488.119675315, 448263.846577105)], [173, 2, (84297.9523559346, 448378.59882813046)], [181, 2, (84206.12511044319, 448417.32145396847)], [194, 2, (83710.01376016246, 448611.67837622075)], [247, 2, (84778.73497907624, 447024.26514987065)], [255, 2, (85097.49577227327, 447300.4242594334)], [362, 2, (84655.54574251622, 446545.15026566654)], [366, 2, (84560.50398411034, 446806.73360668455)], [41, 2, (84081.68229432433, 447206.3665374586)]]]
[2.0, 159.90874600410461, -0.010769674763602183, 0.10522060243504175, 0.10622412480640678, 0, [[106, 2, (84488.119675315, 448263.846577105)], [173, 2, (84297.9523559346, 448378.59882813046)], [181, 2, (84206.12511044319, 448417.32145396847)], [194, 2, (83710.01376016246, 448611.67837622075)], [247, 2, (84778.73497907624, 447024.26514987065)], [253, 2, (85046.50543201096, 447221.30077484733)], [255, 2, (85097.49577227327, 447300.4242594334)], [362, 2, (84655.54574251622, 446545.15026566654)], [366, 2, (84560.50398411034, 446806.73360668455)], [41, 2, (84081.68229432433, 447206.3665374586)]]]
