['budget', 'runtime', 'objective_value', 'flow_caught_optimal', 'flow_caught_fixed_solution', 'flow_impact_area', ['solution']]
[0.2, 19.446309328079224, -0.13472240907381494, 0.024794434487601148, 0.02479443448760114, 0, [[173, 2, (84297.9523559346, 448378.59882813046)]]]
[0.4, 19.595112085342407, -0.11058561251127778, 0.04002303928029845, 0.040023039393417045, 0, [[173, 2, (84297.9523559346, 448378.59882813046)], [366, 2, (84560.50398411034, 446806.73360668455)]]]
[0.6000000000000001, 19.741963624954224, -0.09135272579543123, 0.0560905484958359, 0.05609052303870155, 0, [[173, 2, (84297.9523559346, 448378.59882813046)], [255, 2, (85097.49577227327, 447300.4242594334)], [366, 2, (84560.50398411034, 446806.73360668455)]]]
[0.8, 19.75996446609497, -0.07648594857145176, 0.06986056733047347, 0.06986056733047352, 0, [[106, 2, (84488.119675315, 448263.846577105)], [173, 2, (84297.9523559346, 448378.59882813046)], [255, 2, (85097.49577227327, 447300.4242594334)], [366, 2, (84560.50398411034, 446806.73360668455)]]]
[1.0, 23.55195426940918, -0.06402338933259984, 0.07602600171380901, 0.07602600171380905, 0, [[106, 2, (84488.119675315, 448263.846577105)], [173, 2, (84297.9523559346, 448378.59882813046)], [255, 2, (85097.49577227327, 447300.4242594334)], [362, 2, (84655.54574251622, 446545.15026566654)], [366, 2, (84560.50398411034, 446806.73360668455)]]]
[1.2, 26.570950508117676, -0.05225289528154256, 0.0787475469126109, 0.07874754747835425, 0, [[106, 2, (84488.119675315, 448263.846577105)], [173, 2, (84297.9523559346, 448378.59882813046)], [181, 2, (84206.12511044319, 448417.32145396847)], [255, 2, (85097.49577227327, 447300.4242594334)], [362, 2, (84655.54574251622, 446545.15026566654)], [366, 2, (84560.50398411034, 446806.73360668455)]]]
[1.4000000000000001, 26.476950883865356, -0.04074653269274997, 0.08875564186095476, 0.08875555480179521, 0, [[106, 2, (84488.119675315, 448263.846577105)], [173, 2, (84297.9523559346, 448378.59882813046)], [181, 2, (84206.12511044319, 448417.32145396847)], [255, 2, (85097.49577227327, 447300.4242594334)], [362, 2, (84655.54574251622, 446545.15026566654)], [366, 2, (84560.50398411034, 446806.73360668455)], [41, 2, (84081.68229432433, 447206.3665374586)]]]
[1.6, 60.23589062690735, -0.029798524564422182, 0.09446109529345259, 0.09446098147621457, 0, [[106, 2, (84488.119675315, 448263.846577105)], [173, 2, (84297.9523559346, 448378.59882813046)], [181, 2, (84206.12511044319, 448417.32145396847)], [255, 2, (85097.49577227327, 447300.4242594334)], [362, 2, (84655.54574251622, 446545.15026566654)], [366, 2, (84560.50398411034, 446806.73360668455)], [41, 2, (84081.68229432433, 447206.3665374586)], [436, 2, (83707.10564570686, 448610.9415788856)]]]
[1.8, 44.65791702270508, -0.019351821247723718, 0.10069797819780382, 0.10069784901464812, 0, [[106, 2, (84488.119675315, 448263.846577105)], [173, 2, (84297.9523559346, 448378.59882813046)], [181, 2, (84206.12511044319, 448417.32145396847)], [248, 2, (84823.36338789869, 447057.1044207001)], [255, 2, (85097.49577227327, 447300.4242594334)], [362, 2, (84655.54574251622, 446545.15026566654)], [366, 2, (84560.50398411034, 446806.73360668455)], [41, 2, (84081.68229432433, 447206.3665374586)], [436, 2, (83707.10564570686, 448610.9415788856)]]]
[2.0, 268.5665440559387, -0.011271767414876796, 0.10707225883802562, 0.1070721070782813, 0, [[106, 2, (84488.119675315, 448263.846577105)], [173, 2, (84297.9523559346, 448378.59882813046)], [181, 2, (84206.12511044319, 448417.32145396847)], [248, 2, (84823.36338789869, 447057.1044207001)], [255, 2, (85097.49577227327, 447300.4242594334)], [359, 2, (84720.7687067089, 446389.1692030737)], [366, 2, (84560.50398411034, 446806.73360668455)], [41, 2, (84081.68229432433, 447206.3665374586)], [436, 2, (83707.10564570686, 448610.9415788856)], [92, 2, (84680.05450482253, 446494.31391375884)]]]
