['budget', 'runtime', 'objective_value', 'flow_caught_optimal', 'flow_caught_fixed_solution', 'flow_impact_area', ['solution']]
[0.2, 19.763033151626587, -0.11099165363782652, 0.016276049482202223, 0.0167788170592915, 0, [[181, 2, (84206.12511044319, 448417.32145396847)]]]
[0.4, 20.25326681137085, -0.09025011989207347, 0.028648771300819345, 0.029929524914037494, 0, [[173, 2, (84297.9523559346, 448378.59882813046)], [433, 2, (83835.90860898155, 448438.6443279813)]]]
[0.6000000000000001, 20.46196174621582, -0.07136542227496165, 0.04125243141914679, 0.03863354094175678, 0, [[173, 2, (84297.9523559346, 448378.59882813046)], [433, 2, (83835.90860898155, 448438.6443279813)], [92, 2, (84680.05450482253, 446494.31391375884)]]]
[0.8, 22.72495746612549, -0.0568334560884952, 0.05374736518826968, 0.04763606751864933, 0, [[173, 2, (84297.9523559346, 448378.59882813046)], [366, 2, (84560.50398411034, 446806.73360668455)], [433, 2, (83835.90860898155, 448438.6443279813)], [94, 2, (84723.53648095099, 446390.32653869694)]]]
[1.0, 27.26646137237549, -0.0443466371690103, 0.06224520740265648, 0.05586037064878374, 0, [[173, 2, (84297.9523559346, 448378.59882813046)], [253, 2, (85046.50543201096, 447221.30077484733)], [366, 2, (84560.50398411034, 446806.73360668455)], [433, 2, (83835.90860898155, 448438.6443279813)], [94, 2, (84723.53648095099, 446390.32653869694)]]]
[1.2, 37.96192955970764, -0.032638791848695566, 0.07108486718486964, 0.06071568040166377, 0, [[173, 2, (84297.9523559346, 448378.59882813046)], [253, 2, (85046.50543201096, 447221.30077484733)], [366, 2, (84560.50398411034, 446806.73360668455)], [39, 2, (83984.76110470721, 447138.6254235093)], [433, 2, (83835.90860898155, 448438.6443279813)], [94, 2, (84723.53648095099, 446390.32653869694)]]]
[1.4000000000000001, 47.5929114818573, -0.023084508351963812, 0.07920537252405482, 0.069725826776384, 0, [[173, 2, (84297.9523559346, 448378.59882813046)], [253, 2, (85046.50543201096, 447221.30077484733)], [39, 2, (83984.76110470721, 447138.6254235093)], [405, 2, (84514.4775682969, 446819.97348758427)], [406, 2, (84519.52680965864, 446766.45736599696)], [433, 2, (83835.90860898155, 448438.6443279813)], [94, 2, (84723.53648095099, 446390.32653869694)]]]
[1.6, 328.50438618659973, -0.013666725237720312, 0.08565187682869722, 0.07546773021677802, 0, [[173, 2, (84297.9523559346, 448378.59882813046)], [253, 2, (85046.50543201096, 447221.30077484733)], [39, 2, (83984.76110470721, 447138.6254235093)], [405, 2, (84514.4775682969, 446819.97348758427)], [406, 2, (84519.52680965864, 446766.45736599696)], [433, 2, (83835.90860898155, 448438.6443279813)], [85, 2, (84816.8604799422, 446181.86564214376)], [94, 2, (84723.53648095099, 446390.32653869694)]]]
[1.8, 2462.585912466049, -0.004257528444494029, 0.0943696697294588, 0.08187574452033018, 0, [[106, 2, (84488.119675315, 448263.846577105)], [173, 2, (84297.9523559346, 448378.59882813046)], [253, 2, (85046.50543201096, 447221.30077484733)], [39, 2, (83984.76110470721, 447138.6254235093)], [405, 2, (84514.4775682969, 446819.97348758427)], [406, 2, (84519.52680965864, 446766.45736599696)], [433, 2, (83835.90860898155, 448438.6443279813)], [85, 2, (84816.8604799422, 446181.86564214376)], [94, 2, (84723.53648095099, 446390.32653869694)]]]
