['budget', 'runtime', 'objective_value', 'flow_caught_optimal', 'flow_caught_fixed_solution', 'flow_impact_area', ['solution']]
[0.2, 20.811437368392944, -0.3645866509039094, 0.026254362530768554, 0.02625436253076854, 0, [[173, 2, (84297.9523559346, 448378.59882813046)]]]
[0.4, 22.594321489334106, -0.33278056824568486, 0.049358665946699465, 0.04343732698922029, 0, [[173, 2, (84297.9523559346, 448378.59882813046)], [223, 2, (84857.29351366893, 447518.538789559)]]]
[0.6000000000000001, 21.96204447746277, -0.30370753420391877, 0.06652470888196614, 0.06076608358750264, 0, [[173, 2, (84297.9523559346, 448378.59882813046)], [223, 2, (84857.29351366893, 447518.538789559)], [366, 2, (84560.50398411034, 446806.73360668455)]]]
[0.8, 23.56969428062439, -0.27493059908381984, 0.08725774432141567, 0.0815067538940066, 0, [[106, 2, (84488.119675315, 448263.846577105)], [173, 2, (84297.9523559346, 448378.59882813046)], [223, 2, (84857.29351366893, 447518.538789559)], [366, 2, (84560.50398411034, 446806.73360668455)]]]
[1.0, 25.759954690933228, -0.24925362976438636, 0.10571132034641115, 0.08769851509102677, 0, [[106, 2, (84488.119675315, 448263.846577105)], [173, 2, (84297.9523559346, 448378.59882813046)], [223, 2, (84857.29351366893, 447518.538789559)], [333, 2, (84214.2699983763, 447194.4367648824)], [366, 2, (84560.50398411034, 446806.73360668455)]]]
[1.2, 26.58812403678894, -0.2251291590415415, 0.12378488309757563, 0.0901515855807401, 0, [[106, 2, (84488.119675315, 448263.846577105)], [173, 2, (84297.9523559346, 448378.59882813046)], [223, 2, (84857.29351366893, 447518.538789559)], [302, 2, (84263.62580987417, 447397.5099410558)], [332, 2, (84241.08071984047, 447141.77953383187)], [366, 2, (84560.50398411034, 446806.73360668455)]]]
[1.4000000000000001, 35.936835289001465, -0.2036587731452499, 0.14103877787831576, 0.10200056924458151, 0, [[106, 2, (84488.119675315, 448263.846577105)], [173, 2, (84297.9523559346, 448378.59882813046)], [223, 2, (84857.29351366893, 447518.538789559)], [255, 2, (85097.49577227327, 447300.4242594334)], [302, 2, (84263.62580987417, 447397.5099410558)], [332, 2, (84241.08071984047, 447141.77953383187)], [366, 2, (84560.50398411034, 446806.73360668455)]]]
[1.6, 87.91170763969421, -0.1851754153119307, 0.15246101262542158, 0.10771373903209668, 0, [[106, 2, (84488.119675315, 448263.846577105)], [173, 2, (84297.9523559346, 448378.59882813046)], [223, 2, (84857.29351366893, 447518.538789559)], [236, 2, (84658.36375785933, 447880.89568355284)], [255, 2, (85097.49577227327, 447300.4242594334)], [302, 2, (84263.62580987417, 447397.5099410558)], [332, 2, (84241.08071984047, 447141.77953383187)], [366, 2, (84560.50398411034, 446806.73360668455)]]]
[1.8, 315.9318950176239, -0.16788490560981376, 0.1651296760255188, 0.11472544325372672, 0, [[106, 2, (84488.119675315, 448263.846577105)], [173, 2, (84297.9523559346, 448378.59882813046)], [223, 2, (84857.29351366893, 447518.538789559)], [225, 2, (84992.94793094965, 447456.6923960379)], [236, 2, (84658.36375785933, 447880.89568355284)], [255, 2, (85097.49577227327, 447300.4242594334)], [302, 2, (84263.62580987417, 447397.5099410558)], [332, 2, (84241.08071984047, 447141.77953383187)], [366, 2, (84560.50398411034, 446806.73360668455)]]]
