['budget', 'runtime', 'objective_value', 'flow_caught_optimal', 'flow_caught_fixed_solution', 'flow_impact_area', ['solution']]
[0.2, 19.19496464729309, -0.13734136335424973, 0.02376895297582392, 0.023768952975823907, 0, [[173, 2, (84297.9523559346, 448378.59882813046)]]]
[0.4, 18.83696484565735, -0.11332826110618759, 0.04310406070913729, 0.03679736645271873, 0, [[173, 2, (84297.9523559346, 448378.59882813046)], [255, 2, (85097.49577227327, 447300.4242594334)]]]
[0.6000000000000001, 19.272964000701904, -0.09309697726885542, 0.05471679376509562, 0.05451311459717785, 0, [[173, 2, (84297.9523559346, 448378.59882813046)], [255, 2, (85097.49577227327, 447300.4242594334)], [92, 2, (84680.05450482253, 446494.31391375884)]]]
[0.8, 19.603060960769653, -0.07773612831015736, 0.06895295228861414, 0.0687488664525865, 0, [[106, 2, (84488.119675315, 448263.846577105)], [173, 2, (84297.9523559346, 448378.59882813046)], [255, 2, (85097.49577227327, 447300.4242594334)], [92, 2, (84680.05450482253, 446494.31391375884)]]]
[1.0, 21.116028785705566, -0.06276045542859104, 0.0784224304049325, 0.07573528055115139, 0, [[106, 2, (84488.119675315, 448263.846577105)], [173, 2, (84297.9523559346, 448378.59882813046)], [255, 2, (85097.49577227327, 447300.4242594334)], [366, 2, (84560.50398411034, 446806.73360668455)], [93, 2, (84701.79549288675, 446442.3202262279)]]]
[1.2, 21.54696011543274, -0.050627184737557646, 0.08406580792402768, 0.07874240607349046, 0, [[106, 2, (84488.119675315, 448263.846577105)], [173, 2, (84297.9523559346, 448378.59882813046)], [194, 2, (83710.01376016246, 448611.67837622075)], [255, 2, (85097.49577227327, 447300.4242594334)], [366, 2, (84560.50398411034, 446806.73360668455)], [93, 2, (84701.79549288675, 446442.3202262279)]]]
[1.4000000000000001, 22.77202844619751, -0.039149073555989775, 0.09410260749854259, 0.08877920233250533, 0, [[106, 2, (84488.119675315, 448263.846577105)], [173, 2, (84297.9523559346, 448378.59882813046)], [255, 2, (85097.49577227327, 447300.4242594334)], [366, 2, (84560.50398411034, 446806.73360668455)], [41, 2, (84081.68229432433, 447206.3665374586)], [93, 2, (84701.79549288675, 446442.3202262279)]]]
[1.6, 51.11215901374817, -0.029199959599005135, 0.10126267813356382, 0.09370567202800834, 0, [[106, 2, (84488.119675315, 448263.846577105)], [173, 2, (84297.9523559346, 448378.59882813046)], [194, 2, (83710.01376016246, 448611.67837622075)], [248, 2, (84823.36338789869, 447057.1044207001)], [255, 2, (85097.49577227327, 447300.4242594334)], [366, 2, (84560.50398411034, 446806.73360668455)], [41, 2, (84081.68229432433, 447206.3665374586)], [94, 2, (84723.53648095099, 446390.32653869694)]]]
[1.8, 40.307021617889404, -0.01997035365650036, 0.10411694175070065, 0.09944384552258861, 0, [[106, 2, (84488.119675315, 448263.846577105)], [173, 2, (84297.9523559346, 448378.59882813046)], [181, 2, (84206.12511044319, 448417.32145396847)], [194, 2, (83710.01376016246, 448611.67837622075)], [248, 2, (84823.36338789869, 447057.1044207001)], [255, 2, (85097.49577227327, 447300.4242594334)], [366, 2, (84560.50398411034, 446806.73360668455)], [41, 2, (84081.68229432433, 447206.3665374586)], [94, 2, (84723.53648095099, 446390.32653869694)]]]
[2.0, 62.88695454597473, -0.011360522523427915, 0.10855698893092987, 0.10670825244339475, 0, [[106, 2, (84488.119675315, 448263.846577105)], [173, 2, (84297.9523559346, 448378.59882813046)], [181, 2, (84206.12511044319, 448417.32145396847)], [194, 2, (83710.01376016246, 448611.67837622075)], [248, 2, (84823.36338789869, 447057.1044207001)], [255, 2, (85097.49577227327, 447300.4242594334)], [366, 2, (84560.50398411034, 446806.73360668455)], [41, 2, (84081.68229432433, 447206.3665374586)], [85, 2, (84816.8604799422, 446181.86564214376)], [93, 2, (84701.79549288675, 446442.3202262279)]]]
