['budget', 'runtime', 'objective_value', 'flow_caught_optimal', 'flow_caught_fixed_solution', 'flow_impact_area', ['solution']]
[0.2, 53.48591947555542, 0.032623518104514596, 0.03175543930912333, 0.005244151322697453, 0, [[324, 2, (84282.06684891407, 448394.8680768305)]]]
[0.4, 107.23215293884277, 0.06144905955334862, 0.058845769627776524, 0.029407344281765998, 0, [[324, 2, (84282.06684891407, 448394.8680768305)], [487, 2, (85112.94617719861, 447412.82877855666)]]]
[0.6000000000000001, 160.75396823883057, 0.08062202450561269, 0.07937443736813724, 0.05629509145262182, 0, [[324, 2, (84282.06684891407, 448394.8680768305)], [487, 2, (85112.94617719861, 447412.82877855666)], [716, 2, (84564.4431414947, 446780.2869956071)]]]
[0.8, 213.95464277267456, 0.09372498882585688, 0.09217696011511649, 0.07435474061795413, 0, [[197, 2, (84464.52079721719, 448248.01108346734)], [324, 2, (84282.06684891407, 448394.8680768305)], [487, 2, (85112.94617719861, 447412.82877855666)], [716, 2, (84564.4431414947, 446780.2869956071)]]]
[1.0, 319.98153138160706, 0.1035566568932642, 0.10266892779310352, 0.0842977105748609, 0, [[197, 2, (84464.52079721719, 448248.01108346734)], [324, 2, (84282.06684891407, 448394.8680768305)], [414, 2, (85141.17516866863, 447427.9920012702)], [487, 2, (85112.94617719861, 447412.82877855666)], [716, 2, (84564.4431414947, 446780.2869956071)]]]
[1.2, 425.61042404174805, 0.11374084440975389, 0.11288174742691325, 0.09099946008073123, 0, [[75, 2, (84081.68229432433, 447206.3665374586)], [197, 2, (84464.52079721719, 448248.01108346734)], [324, 2, (84282.06684891407, 448394.8680768305)], [414, 2, (85141.17516866863, 447427.9920012702)], [487, 2, (85112.94617719861, 447412.82877855666)], [716, 2, (84564.4431414947, 446780.2869956071)]]]
[1.4000000000000001, 530.6394925117493, 0.12121554287262062, 0.12058347023356523, 0.0931931773420077, 0, [[75, 2, (84081.68229432433, 447206.3665374586)], [197, 2, (84464.52079721719, 448248.01108346734)], [324, 2, (84282.06684891407, 448394.8680768305)], [414, 2, (85141.17516866863, 447427.9920012702)], [469, 2, (84811.72119429288, 447048.5376543967)], [487, 2, (85112.94617719861, 447412.82877855666)], [716, 2, (84564.4431414947, 446780.2869956071)]]]
[1.6, 638.2506368160248, 0.12875515586038638, 0.12829816399159072, 0.09408048781691061, 0, [[75, 2, (84081.68229432433, 447206.3665374586)], [197, 2, (84464.52079721719, 448248.01108346734)], [324, 2, (84282.06684891407, 448394.8680768305)], [414, 2, (85141.17516866863, 447427.9920012702)], [469, 2, (84811.72119429288, 447048.5376543967)], [487, 2, (85112.94617719861, 447412.82877855666)], [716, 2, (84564.4431414947, 446780.2869956071)], [877, 2, (83641.43937204473, 448870.12416623736)]]]
[1.8, 751.4463727474213, 0.1355794080117934, 0.13522895492510406, 0.09586336179270201, 0, [[75, 2, (84081.68229432433, 447206.3665374586)], [179, 2, (84755.5085222219, 446313.86523350445)], [197, 2, (84464.52079721719, 448248.01108346734)], [324, 2, (84282.06684891407, 448394.8680768305)], [414, 2, (85141.17516866863, 447427.9920012702)], [469, 2, (84811.72119429288, 447048.5376543967)], [487, 2, (85112.94617719861, 447412.82877855666)], [716, 2, (84564.4431414947, 446780.2869956071)], [877, 2, (83641.43937204473, 448870.12416623736)]]]
[2.0, 849.6955299377441, 0.14141593600606805, 0.1411827053463698, 0.10203095927347502, 0, [[75, 2, (84081.68229432433, 447206.3665374586)], [179, 2, (84755.5085222219, 446313.86523350445)], [197, 2, (84464.52079721719, 448248.01108346734)], [324, 2, (84282.06684891407, 448394.8680768305)], [414, 2, (85141.17516866863, 447427.9920012702)], [469, 2, (84811.72119429288, 447048.5376543967)], [483, 2, (85098.40461962183, 447307.0362899701)], [487, 2, (85112.94617719861, 447412.82877855666)], [716, 2, (84564.4431414947, 446780.2869956071)], [877, 2, (83641.43937204473, 448870.12416623736)]]]
