['budget', 'runtime', 'objective_value', 'flow_caught_optimal', 'flow_caught_fixed_solution', 'flow_impact_area', ['solution']]
[0.2, 4.256976127624512, 0.027090218095404683, 0.023973223084566446, 0.010172242963647814, 0, [[106, 2, (84488.119675315, 448263.846577105)]]]
[0.4, 8.694742679595947, 0.043442549133658984, 0.041716446308793426, 0.025400847867705877, 0, [[106, 2, (84488.119675315, 448263.846577105)], [255, 2, (85097.49577227327, 447300.4242594334)]]]
[0.6000000000000001, 12.603284120559692, 0.05699311899141614, 0.05630770204504923, 0.043170792748361775, 0, [[106, 2, (84488.119675315, 448263.846577105)], [173, 2, (84297.9523559346, 448378.59882813046)], [255, 2, (85097.49577227327, 447300.4242594334)]]]
[0.8, 16.797571420669556, 0.07105927945904737, 0.06986056734117779, 0.05569573549453112, 0, [[106, 2, (84488.119675315, 448263.846577105)], [173, 2, (84297.9523559346, 448378.59882813046)], [255, 2, (85097.49577227327, 447300.4242594334)], [366, 2, (84560.50398411034, 446806.73360668455)]]]
[1.0, 25.346168518066406, 0.08077793214785794, 0.0798685747008942, 0.06477627176961599, 0, [[41, 2, (84081.68229432433, 447206.3665374586)], [106, 2, (84488.119675315, 448263.846577105)], [173, 2, (84297.9523559346, 448378.59882813046)], [255, 2, (85097.49577227327, 447300.4242594334)], [366, 2, (84560.50398411034, 446806.73360668455)]]]
[1.2, 33.59712362289429, 0.08930692662594794, 0.08854891161218709, 0.07347677626128762, 0, [[41, 2, (84081.68229432433, 447206.3665374586)], [94, 2, (84723.53648095099, 446390.32653869694)], [106, 2, (84488.119675315, 448263.846577105)], [173, 2, (84297.9523559346, 448378.59882813046)], [255, 2, (85097.49577227327, 447300.4242594334)], [366, 2, (84560.50398411034, 446806.73360668455)]]]
[1.4000000000000001, 42.49931049346924, 0.09549554852432883, 0.09507887684824647, 0.07787623001852324, 0, [[41, 2, (84081.68229432433, 447206.3665374586)], [94, 2, (84723.53648095099, 446390.32653869694)], [106, 2, (84488.119675315, 448263.846577105)], [173, 2, (84297.9523559346, 448378.59882813046)], [255, 2, (85097.49577227327, 447300.4242594334)], [366, 2, (84560.50398411034, 446806.73360668455)], [441, 2, (83640.41333651874, 448874.17389416473)]]]
[1.6, 53.449524879455566, 0.10195926191302848, 0.10144734114155558, 0.08512041119253258, 0, [[41, 2, (84081.68229432433, 447206.3665374586)], [94, 2, (84723.53648095099, 446390.32653869694)], [106, 2, (84488.119675315, 448263.846577105)], [173, 2, (84297.9523559346, 448378.59882813046)], [248, 2, (84823.36338789869, 447057.1044207001)], [255, 2, (85097.49577227327, 447300.4242594334)], [366, 2, (84560.50398411034, 446806.73360668455)], [441, 2, (83640.41333651874, 448874.17389416473)]]]
[1.8, 60.30966782569885, 0.10779600292145457, 0.10720910632018274, 0.08895092983911979, 0, [[41, 2, (84081.68229432433, 447206.3665374586)], [94, 2, (84723.53648095099, 446390.32653869694)], [106, 2, (84488.119675315, 448263.846577105)], [173, 2, (84297.9523559346, 448378.59882813046)], [248, 2, (84823.36338789869, 447057.1044207001)], [255, 2, (85097.49577227327, 447300.4242594334)], [366, 2, (84560.50398411034, 446806.73360668455)], [441, 2, (83640.41333651874, 448874.17389416473)], [449, 2, (84398.64480959202, 448198.7901836679)]]]
[2.0, 67.83254218101501, 0.11273195759999326, 0.11247500843378305, 0.09462245698489657, 0, [[41, 2, (84081.68229432433, 447206.3665374586)], [94, 2, (84723.53648095099, 446390.32653869694)], [99, 2, (84958.38042789267, 446114.9160599387)], [106, 2, (84488.119675315, 448263.846577105)], [173, 2, (84297.9523559346, 448378.59882813046)], [248, 2, (84823.36338789869, 447057.1044207001)], [255, 2, (85097.49577227327, 447300.4242594334)], [366, 2, (84560.50398411034, 446806.73360668455)], [441, 2, (83640.41333651874, 448874.17389416473)], [449, 2, (84398.64480959202, 448198.7901836679)]]]
