['budget', 'runtime', 'objective_value', 'flow_caught_optimal', 'flow_caught_fixed_solution', 'flow_impact_area', ['solution']]
[0.2, 18.68501615524292, 0.02998614004960744, 0.02893395043307432, 0.011194144116077685, 0, [[246, 2, (84287.74024427854, 448389.05763086624)]]]
[0.4, 40.040903091430664, 0.05219044480429541, 0.05054376797451257, 0.030535101732175007, 0, [[246, 2, (84287.74024427854, 448389.05763086624)], [537, 2, (84563.13008903325, 446789.1025326329)]]]
[0.6000000000000001, 54.52610969543457, 0.06661055827642297, 0.06534744668806058, 0.05251149163656826, 0, [[246, 2, (84287.74024427854, 448389.05763086624)], [367, 2, (85096.2233859853, 447291.1674166821)], [537, 2, (84563.13008903325, 446789.1025326329)]]]
[0.8, 72.75736784934998, 0.08009836606173015, 0.07848733432960217, 0.05868568543296271, 0, [[149, 2, (84473.59728879327, 448254.1016579434)], [246, 2, (84287.74024427854, 448389.05763086624)], [367, 2, (85096.2233859853, 447291.1674166821)], [537, 2, (84563.13008903325, 446789.1025326329)]]]
[1.0, 109.0881781578064, 0.09073167739769723, 0.08972151865119855, 0.06894720066106255, 0, [[57, 2, (84097.83582592719, 447217.6567231168)], [149, 2, (84473.59728879327, 448254.1016579434)], [246, 2, (84287.74024427854, 448389.05763086624)], [367, 2, (85096.2233859853, 447291.1674166821)], [537, 2, (84563.13008903325, 446789.1025326329)]]]
[1.2, 153.17591881752014, 0.10054146882944567, 0.0996383082524186, 0.07756364336614852, 0, [[57, 2, (84097.83582592719, 447217.6567231168)], [149, 2, (84473.59728879327, 448254.1016579434)], [246, 2, (84287.74024427854, 448389.05763086624)], [315, 2, (85141.17516866863, 447427.9920012702)], [367, 2, (85096.2233859853, 447291.1674166821)], [537, 2, (84563.13008903325, 446789.1025326329)]]]
[1.4000000000000001, 192.72469878196716, 0.10809148085556644, 0.10758906388490004, 0.08049286730215376, 0, [[57, 2, (84097.83582592719, 447217.6567231168)], [135, 2, (84751.9670038042, 446322.3347934642)], [149, 2, (84473.59728879327, 448254.1016579434)], [246, 2, (84287.74024427854, 448389.05763086624)], [315, 2, (85141.17516866863, 447427.9920012702)], [367, 2, (85096.2233859853, 447291.1674166821)], [537, 2, (84563.13008903325, 446789.1025326329)]]]
[1.6, 268.9331741333008, 0.1150553122175268, 0.11463756440483121, 0.08282687995585722, 0, [[57, 2, (84097.83582592719, 447217.6567231168)], [135, 2, (84751.9670038042, 446322.3347934642)], [149, 2, (84473.59728879327, 448254.1016579434)], [246, 2, (84287.74024427854, 448389.05763086624)], [315, 2, (85141.17516866863, 447427.9920012702)], [367, 2, (85096.2233859853, 447291.1674166821)], [537, 2, (84563.13008903325, 446789.1025326329)], [654, 2, (83645.7487212538, 448853.1153089424)]]]
[1.8, 374.1236934661865, 0.11994627593506764, 0.1195012201541039, 0.0848204318598189, 0, [[57, 2, (84097.83582592719, 447217.6567231168)], [135, 2, (84751.9670038042, 446322.3347934642)], [149, 2, (84473.59728879327, 448254.1016579434)], [246, 2, (84287.74024427854, 448389.05763086624)], [315, 2, (85141.17516866863, 447427.9920012702)], [367, 2, (85096.2233859853, 447291.1674166821)], [537, 2, (84563.13008903325, 446789.1025326329)], [654, 2, (83645.7487212538, 448853.1153089424)], [667, 2, (84413.31225618617, 448209.10055292654)]]]
[2.0, 428.8997006416321, 0.12470703881654809, 0.12443383889277439, 0.09257190219039733, 0, [[57, 2, (84097.83582592719, 447217.6567231168)], [135, 2, (84751.9670038042, 446322.3347934642)], [149, 2, (84473.59728879327, 448254.1016579434)], [213, 2, (84526.8630551493, 446834.84144175047)], [246, 2, (84287.74024427854, 448389.05763086624)], [315, 2, (85141.17516866863, 447427.9920012702)], [367, 2, (85096.2233859853, 447291.1674166821)], [537, 2, (84563.13008903325, 446789.1025326329)], [654, 2, (83645.7487212538, 448853.1153089424)], [667, 2, (84413.31225618617, 448209.10055292654)]]]
