['budget', 'runtime', 'objective_value', 'flow_caught_optimal', 'flow_caught_fixed_solution', 'flow_impact_area', ['solution']]
[0.2, 9.857362270355225, 0.0340980426842876, 0.040218140341513955, 0.04026947904076199, 0, [[19, 2, (238019.2441410983, 583445.5433808594)]]]
[0.4, 9.880045890808105, 0.06576768032782128, 0.0718254784568649, 0.07113728562341548, 0, [[117, 2, (233533.2577633655, 582252.7461273685)], [19, 2, (238019.2441410983, 583445.5433808594)]]]
[0.6000000000000001, 10.145926475524902, 0.08923366784091642, 0.09478434274390102, 0.09195669637527608, 0, [[117, 2, (233533.2577633655, 582252.7461273685)], [20, 2, (238153.94134656095, 583509.7395630613)], [9, 2, (236672.27208647164, 582803.5815588409)]]]
[0.8, 9.846518516540527, 0.10521883902390994, 0.11073377926695636, 0.10575790209011261, 0, [[117, 2, (233533.2577633655, 582252.7461273685)], [20, 2, (238153.94134656095, 583509.7395630613)], [207, 2, (235448.0510862044, 582978.8784909851)], [9, 2, (236672.27208647164, 582803.5815588409)]]]
[1.0, 10.944761991500854, 0.11929474392761419, 0.12470704008757766, 0.11891379223521892, 0, [[117, 2, (233533.2577633655, 582252.7461273685)], [123, 2, (234574.74005884305, 581740.5974384784)], [20, 2, (238153.94134656095, 583509.7395630613)], [207, 2, (235448.0510862044, 582978.8784909851)], [9, 2, (236672.27208647164, 582803.5815588409)]]]
[1.2, 11.19888424873352, 0.1324618644651547, 0.13777884834644047, 0.13420298377087822, 0, [[117, 2, (233533.2577633655, 582252.7461273685)], [123, 2, (234574.74005884305, 581740.5974384784)], [20, 2, (238153.94134656095, 583509.7395630613)], [206, 2, (235364.84353270615, 583090.9732960562)], [383, 2, (235528.8497615405, 582864.9955846866)], [9, 2, (236672.27208647164, 582803.5815588409)]]]
[1.4000000000000001, 11.869463205337524, 0.14560223102270967, 0.1509189986701745, 0.1466088014192005, 0, [[117, 2, (233533.2577633655, 582252.7461273685)], [123, 2, (234574.74005884305, 581740.5974384784)], [141, 2, (233734.15812679892, 581241.6720703929)], [20, 2, (238153.94134656095, 583509.7395630613)], [206, 2, (235364.84353270615, 583090.9732960562)], [383, 2, (235528.8497615405, 582864.9955846866)], [9, 2, (236672.27208647164, 582803.5815588409)]]]
[1.6, 12.856061458587646, 0.1586704867190425, 0.16390874849944082, 0.15693827844682165, 0, [[117, 2, (233533.2577633655, 582252.7461273685)], [123, 2, (234574.74005884305, 581740.5974384784)], [141, 2, (233734.15812679892, 581241.6720703929)], [20, 2, (238153.94134656095, 583509.7395630613)], [206, 2, (235364.84353270615, 583090.9732960562)], [383, 2, (235528.8497615405, 582864.9955846866)], [91, 2, (233299.29474781954, 581641.239661345)], [9, 2, (236672.27208647164, 582803.5815588409)]]]
[1.8, 12.825234651565552, 0.17097833858465755, 0.1762017406125832, 0.16612848972183175, 0, [[117, 2, (233533.2577633655, 582252.7461273685)], [123, 2, (234574.74005884305, 581740.5974384784)], [141, 2, (233734.15812679892, 581241.6720703929)], [20, 2, (238153.94134656095, 583509.7395630613)], [206, 2, (235364.84353270615, 583090.9732960562)], [314, 2, (234075.76854246733, 582167.7450781688)], [383, 2, (235528.8497615405, 582864.9955846866)], [91, 2, (233299.29474781954, 581641.239661345)], [9, 2, (236672.27208647164, 582803.5815588409)]]]
[2.0, 15.007823467254639, 0.18299351741445333, 0.1882031576414815, 0.17756061758176314, 0, [[117, 2, (233533.2577633655, 582252.7461273685)], [123, 2, (234574.74005884305, 581740.5974384784)], [141, 2, (233734.15812679892, 581241.6720703929)], [187, 2, (234363.10452984483, 583980.5695806412)], [20, 2, (238153.94134656095, 583509.7395630613)], [206, 2, (235364.84353270615, 583090.9732960562)], [314, 2, (234075.76854246733, 582167.7450781688)], [383, 2, (235528.8497615405, 582864.9955846866)], [91, 2, (233299.29474781954, 581641.239661345)], [9, 2, (236672.27208647164, 582803.5815588409)]]]
