['budget', 'runtime', 'objective_value', 'flow_caught_optimal', 'flow_caught_fixed_solution', 'flow_impact_area', ['solution']]
[0.2, 14.734864234924316, 0.040907530238600526, 0.046956992071320494, 0.04695699207132003, 0, [[23, 2, (238093.55984066386, 583480.9619641433)]]]
[0.4, 14.650741338729858, 0.08076770840181895, 0.08673400201905784, 0.08631579310022865, 0, [[135, 2, (233577.28364842452, 582276.353150231)], [23, 2, (238093.55984066386, 583480.9619641433)]]]
[0.6000000000000001, 14.496288061141968, 0.10122086403479166, 0.10653222251113048, 0.10611416536657348, 0, [[11, 2, (236755.87724848295, 582843.4274650352)], [135, 2, (233577.28364842452, 582276.353150231)], [23, 2, (238093.55984066386, 583480.9619641433)]]]
[0.8, 15.915933609008789, 0.11853394060868085, 0.12378287859659502, 0.12047940646542876, 0, [[11, 2, (236755.87724848295, 582843.4274650352)], [135, 2, (233577.28364842452, 582276.353150231)], [23, 2, (238093.55984066386, 583480.9619641433)], [241, 2, (235441.65050516606, 582987.5011682983)]]]
[1.0, 18.074101448059082, 0.13378761098875477, 0.1389456579454588, 0.1321993747961961, 0, [[105, 2, (233299.29474781954, 581641.239661345)], [11, 2, (236755.87724848295, 582843.4274650352)], [135, 2, (233577.28364842452, 582276.353150231)], [23, 2, (238093.55984066386, 583480.9619641433)], [241, 2, (235441.65050516606, 582987.5011682983)]]]
[1.2, 17.718406200408936, 0.14826340499889737, 0.153298816871955, 0.1457127926696234, 0, [[105, 2, (233299.29474781954, 581641.239661345)], [11, 2, (236755.87724848295, 582843.4274650352)], [135, 2, (233577.28364842452, 582276.353150231)], [148, 2, (235080.252054059, 582006.7023897035)], [23, 2, (238093.55984066386, 583480.9619641433)], [241, 2, (235441.65050516606, 582987.5011682983)]]]
[1.4000000000000001, 17.784093856811523, 0.16151146009693082, 0.16646509120924816, 0.1604580823307501, 0, [[105, 2, (233299.29474781954, 581641.239661345)], [11, 2, (236755.87724848295, 582843.4274650352)], [135, 2, (233577.28364842452, 582276.353150231)], [148, 2, (235080.252054059, 582006.7023897035)], [23, 2, (238093.55984066386, 583480.9619641433)], [241, 2, (235441.65050516606, 582987.5011682983)], [343, 2, (232889.7608647588, 582023.2754695513)]]]
[1.6, 21.454230785369873, 0.1732115765930885, 0.17816792057615977, 0.1704331986187095, 0, [[105, 2, (233299.29474781954, 581641.239661345)], [11, 2, (236755.87724848295, 582843.4274650352)], [135, 2, (233577.28364842452, 582276.353150231)], [148, 2, (235080.252054059, 582006.7023897035)], [163, 2, (233734.15812679892, 581241.6720703929)], [23, 2, (238093.55984066386, 583480.9619641433)], [241, 2, (235441.65050516606, 582987.5011682983)], [343, 2, (232889.7608647588, 582023.2754695513)]]]
[1.8, 27.365646839141846, 0.1836511145017931, 0.18859153558604516, 0.17945041624823072, 0, [[105, 2, (233299.29474781954, 581641.239661345)], [11, 2, (236755.87724848295, 582843.4274650352)], [135, 2, (233577.28364842452, 582276.353150231)], [148, 2, (235080.252054059, 582006.7023897035)], [163, 2, (233734.15812679892, 581241.6720703929)], [23, 2, (238093.55984066386, 583480.9619641433)], [241, 2, (235441.65050516606, 582987.5011682983)], [343, 2, (232889.7608647588, 582023.2754695513)], [433, 2, (234525.63122744908, 583885.7999830964)]]]
[2.0, 28.469059467315674, 0.19392187613316333, 0.19882797661329288, 0.1892344717905047, 0, [[105, 2, (233299.29474781954, 581641.239661345)], [11, 2, (236755.87724848295, 582843.4274650352)], [135, 2, (233577.28364842452, 582276.353150231)], [148, 2, (235080.252054059, 582006.7023897035)], [163, 2, (233734.15812679892, 581241.6720703929)], [23, 2, (238093.55984066386, 583480.9619641433)], [241, 2, (235441.65050516606, 582987.5011682983)], [343, 2, (232889.7608647588, 582023.2754695513)], [433, 2, (234525.63122744908, 583885.7999830964)], [452, 2, (235580.0544098471, 582796.0141661813)]]]
