[[238093.55984066386, 583480.9619641433]]
[[233467.21893577694, 582217.3355930748], [238093.55984066386, 583480.9619641433]]
[[236755.87724848295, 582843.4274650352], [233467.21893577694, 582217.3355930748], [238093.55984066386, 583480.9619641433]]
[[236755.87724848295, 582843.4274650352], [233467.21893577694, 582217.3355930748], [235080.252054059, 582006.7023897035], [238093.55984066386, 583480.9619641433]]
[[236755.87724848295, 582843.4274650352], [233467.21893577694, 582217.3355930748], [235080.252054059, 582006.7023897035], [233734.15812679892, 581241.6720703929], [238093.55984066386, 583480.9619641433]]
[[236755.87724848295, 582843.4274650352], [233467.21893577694, 582217.3355930748], [235080.252054059, 582006.7023897035], [233734.15812679892, 581241.6720703929], [238093.55984066386, 583480.9619641433], [235371.24411374447, 583082.350618743]]
[[233299.29474781954, 581641.239661345], [236755.87724848295, 582843.4274650352], [233467.21893577694, 582217.3355930748], [235080.252054059, 582006.7023897035], [233734.15812679892, 581241.6720703929], [238093.55984066386, 583480.9619641433], [235371.24411374447, 583082.350618743]]
[[233299.29474781954, 581641.239661345], [236755.87724848295, 582843.4274650352], [233467.21893577694, 582217.3355930748], [235080.252054059, 582006.7023897035], [233734.15812679892, 581241.6720703929], [238093.55984066386, 583480.9619641433], [235371.24411374447, 583082.350618743], [238316.50693936067, 583587.2177139947]]
[[233299.29474781954, 581641.239661345], [236755.87724848295, 582843.4274650352], [233467.21893577694, 582217.3355930748], [235080.252054059, 582006.7023897035], [233734.15812679892, 581241.6720703929], [234594.3467739826, 581555.5635857269], [238093.55984066386, 583480.9619641433], [235371.24411374447, 583082.350618743], [238316.50693936067, 583587.2177139947]]
[[233299.29474781954, 581641.239661345], [236755.87724848295, 582843.4274650352], [233467.21893577694, 582217.3355930748], [234064.38562547677, 582195.4324637098], [235080.252054059, 582006.7023897035], [233734.15812679892, 581241.6720703929], [234594.3467739826, 581555.5635857269], [238093.55984066386, 583480.9619641433], [235371.24411374447, 583082.350618743], [238316.50693936067, 583587.2177139947]]
