['budget', 'runtime', 'objective_value', 'flow_caught_optimal', 'flow_caught_fixed_solution', 'flow_impact_area', ['solution']]
[0.2, 34.42294764518738, 0.043548231298564714, 0.05084500975100714, 0.05084500975101024, 0, [[28, 2, (238109.0422780733, 583488.3408356609)]]]
[0.4, 33.427024126052856, 0.08484736762728848, 0.09203268936968984, 0.09203269028796966, 0, [[164, 2, (233467.21893577688, 582217.3355930748)], [28, 2, (238109.0422780733, 583488.3408356609)]]]
[0.6000000000000001, 34.000935792922974, 0.10384259699412705, 0.11025546235550306, 0.11025544971796854, 0, [[13, 2, (236762.07022344664, 582846.3790136424)], [164, 2, (233467.21893577688, 582217.3355930748)], [28, 2, (238109.0422780733, 583488.3408356609)]]]
[0.8, 35.74100303649902, 0.11866474494500298, 0.12494753184410776, 0.12494753184410778, 0, [[13, 2, (236762.07022344664, 582846.3790136424)], [164, 2, (233467.21893577688, 582217.3355930748)], [182, 2, (235122.3780536604, 582028.8778023054)], [28, 2, (238109.0422780733, 583488.3408356609)]]]
[1.0, 38.71092891693115, 0.1311887974397357, 0.13746026862489724, 0.13746026779591908, 0, [[13, 2, (236762.07022344664, 582846.3790136424)], [164, 2, (233467.21893577688, 582217.3355930748)], [182, 2, (235122.3780536604, 582028.8778023054)], [200, 2, (233693.9189378676, 581240.2863781998)], [28, 2, (238109.0422780733, 583488.3408356609)]]]
[1.2, 39.819926023483276, 0.14349650845136191, 0.14965839826017951, 0.14965839814205079, 0, [[13, 2, (236762.07022344664, 582846.3790136424)], [164, 2, (233467.21893577688, 582217.3355930748)], [182, 2, (235122.3780536604, 582028.8778023054)], [200, 2, (233693.9189378676, 581240.2863781998)], [28, 2, (238109.0422780733, 583488.3408356609)], [295, 2, (235349.24211642522, 583111.991072007)]]]
[1.4000000000000001, 41.91392183303833, 0.1553159399975733, 0.16101458811047925, 0.16126618488316616, 0, [[13, 2, (236762.07022344664, 582846.3790136424)], [164, 2, (233467.21893577688, 582217.3355930748)], [182, 2, (235122.3780536604, 582028.8778023054)], [200, 2, (233693.9189378676, 581240.2863781998)], [28, 2, (238109.0422780733, 583488.3408356609)], [295, 2, (235349.24211642522, 583111.991072007)], [423, 2, (233240.02703484177, 581906.103763004)]]]
[1.6, 42.73092031478882, 0.16591128487346715, 0.17160128550384215, 0.17185268721712915, 0, [[13, 2, (236762.07022344664, 582846.3790136424)], [164, 2, (233467.21893577688, 582217.3355930748)], [182, 2, (235122.3780536604, 582028.8778023054)], [200, 2, (233693.9189378676, 581240.2863781998)], [28, 2, (238109.0422780733, 583488.3408356609)], [295, 2, (235349.24211642522, 583111.991072007)], [30, 2, (238288.6385520235, 583573.9357452634)], [423, 2, (233240.02703484177, 581906.103763004)]]]
[1.8, 80.72307658195496, 0.17597908373111407, 0.1816609106326335, 0.1817367356393456, 0, [[13, 2, (236762.07022344664, 582846.3790136424)], [164, 2, (233467.21893577688, 582217.3355930748)], [168, 2, (234055.0327632433, 582212.9486916829)], [182, 2, (235122.3780536604, 582028.8778023054)], [200, 2, (233693.9189378676, 581240.2863781998)], [28, 2, (238109.0422780733, 583488.3408356609)], [295, 2, (235349.24211642522, 583111.991072007)], [30, 2, (238288.6385520235, 583573.9357452634)], [423, 2, (233240.02703484177, 581906.103763004)]]]
[2.0, 234.86963176727295, 0.1858809441138788, 0.19154179926824452, 0.1917945102832414, 0, [[13, 2, (236762.07022344664, 582846.3790136424)], [164, 2, (233467.21893577688, 582217.3355930748)], [168, 2, (234055.0327632433, 582212.9486916829)], [182, 2, (235122.3780536604, 582028.8778023054)], [200, 2, (233693.9189378676, 581240.2863781998)], [206, 2, (234594.3467739826, 581555.5635857269)], [28, 2, (238109.0422780733, 583488.3408356609)], [295, 2, (235349.24211642522, 583111.991072007)], [30, 2, (238288.6385520235, 583573.9357452634)], [423, 2, (233240.02703484177, 581906.103763004)]]]
