['budget', 'runtime', 'objective_value', 'flow_caught_optimal', 'flow_caught_fixed_solution', 'flow_impact_area', ['solution']]
[0.2, 33.96898818016052, 0.04503237964721488, 0.05239504361840849, 0.052395043618408785, 0, [[28, 2, (238109.0422780733, 583488.3408356609)]]]
[0.4, 33.56193947792053, 0.08521541896298097, 0.09247017724859008, 0.09247017734283003, 0, [[164, 2, (233467.21893577688, 582217.3355930748)], [28, 2, (238109.0422780733, 583488.3408356609)]]]
[0.6000000000000001, 34.63593578338623, 0.10600786305423603, 0.11241526564763535, 0.11241526564763553, 0, [[13, 2, (236762.07022344664, 582846.3790136424)], [164, 2, (233467.21893577688, 582217.3355930748)], [28, 2, (238109.0422780733, 583488.3408356609)]]]
[0.8, 35.7009334564209, 0.12003644106000705, 0.1263217894541645, 0.1263217894541661, 0, [[13, 2, (236762.07022344664, 582846.3790136424)], [164, 2, (233467.21893577688, 582217.3355930748)], [182, 2, (235122.3780536604, 582028.8778023054)], [28, 2, (238109.0422780733, 583488.3408356609)]]]
[1.0, 39.28889012336731, 0.13381619486923216, 0.14004407084597756, 0.13681527580031272, 0, [[13, 2, (236762.07022344664, 582846.3790136424)], [164, 2, (233467.21893577688, 582217.3355930748)], [182, 2, (235122.3780536604, 582028.8778023054)], [28, 2, (238109.0422780733, 583488.3408356609)], [296, 2, (235406.44730945525, 583034.9258935207)]]]
[1.2, 38.590008020401, 0.1461705839576583, 0.15229223869485073, 0.15021575211465177, 0, [[128, 2, (233299.82552465884, 581616.1674684337)], [13, 2, (236762.07022344664, 582846.3790136424)], [164, 2, (233467.21893577688, 582217.3355930748)], [182, 2, (235122.3780536604, 582028.8778023054)], [28, 2, (238109.0422780733, 583488.3408356609)], [296, 2, (235406.44730945525, 583034.9258935207)]]]
[1.4000000000000001, 43.4320113658905, 0.15699632233042232, 0.16309318807810505, 0.16242072445497013, 0, [[128, 2, (233299.82552465884, 581616.1674684337)], [13, 2, (236762.07022344664, 582846.3790136424)], [164, 2, (233467.21893577688, 582217.3355930748)], [182, 2, (235122.3780536604, 582028.8778023054)], [206, 2, (234594.3467739826, 581555.5635857269)], [28, 2, (238109.0422780733, 583488.3408356609)], [296, 2, (235406.44730945525, 583034.9258935207)]]]
[1.6, 51.8349027633667, 0.16764669515545413, 0.17373476505419255, 0.17306252124779148, 0, [[128, 2, (233299.82552465884, 581616.1674684337)], [13, 2, (236762.07022344664, 582846.3790136424)], [164, 2, (233467.21893577688, 582217.3355930748)], [182, 2, (235122.3780536604, 582028.8778023054)], [206, 2, (234594.3467739826, 581555.5635857269)], [28, 2, (238109.0422780733, 583488.3408356609)], [296, 2, (235406.44730945525, 583034.9258935207)], [30, 2, (238288.6385520235, 583573.9357452634)]]]
[1.8, 81.8388500213623, 0.17809639607367983, 0.18417834353607113, 0.18385662839971184, 0, [[128, 2, (233299.82552465884, 581616.1674684337)], [13, 2, (236762.07022344664, 582846.3790136424)], [164, 2, (233467.21893577688, 582217.3355930748)], [182, 2, (235122.3780536604, 582028.8778023054)], [200, 2, (233693.9189378676, 581240.2863781998)], [206, 2, (234594.3467739826, 581555.5635857269)], [28, 2, (238109.0422780733, 583488.3408356609)], [296, 2, (235406.44730945525, 583034.9258935207)], [30, 2, (238288.6385520235, 583573.9357452634)]]]
[2.0, 87.63290691375732, 0.18815391760667968, 0.1942245927189247, 0.19174904180445, 0, [[128, 2, (233299.82552465884, 581616.1674684337)], [13, 2, (236762.07022344664, 582846.3790136424)], [148, 2, (234015.98543759985, 582922.938161024)], [164, 2, (233467.21893577688, 582217.3355930748)], [182, 2, (235122.3780536604, 582028.8778023054)], [200, 2, (233693.9189378676, 581240.2863781998)], [206, 2, (234594.3467739826, 581555.5635857269)], [28, 2, (238109.0422780733, 583488.3408356609)], [296, 2, (235406.44730945525, 583034.9258935207)], [30, 2, (238288.6385520235, 583573.9357452634)]]]
