['budget', 'runtime', 'objective_value', 'flow_caught_optimal', 'flow_caught_fixed_solution', 'flow_impact_area', ['solution']]
[0.2, 37.11800241470337, 0.04412014527295578, 0.051347897240767444, 0.05134789724076868, 0, [[28, 2, (238109.0422780733, 583488.3408356609)]]]
[0.4, 35.967002868652344, 0.08153427089530076, 0.08866292616966322, 0.08866291577998583, 0, [[164, 2, (233467.21893577688, 582217.3355930748)], [28, 2, (238109.0422780733, 583488.3408356609)]]]
[0.6000000000000001, 35.75293493270874, 0.10127730318063406, 0.10760233703244411, 0.10760233108603443, 0, [[13, 2, (236762.07022344664, 582846.3790136424)], [164, 2, (233467.21893577688, 582217.3355930748)], [28, 2, (238109.0422780733, 583488.3408356609)]]]
[0.8, 40.626373529434204, 0.11544017278908772, 0.12164179449031262, 0.12164179244652171, 0, [[13, 2, (236762.07022344664, 582846.3790136424)], [164, 2, (233467.21893577688, 582217.3355930748)], [182, 2, (235122.3780536604, 582028.8778023054)], [28, 2, (238109.0422780733, 583488.3408356609)]]]
[1.0, 41.96592855453491, 0.12779773916631557, 0.13388924866332236, 0.13274452806525783, 0, [[13, 2, (236762.07022344664, 582846.3790136424)], [164, 2, (233467.21893577688, 582217.3355930748)], [182, 2, (235122.3780536604, 582028.8778023054)], [28, 2, (238109.0422780733, 583488.3408356609)], [295, 2, (235349.24211642522, 583111.991072007)]]]
[1.2, 40.84215021133423, 0.1395740248813495, 0.14556521699557023, 0.14499173792036568, 0, [[128, 2, (233299.82552465884, 581616.1674684337)], [13, 2, (236762.07022344664, 582846.3790136424)], [164, 2, (233467.21893577688, 582217.3355930748)], [182, 2, (235122.3780536604, 582028.8778023054)], [28, 2, (238109.0422780733, 583488.3408356609)], [295, 2, (235349.24211642522, 583111.991072007)]]]
[1.4000000000000001, 43.22293734550476, 0.15064301987685397, 0.15662654493274517, 0.15662623917838164, 0, [[128, 2, (233299.82552465884, 581616.1674684337)], [13, 2, (236762.07022344664, 582846.3790136424)], [164, 2, (233467.21893577688, 582217.3355930748)], [182, 2, (235122.3780536604, 582028.8778023054)], [200, 2, (233693.9189378676, 581240.2863781998)], [28, 2, (238109.0422780733, 583488.3408356609)], [295, 2, (235349.24211642522, 583111.991072007)]]]
[1.6, 47.51393938064575, 0.1616928631935533, 0.167665473793522, 0.16764747197238708, 0, [[128, 2, (233299.82552465884, 581616.1674684337)], [13, 2, (236762.07022344664, 582846.3790136424)], [164, 2, (233467.21893577688, 582217.3355930748)], [168, 2, (234055.0327632433, 582212.9486916829)], [182, 2, (235122.3780536604, 582028.8778023054)], [200, 2, (233693.9189378676, 581240.2863781998)], [295, 2, (235349.24211642522, 583111.991072007)]]]
[1.8, 66.50387620925903, 0.17272347377675737, 0.17868626231086013, 0.1780067957919233, 0, [[128, 2, (233299.82552465884, 581616.1674684337)], [13, 2, (236762.07022344664, 582846.3790136424)], [164, 2, (233467.21893577688, 582217.3355930748)], [168, 2, (234055.0327632433, 582212.9486916829)], [182, 2, (235122.3780536604, 582028.8778023054)], [200, 2, (233693.9189378676, 581240.2863781998)], [28, 2, (238109.0422780733, 583488.3408356609)], [295, 2, (235349.24211642522, 583111.991072007)], [30, 2, (238288.6385520235, 583573.9357452634)]]]
[2.0, 60.41088557243347, 0.18310145846040757, 0.18904130780592507, 0.1890409958541677, 0, [[128, 2, (233299.82552465884, 581616.1674684337)], [13, 2, (236762.07022344664, 582846.3790136424)], [164, 2, (233467.21893577688, 582217.3355930748)], [168, 2, (234055.0327632433, 582212.9486916829)], [182, 2, (235122.3780536604, 582028.8778023054)], [200, 2, (233693.9189378676, 581240.2863781998)], [206, 2, (234594.3467739826, 581555.5635857269)], [28, 2, (238109.0422780733, 583488.3408356609)], [295, 2, (235349.24211642522, 583111.991072007)], [30, 2, (238288.6385520235, 583573.9357452634)]]]
