['budget', 'runtime', 'objective_value', 'flow_caught_optimal', 'flow_caught_fixed_solution', 'flow_impact_area', ['solution']]
[0.2, 33.820937633514404, 0.044432083723755615, 0.05179655067571236, 0.05179655067582388, 0, [[28, 2, (238109.0422780733, 583488.3408356609)]]]
[0.4, 33.83493781089783, 0.08481586423578388, 0.09207178656717999, 0.09207178666305932, 0, [[164, 2, (233467.21893577688, 582217.3355930748)], [28, 2, (238109.0422780733, 583488.3408356609)]]]
[0.6000000000000001, 34.286938190460205, 0.10471143194334401, 0.11115737626728549, 0.11115737626728542, 0, [[13, 2, (236762.07022344664, 582846.3790136424)], [164, 2, (233467.21893577688, 582217.3355930748)], [28, 2, (238109.0422780733, 583488.3408356609)]]]
[0.8, 37.120930910110474, 0.11855110597253692, 0.12487689993886181, 0.12487607000985605, 0, [[13, 2, (236762.07022344664, 582846.3790136424)], [164, 2, (233467.21893577688, 582217.3355930748)], [182, 2, (235122.3780536604, 582028.8778023054)], [28, 2, (238109.0422780733, 583488.3408356609)]]]
[1.0, 37.56093144416809, 0.13171861376416166, 0.13792989815716272, 0.1359469058104158, 0, [[128, 2, (233299.82552465884, 581616.1674684337)], [13, 2, (236762.07022344664, 582846.3790136424)], [164, 2, (233467.21893577688, 582217.3355930748)], [182, 2, (235122.3780536604, 582028.8778023054)], [28, 2, (238109.0422780733, 583488.3408356609)]]]
[1.2, 41.00992679595947, 0.1438652004683982, 0.1499685956436803, 0.14798547050832955, 0, [[128, 2, (233299.82552465884, 581616.1674684337)], [13, 2, (236762.07022344664, 582846.3790136424)], [164, 2, (233467.21893577688, 582217.3355930748)], [182, 2, (235122.3780536604, 582028.8778023054)], [28, 2, (238109.0422780733, 583488.3408356609)], [295, 2, (235349.24211642522, 583111.991072007)]]]
[1.4000000000000001, 49.85651111602783, 0.1548972337971189, 0.16099305865984526, 0.1609928786450293, 0, [[128, 2, (233299.82552465884, 581616.1674684337)], [13, 2, (236762.07022344664, 582846.3790136424)], [164, 2, (233467.21893577688, 582217.3355930748)], [182, 2, (235122.3780536604, 582028.8778023054)], [200, 2, (233693.9189378676, 581240.2863781998)], [28, 2, (238109.0422780733, 583488.3408356609)], [295, 2, (235349.24211642522, 583111.991072007)]]]
[1.6, 44.96498894691467, 0.16572100324426323, 0.17180756571922812, 0.1718075657192281, 0, [[128, 2, (233299.82552465884, 581616.1674684337)], [13, 2, (236762.07022344664, 582846.3790136424)], [164, 2, (233467.21893577688, 582217.3355930748)], [182, 2, (235122.3780536604, 582028.8778023054)], [200, 2, (233693.9189378676, 581240.2863781998)], [28, 2, (238109.0422780733, 583488.3408356609)], [295, 2, (235349.24211642522, 583111.991072007)], [30, 2, (238288.6385520235, 583573.9357452634)]]]
[1.8, 60.1978874206543, 0.17486614822498936, 0.18093485746776963, 0.18093426032606533, 0, [[128, 2, (233299.82552465884, 581616.1674684337)], [13, 2, (236762.07022344664, 582846.3790136424)], [164, 2, (233467.21893577688, 582217.3355930748)], [182, 2, (235122.3780536604, 582028.8778023054)], [200, 2, (233693.9189378676, 581240.2863781998)], [206, 2, (234594.3467739826, 581555.5635857269)], [28, 2, (238109.0422780733, 583488.3408356609)], [295, 2, (235349.24211642522, 583111.991072007)], [30, 2, (238288.6385520235, 583573.9357452634)]]]
[2.0, 151.7962291240692, 0.18381987865184193, 0.1898835344533089, 0.1898835344533098, 0, [[128, 2, (233299.82552465884, 581616.1674684337)], [13, 2, (236762.07022344664, 582846.3790136424)], [164, 2, (233467.21893577688, 582217.3355930748)], [168, 2, (234055.0327632433, 582212.9486916829)], [182, 2, (235122.3780536604, 582028.8778023054)], [200, 2, (233693.9189378676, 581240.2863781998)], [206, 2, (234594.3467739826, 581555.5635857269)], [28, 2, (238109.0422780733, 583488.3408356609)], [295, 2, (235349.24211642522, 583111.991072007)], [30, 2, (238288.6385520235, 583573.9357452634)]]]
