['budget', 'runtime', 'objective_value', 'flow_caught_optimal', 'flow_caught_fixed_solution', 'flow_impact_area', ['solution']]
[0.2, 28.17833638191223, 0.042823022400645214, 0.0501383930094138, 0.050138393047237585, 0, [[28, 2, (238109.0422780733, 583488.3408356609)]]]
[0.4, 27.333601713180542, 0.07960134982536281, 0.08685825477698246, 0.08685825526388166, 0, [[164, 2, (233467.21893577688, 582217.3355930748)], [28, 2, (238109.0422780733, 583488.3408356609)]]]
[0.6000000000000001, 28.260353565216064, 0.0978939313499792, 0.10440609770412468, 0.10440609758849115, 0, [[13, 2, (236762.07022344664, 582846.3790136424)], [164, 2, (233467.21893577688, 582217.3355930748)], [28, 2, (238109.0422780733, 583488.3408356609)]]]
[0.8, 29.10318922996521, 0.1102919729975531, 0.11673454742290619, 0.11673454742290644, 0, [[13, 2, (236762.07022344664, 582846.3790136424)], [164, 2, (233467.21893577688, 582217.3355930748)], [182, 2, (235122.3780536604, 582028.8778023054)], [28, 2, (238109.0422780733, 583488.3408356609)]]]
[1.0, 31.135075092315674, 0.12268539878811144, 0.12911729855805956, 0.12911729698246202, 0, [[13, 2, (236762.07022344664, 582846.3790136424)], [164, 2, (233467.21893577688, 582217.3355930748)], [182, 2, (235122.3780536604, 582028.8778023054)], [200, 2, (233693.9189378676, 581240.2863781998)], [28, 2, (238109.0422780733, 583488.3408356609)]]]
[1.2, 31.0529887676239, 0.13505800740983195, 0.14137951965499257, 0.1413793167746372, 0, [[13, 2, (236762.07022344664, 582846.3790136424)], [164, 2, (233467.21893577688, 582217.3355930748)], [182, 2, (235122.3780536604, 582028.8778023054)], [200, 2, (233693.9189378676, 581240.2863781998)], [28, 2, (238109.0422780733, 583488.3408356609)], [295, 2, (235349.24211642522, 583111.991072007)]]]
[1.4000000000000001, 33.42375874519348, 0.1470296229735723, 0.15296499243115122, 0.15320861049956272, 0, [[13, 2, (236762.07022344664, 582846.3790136424)], [164, 2, (233467.21893577688, 582217.3355930748)], [182, 2, (235122.3780536604, 582028.8778023054)], [200, 2, (233693.9189378676, 581240.2863781998)], [28, 2, (238109.0422780733, 583488.3408356609)], [295, 2, (235349.24211642522, 583111.991072007)], [423, 2, (233240.02703484177, 581906.103763004)]]]
[1.6, 35.3097562789917, 0.1577340757383632, 0.16365634249994943, 0.16389996444710558, 0, [[13, 2, (236762.07022344664, 582846.3790136424)], [164, 2, (233467.21893577688, 582217.3355930748)], [182, 2, (235122.3780536604, 582028.8778023054)], [200, 2, (233693.9189378676, 581240.2863781998)], [28, 2, (238109.0422780733, 583488.3408356609)], [295, 2, (235349.24211642522, 583111.991072007)], [30, 2, (238288.6385520235, 583573.9357452634)], [423, 2, (233240.02703484177, 581906.103763004)]]]
[1.8, 42.641865491867065, 0.16774911773232415, 0.17363728184862687, 0.17291795695781328, 0, [[13, 2, (236762.07022344664, 582846.3790136424)], [164, 2, (233467.21893577688, 582217.3355930748)], [182, 2, (235122.3780536604, 582028.8778023054)], [200, 2, (233693.9189378676, 581240.2863781998)], [267, 2, (234381.1261063178, 583970.4427418958)], [28, 2, (238109.0422780733, 583488.3408356609)], [295, 2, (235349.24211642522, 583111.991072007)], [30, 2, (238288.6385520235, 583573.9357452634)], [423, 2, (233240.02703484177, 581906.103763004)]]]
[2.0, 88.56192994117737, 0.17676912068742048, 0.18265525824694376, 0.17971180418343935, 0, [[13, 2, (236762.07022344664, 582846.3790136424)], [164, 2, (233467.21893577688, 582217.3355930748)], [182, 2, (235122.3780536604, 582028.8778023054)], [200, 2, (233693.9189378676, 581240.2863781998)], [206, 2, (234594.3467739826, 581555.5635857269)], [267, 2, (234381.1261063178, 583970.4427418958)], [28, 2, (238109.0422780733, 583488.3408356609)], [295, 2, (235349.24211642522, 583111.991072007)], [30, 2, (238288.6385520235, 583573.9357452634)], [423, 2, (233240.02703484177, 581906.103763004)]]]
