['budget', 'runtime', 'objective_value', 'flow_caught_optimal', 'flow_caught_fixed_solution', 'flow_impact_area', ['solution']]
[0.2, 36.90700936317444, 0.04463927827837749, 0.051302582170857466, 0.05130258363450216, 0, [[28, 2, (238109.0422780733, 583488.3408356609)]]]
[0.4, 35.812933683395386, 0.09226201231995516, 0.09880850781489206, 0.09880850530608293, 0, [[164, 2, (233467.21893577688, 582217.3355930748)], [28, 2, (238109.0422780733, 583488.3408356609)]]]
[0.6000000000000001, 37.06892967224121, 0.11054855329939463, 0.11641653778671089, 0.11641653347435316, 0, [[13, 2, (236762.07022344664, 582846.3790136424)], [164, 2, (233467.21893577688, 582217.3355930748)], [28, 2, (238109.0422780733, 583488.3408356609)]]]
[0.8, 39.29892706871033, 0.1260630660103367, 0.1318041133604679, 0.1318041133604681, 0, [[13, 2, (236762.07022344664, 582846.3790136424)], [164, 2, (233467.21893577688, 582217.3355930748)], [182, 2, (235122.3780536604, 582028.8778023054)], [28, 2, (238109.0422780733, 583488.3408356609)]]]
[1.0, 40.8919243812561, 0.13913926707550034, 0.1447278086301757, 0.1435564724556221, 0, [[13, 2, (236762.07022344664, 582846.3790136424)], [164, 2, (233467.21893577688, 582217.3355930748)], [182, 2, (235122.3780536604, 582028.8778023054)], [28, 2, (238109.0422780733, 583488.3408356609)], [577, 2, (235003.60208008275, 583572.5940416976)]]]
[1.2, 39.365928411483765, 0.15089967061060106, 0.1564801676211086, 0.15373052021995365, 0, [[13, 2, (236762.07022344664, 582846.3790136424)], [164, 2, (233467.21893577688, 582217.3355930748)], [182, 2, (235122.3780536604, 582028.8778023054)], [200, 2, (233693.9189378676, 581240.2863781998)], [28, 2, (238109.0422780733, 583488.3408356609)], [577, 2, (235003.60208008275, 583572.5940416976)]]]
[1.4000000000000001, 40.36792254447937, 0.162063418015519, 0.16763620635868376, 0.16129145577838067, 0, [[13, 2, (236762.07022344664, 582846.3790136424)], [164, 2, (233467.21893577688, 582217.3355930748)], [182, 2, (235122.3780536604, 582028.8778023054)], [200, 2, (233693.9189378676, 581240.2863781998)], [28, 2, (238109.0422780733, 583488.3408356609)], [30, 2, (238288.6385520235, 583573.9357452634)], [577, 2, (235003.60208008275, 583572.5940416976)]]]
[1.6, 42.1629683971405, 0.17197064063242057, 0.1771457326414274, 0.17244726335808397, 0, [[13, 2, (236762.07022344664, 582846.3790136424)], [164, 2, (233467.21893577688, 582217.3355930748)], [182, 2, (235122.3780536604, 582028.8778023054)], [200, 2, (233693.9189378676, 581240.2863781998)], [28, 2, (238109.0422780733, 583488.3408356609)], [30, 2, (238288.6385520235, 583573.9357452634)], [424, 2, (233187.35245641816, 581972.259001994)], [577, 2, (235003.60208008275, 583572.5940416976)]]]
[1.8, 74.02986311912537, 0.18135872976239034, 0.18652882872497958, 0.18030027931987466, 0, [[13, 2, (236762.07022344664, 582846.3790136424)], [164, 2, (233467.21893577688, 582217.3355930748)], [168, 2, (234055.0327632433, 582212.9486916829)], [182, 2, (235122.3780536604, 582028.8778023054)], [200, 2, (233693.9189378676, 581240.2863781998)], [28, 2, (238109.0422780733, 583488.3408356609)], [30, 2, (238288.6385520235, 583573.9357452634)], [424, 2, (233187.35245641816, 581972.259001994)], [577, 2, (235003.60208008275, 583572.5940416976)]]]
[2.0, 96.85982036590576, 0.19073008108438883, 0.19581639199253004, 0.1896839046288913, 0, [[13, 2, (236762.07022344664, 582846.3790136424)], [164, 2, (233467.21893577688, 582217.3355930748)], [168, 2, (234055.0327632433, 582212.9486916829)], [175, 2, (234532.61405924172, 581718.4220258762)], [182, 2, (235122.3780536604, 582028.8778023054)], [200, 2, (233693.9189378676, 581240.2863781998)], [28, 2, (238109.0422780733, 583488.3408356609)], [30, 2, (238288.6385520235, 583573.9357452634)], [424, 2, (233187.35245641816, 581972.259001994)], [577, 2, (235003.60208008275, 583572.5940416976)]]]
