['budget', 'runtime', 'objective_value', 'flow_caught_optimal', 'flow_caught_fixed_solution', 'flow_impact_area', ['solution']]
[0.2, 2.8534975051879883, 0.019228958112734347, 0.01940529267453385, 0, 0, [[58, 2, (84525.8778802715, 448289.1833669253)]]]
[0.4, 3.2632486820220947, 0.03255107550821742, 0.032734627437502994, 0, 0, [[58, 2, (84525.8778802715, 448289.1833669253)], [94, 2, (84321.7806164654, 448354.19495508034)]]]
[0.6000000000000001, 2.9372081756591797, 0.04314750139315466, 0.043348510359549994, 0, 0, [[51, 2, (84727.88467856383, 446379.92780119076)], [58, 2, (84525.8778802715, 448289.1833669253)], [94, 2, (84321.7806164654, 448354.19495508034)]]]
[0.8, 2.8943052291870117, 0.053352844481491385, 0.053572867647460505, 0, 0, [[135, 2, (85103.85770371312, 447346.7084731901)], [51, 2, (84727.88467856383, 446379.92780119076)], [58, 2, (84525.8778802715, 448289.1833669253)], [94, 2, (84321.7806164654, 448354.19495508034)]]]
[1.0, 3.3468286991119385, 0.06217473069326389, 0.062413154563818456, 0, 0, [[135, 2, (85103.85770371312, 447346.7084731901)], [21, 2, (84033.22169951578, 447172.49598048395)], [51, 2, (84727.88467856383, 446379.92780119076)], [58, 2, (84525.8778802715, 448289.1833669253)], [94, 2, (84321.7806164654, 448354.19495508034)]]]
[1.2, 3.453378200531006, 0.06978923252170875, 0.07004702290031756, 0, 0, [[135, 2, (85103.85770371312, 447346.7084731901)], [21, 2, (84033.22169951578, 447172.49598048395)], [25, 2, (84297.37558224256, 447037.8262580947)], [51, 2, (84727.88467856383, 446379.92780119076)], [58, 2, (84525.8778802715, 448289.1833669253)], [94, 2, (84321.7806164654, 448354.19495508034)]]]
[1.4000000000000001, 3.2264978885650635, 0.07733047979620983, 0.07760758119076439, 0, 0, [[135, 2, (85103.85770371312, 447346.7084731901)], [21, 2, (84033.22169951578, 447172.49598048395)], [215, 2, (84354.64246980957, 448167.859075892)], [25, 2, (84297.37558224256, 447037.8262580947)], [51, 2, (84727.88467856383, 446379.92780119076)], [58, 2, (84525.8778802715, 448289.1833669253)], [94, 2, (84321.7806164654, 448354.19495508034)]]]
[1.6, 3.6116387844085693, 0.08404546774748542, 0.08434201028951524, 0, 0, [[135, 2, (85103.85770371312, 447346.7084731901)], [168, 2, (84294.7021627688, 447036.4650717308)], [21, 2, (84033.22169951578, 447172.49598048395)], [215, 2, (84354.64246980957, 448167.859075892)], [25, 2, (84297.37558224256, 447037.8262580947)], [51, 2, (84727.88467856383, 446379.92780119076)], [58, 2, (84525.8778802715, 448289.1833669253)], [94, 2, (84321.7806164654, 448354.19495508034)]]]
[1.8, 3.694812774658203, 0.09017042891984844, 0.09048006708561188, 0, 0, [[135, 2, (85103.85770371312, 447346.7084731901)], [168, 2, (84294.7021627688, 447036.4650717308)], [209, 2, (83884.42612877121, 448433.36499306577)], [21, 2, (84033.22169951578, 447172.49598048395)], [215, 2, (84354.64246980957, 448167.859075892)], [25, 2, (84297.37558224256, 447037.8262580947)], [51, 2, (84727.88467856383, 446379.92780119076)], [58, 2, (84525.8778802715, 448289.1833669253)], [94, 2, (84321.7806164654, 448354.19495508034)]]]
[2.0, 4.452040195465088, 0.09624357137215504, 0.09657003039420048, 0, 0, [[135, 2, (85103.85770371312, 447346.7084731901)], [168, 2, (84294.7021627688, 447036.4650717308)], [181, 2, (84646.84934729052, 446565.9477406789)], [209, 2, (83884.42612877121, 448433.36499306577)], [21, 2, (84033.22169951578, 447172.49598048395)], [215, 2, (84354.64246980957, 448167.859075892)], [25, 2, (84297.37558224256, 447037.8262580947)], [51, 2, (84727.88467856383, 446379.92780119076)], [58, 2, (84525.8778802715, 448289.1833669253)], [94, 2, (84321.7806164654, 448354.19495508034)]]]
[2.2, 5.992993354797363, 0.10203317954359281, 0.10237909590101417, 0, 0, [[135, 2, (85103.85770371312, 447346.7084731901)], [168, 2, (84294.7021627688, 447036.4650717308)], [181, 2, (84646.84934729052, 446565.9477406789)], [196, 2, (84301.85534330901, 447877.3383882173)], [209, 2, (83884.42612877121, 448433.36499306577)], [21, 2, (84033.22169951578, 447172.49598048395)], [215, 2, (84354.64246980957, 448167.859075892)], [25, 2, (84297.37558224256, 447037.8262580947)], [51, 2, (84727.88467856383, 446379.92780119076)], [58, 2, (84525.8778802715, 448289.1833669253)], [94, 2, (84321.7806164654, 448354.19495508034)]]]
[2.4000000000000004, 4.94051718711853, 0.10779436775553858, 0.10815792773131469, 0, 0, [[131, 2, (84823.3633878987, 447057.1044207001)], [135, 2, (85103.85770371312, 447346.7084731901)], [168, 2, (84294.7021627688, 447036.4650717308)], [181, 2, (84646.84934729052, 446565.9477406789)], [196, 2, (84301.85534330901, 447877.3383882173)], [209, 2, (83884.42612877121, 448433.36499306577)], [21, 2, (84033.22169951578, 447172.49598048395)], [215, 2, (84354.64246980957, 448167.859075892)], [25, 2, (84297.37558224256, 447037.8262580947)], [51, 2, (84727.88467856383, 446379.92780119076)], [58, 2, (84525.8778802715, 448289.1833669253)], [94, 2, (84321.7806164654, 448354.19495508034)]]]
[2.6000000000000005, 5.578104734420776, 0.1134960786552251, 0.11387917863283377, 0, 0, [[119, 2, (84880.85876114457, 447505.5634201066)], [131, 2, (84823.3633878987, 447057.1044207001)], [135, 2, (85103.85770371312, 447346.7084731901)], [168, 2, (84294.7021627688, 447036.4650717308)], [181, 2, (84646.84934729052, 446565.9477406789)], [196, 2, (84301.85534330901, 447877.3383882173)], [209, 2, (83884.42612877121, 448433.36499306577)], [21, 2, (84033.22169951578, 447172.49598048395)], [215, 2, (84354.64246980957, 448167.859075892)], [25, 2, (84297.37558224256, 447037.8262580947)], [51, 2, (84727.88467856383, 446379.92780119076)], [58, 2, (84525.8778802715, 448289.1833669253)], [94, 2, (84321.7806164654, 448354.19495508034)]]]
[2.8000000000000003, 6.769350290298462, 0.11903832349178706, 0.11944101314937314, 0, 0, [[119, 2, (84880.85876114457, 447505.5634201066)], [131, 2, (84823.3633878987, 447057.1044207001)], [135, 2, (85103.85770371312, 447346.7084731901)], [168, 2, (84294.7021627688, 447036.4650717308)], [181, 2, (84646.84934729052, 446565.9477406789)], [193, 2, (85032.16813787172, 447385.608266497)], [196, 2, (84301.85534330901, 447877.3383882173)], [209, 2, (83884.42612877121, 448433.36499306577)], [21, 2, (84033.22169951578, 447172.49598048395)], [215, 2, (84354.64246980957, 448167.859075892)], [25, 2, (84297.37558224256, 447037.8262580947)], [51, 2, (84727.88467856383, 446379.92780119076)], [58, 2, (84525.8778802715, 448289.1833669253)], [94, 2, (84321.7806164654, 448354.19495508034)]]]
[3.0000000000000004, 7.0470287799835205, 0.12455477621079306, 0.12497681143797963, 0, 0, [[119, 2, (84880.85876114457, 447505.5634201066)], [131, 2, (84823.3633878987, 447057.1044207001)], [135, 2, (85103.85770371312, 447346.7084731901)], [168, 2, (84294.7021627688, 447036.4650717308)], [181, 2, (84646.84934729052, 446565.9477406789)], [193, 2, (85032.16813787172, 447385.608266497)], [196, 2, (84301.85534330901, 447877.3383882173)], [209, 2, (83884.42612877121, 448433.36499306577)], [21, 2, (84033.22169951578, 447172.49598048395)], [215, 2, (84354.64246980957, 448167.859075892)], [25, 2, (84297.37558224256, 447037.8262580947)], [51, 2, (84727.88467856383, 446379.92780119076)], [58, 2, (84525.8778802715, 448289.1833669253)], [92, 2, (83980.35094895505, 448017.53443806164)], [94, 2, (84321.7806164654, 448354.19495508034)]]]
[3.2, 9.225513458251953, 0.1298585395376401, 0.13029915488343455, 0, 0, [[119, 2, (84880.85876114457, 447505.5634201066)], [131, 2, (84823.3633878987, 447057.1044207001)], [135, 2, (85103.85770371312, 447346.7084731901)], [168, 2, (84294.7021627688, 447036.4650717308)], [181, 2, (84646.84934729052, 446565.9477406789)], [193, 2, (85032.16813787172, 447385.608266497)], [196, 2, (84301.85534330901, 447877.3383882173)], [209, 2, (83884.42612877121, 448433.36499306577)], [21, 2, (84033.22169951578, 447172.49598048395)], [215, 2, (84354.64246980957, 448167.859075892)], [25, 2, (84297.37558224256, 447037.8262580947)], [51, 2, (84727.88467856383, 446379.92780119076)], [53, 2, (84935.46094662073, 446105.53507511714)], [58, 2, (84525.8778802715, 448289.1833669253)], [92, 2, (83980.35094895505, 448017.53443806164)], [94, 2, (84321.7806164654, 448354.19495508034)]]]
[3.4000000000000004, 6.295358896255493, 0.13504819858699413, 0.13550611183665312, 0, 0, [[119, 2, (84880.85876114457, 447505.5634201066)], [131, 2, (84823.3633878987, 447057.1044207001)], [135, 2, (85103.85770371312, 447346.7084731901)], [168, 2, (84294.7021627688, 447036.4650717308)], [181, 2, (84646.84934729052, 446565.9477406789)], [193, 2, (85032.16813787172, 447385.608266497)], [196, 2, (84301.85534330901, 447877.3383882173)], [209, 2, (83884.42612877121, 448433.36499306577)], [21, 2, (84033.22169951578, 447172.49598048395)], [213, 2, (83650.41718289697, 448834.68904687284)], [215, 2, (84354.64246980957, 448167.859075892)], [25, 2, (84297.37558224256, 447037.8262580947)], [51, 2, (84727.88467856383, 446379.92780119076)], [53, 2, (84935.46094662073, 446105.53507511714)], [58, 2, (84525.8778802715, 448289.1833669253)], [92, 2, (83980.35094895505, 448017.53443806164)], [94, 2, (84321.7806164654, 448354.19495508034)]]]
[3.6000000000000005, 17.93344235420227, 0.14004716228590527, 0.14052468182621847, 0, 0, [[119, 2, (84880.85876114457, 447505.5634201066)], [131, 2, (84823.3633878987, 447057.1044207001)], [135, 2, (85103.85770371312, 447346.7084731901)], [168, 2, (84294.7021627688, 447036.4650717308)], [181, 2, (84646.84934729052, 446565.9477406789)], [193, 2, (85032.16813787172, 447385.608266497)], [196, 2, (84301.85534330901, 447877.3383882173)], [209, 2, (83884.42612877121, 448433.36499306577)], [21, 2, (84033.22169951578, 447172.49598048395)], [213, 2, (83650.41718289697, 448834.68904687284)], [215, 2, (84354.64246980957, 448167.859075892)], [25, 2, (84297.37558224256, 447037.8262580947)], [51, 2, (84727.88467856383, 446379.92780119076)], [53, 2, (84935.46094662073, 446105.53507511714)], [58, 2, (84525.8778802715, 448289.1833669253)], [73, 2, (85030.63520852219, 447388.1870506309)], [92, 2, (83980.35094895505, 448017.53443806164)], [94, 2, (84321.7806164654, 448354.19495508034)]]]
[3.8000000000000003, 11.295779466629028, 0.14490121130576558, 0.14539837568645647, 0, 0, [[119, 2, (84880.85876114457, 447505.5634201066)], [131, 2, (84823.3633878987, 447057.1044207001)], [135, 2, (85103.85770371312, 447346.7084731901)], [168, 2, (84294.7021627688, 447036.4650717308)], [181, 2, (84646.84934729052, 446565.9477406789)], [193, 2, (85032.16813787172, 447385.608266497)], [196, 2, (84301.85534330901, 447877.3383882173)], [209, 2, (83884.42612877121, 448433.36499306577)], [21, 2, (84033.22169951578, 447172.49598048395)], [213, 2, (83650.41718289697, 448834.68904687284)], [215, 2, (84354.64246980957, 448167.859075892)], [25, 2, (84297.37558224256, 447037.8262580947)], [42, 2, (84229.92821995473, 447316.6735784422)], [51, 2, (84727.88467856383, 446379.92780119076)], [53, 2, (84935.46094662073, 446105.53507511714)], [58, 2, (84525.8778802715, 448289.1833669253)], [73, 2, (85030.63520852219, 447388.1870506309)], [92, 2, (83980.35094895505, 448017.53443806164)], [94, 2, (84321.7806164654, 448354.19495508034)]]]
[4.0, 16.436615467071533, 0.1495643137564931, 0.15008114345035228, 0, 0, [[119, 2, (84880.85876114457, 447505.5634201066)], [131, 2, (84823.3633878987, 447057.1044207001)], [135, 2, (85103.85770371312, 447346.7084731901)], [168, 2, (84294.7021627688, 447036.4650717308)], [172, 2, (84387.50925558225, 447336.59303757077)], [181, 2, (84646.84934729052, 446565.9477406789)], [193, 2, (85032.16813787172, 447385.608266497)], [196, 2, (84301.85534330901, 447877.3383882173)], [209, 2, (83884.42612877121, 448433.36499306577)], [21, 2, (84033.22169951578, 447172.49598048395)], [213, 2, (83650.41718289697, 448834.68904687284)], [215, 2, (84354.64246980957, 448167.859075892)], [25, 2, (84297.37558224256, 447037.8262580947)], [42, 2, (84229.92821995473, 447316.6735784422)], [51, 2, (84727.88467856383, 446379.92780119076)], [53, 2, (84935.46094662073, 446105.53507511714)], [58, 2, (84525.8778802715, 448289.1833669253)], [73, 2, (85030.63520852219, 447388.1870506309)], [92, 2, (83980.35094895505, 448017.53443806164)], [94, 2, (84321.7806164654, 448354.19495508034)]]]
