['budget', 'runtime', 'objective_value', 'flow_caught_optimal', 'flow_caught_fixed_solution', 'flow_impact_area', ['solution']]
[0.2, 14.091884136199951, 0.022607851446860394, 0.022749571645954415, 0, 0, [[141, 2, (84306.88795363365, 448369.44737573666)]]]
[0.4, 13.477837800979614, 0.036897448716194874, 0.03705694989340197, 0, 0, [[141, 2, (84306.88795363365, 448369.44737573666)], [207, 2, (85099.61641608654, 447315.85233068565)]]]
[0.6000000000000001, 13.610463619232178, 0.0494366725175146, 0.04961219841880476, 0, 0, [[141, 2, (84306.88795363365, 448369.44737573666)], [207, 2, (85099.61641608654, 447315.85233068565)], [294, 2, (84560.50398411034, 446806.73360668455)]]]
[0.8, 13.208878755569458, 0.06178018363794978, 0.061974895407550856, 0, 0, [[141, 2, (84306.88795363365, 448369.44737573666)], [207, 2, (85099.61641608654, 447315.85233068565)], [294, 2, (84560.50398411034, 446806.73360668455)], [88, 2, (84501.60474851374, 448272.89543061226)]]]
[1.0, 15.467188835144043, 0.07167408672720275, 0.07188745564255838, 0, 0, [[141, 2, (84306.88795363365, 448369.44737573666)], [207, 2, (85099.61641608654, 447315.85233068565)], [294, 2, (84560.50398411034, 446806.73360668455)], [34, 2, (84071.99017536262, 447199.59242606367)], [88, 2, (84501.60474851374, 448272.89543061226)]]]
[1.2, 14.44666075706482, 0.07875802982211094, 0.07898791654014835, 0, 0, [[141, 2, (84306.88795363365, 448369.44737573666)], [207, 2, (85099.61641608654, 447315.85233068565)], [294, 2, (84560.50398411034, 446806.73360668455)], [34, 2, (84071.99017536262, 447199.59242606367)], [349, 2, (83642.6364134917, 448865.3994836554)], [88, 2, (84501.60474851374, 448272.89543061226)]]]
[1.4000000000000001, 14.747660398483276, 0.0857641902880494, 0.08601235716881664, 0, 0, [[141, 2, (84306.88795363365, 448369.44737573666)], [207, 2, (85099.61641608654, 447315.85233068565)], [294, 2, (84560.50398411034, 446806.73360668455)], [34, 2, (84071.99017536262, 447199.59242606367)], [349, 2, (83642.6364134917, 448865.3994836554)], [77, 2, (84711.1130592, 446420.03721728607)], [88, 2, (84501.60474851374, 448272.89543061226)]]]
[1.6, 17.327033758163452, 0.09138132674669328, 0.09164921972231571, 0, 0, [[141, 2, (84306.88795363365, 448369.44737573666)], [207, 2, (85099.61641608654, 447315.85233068565)], [268, 2, (84248.74092597308, 447126.7346106746)], [294, 2, (84560.50398411034, 446806.73360668455)], [34, 2, (84071.99017536262, 447199.59242606367)], [349, 2, (83642.6364134917, 448865.3994836554)], [77, 2, (84711.1130592, 446420.03721728607)], [88, 2, (84501.60474851374, 448272.89543061226)]]]
[1.8, 36.81482815742493, 0.09695323164057124, 0.09723959771745194, 0, 0, [[141, 2, (84306.88795363365, 448369.44737573666)], [207, 2, (85099.61641608654, 447315.85233068565)], [268, 2, (84248.74092597308, 447126.7346106746)], [287, 2, (84789.23182051706, 446232.81064349157)], [294, 2, (84560.50398411034, 446806.73360668455)], [34, 2, (84071.99017536262, 447199.59242606367)], [349, 2, (83642.6364134917, 448865.3994836554)], [77, 2, (84711.1130592, 446420.03721728607)], [88, 2, (84501.60474851374, 448272.89543061226)]]]
[2.0, 44.12936282157898, 0.10227577563849771, 0.10258187823595079, 0, 0, [[141, 2, (84306.88795363365, 448369.44737573666)], [207, 2, (85099.61641608654, 447315.85233068565)], [268, 2, (84248.74092597308, 447126.7346106746)], [287, 2, (84789.23182051706, 446232.81064349157)], [294, 2, (84560.50398411034, 446806.73360668455)], [34, 2, (84071.99017536262, 447199.59242606367)], [349, 2, (83642.6364134917, 448865.3994836554)], [41, 2, (84343.33681903826, 446947.5567191509)], [77, 2, (84711.1130592, 446420.03721728607)], [88, 2, (84501.60474851374, 448272.89543061226)]]]
