['budget', 'runtime', 'objective_value', 'flow_caught_optimal', 'flow_caught_fixed_solution', 'flow_impact_area', ['solution']]
[0.2, 35.79455089569092, 0.022607852672929578, 0.022749572916151217, 0, 0, [[141, 2, (84306.88795363365, 448369.44737573666)]]]
[0.4, 38.81051278114319, 0.03689744813009205, 0.0370569498934558, 0, 0, [[141, 2, (84306.88795363365, 448369.44737573666)], [207, 2, (85099.61641608654, 447315.85233068565)]]]
[0.6000000000000001, 31.338606119155884, 0.049436672517584636, 0.04961219841887491, 0, 0, [[141, 2, (84306.88795363365, 448369.44737573666)], [207, 2, (85099.61641608654, 447315.85233068565)], [294, 2, (84560.50398411034, 446806.73360668455)]]]
[0.8, 30.106621742248535, 0.06178053785620531, 0.06197524960251782, 0, 0, [[141, 2, (84306.88795363365, 448369.44737573666)], [207, 2, (85099.61641608654, 447315.85233068565)], [294, 2, (84560.50398411034, 446806.73360668455)], [88, 2, (84501.60474851374, 448272.89543061226)]]]
[1.0, 50.92835998535156, 0.07167353000073337, 0.07188689900036996, 0, 0, [[141, 2, (84306.88795363365, 448369.44737573666)], [207, 2, (85099.61641608654, 447315.85233068565)], [294, 2, (84560.50398411034, 446806.73360668455)], [34, 2, (84071.99017536262, 447199.59242606367)], [88, 2, (84501.60474851374, 448272.89543061226)]]]
[1.2, 33.48657989501953, 0.07875857801869915, 0.07898846460853166, 0, 0, [[141, 2, (84306.88795363365, 448369.44737573666)], [207, 2, (85099.61641608654, 447315.85233068565)], [294, 2, (84560.50398411034, 446806.73360668455)], [34, 2, (84071.99017536262, 447199.59242606367)], [349, 2, (83642.6364134917, 448865.3994836554)], [88, 2, (84501.60474851374, 448272.89543061226)]]]
[1.4000000000000001, 68.19914317131042, 0.08576419028814629, 0.08601235716891364, 0, 0, [[141, 2, (84306.88795363365, 448369.44737573666)], [207, 2, (85099.61641608654, 447315.85233068565)], [294, 2, (84560.50398411034, 446806.73360668455)], [34, 2, (84071.99017536262, 447199.59242606367)], [349, 2, (83642.6364134917, 448865.3994836554)], [77, 2, (84711.1130592, 446420.03721728607)], [88, 2, (84501.60474851374, 448272.89543061226)]]]
[1.6, 75.32305383682251, 0.09138024862674235, 0.09164814133629322, 0, 0, [[141, 2, (84306.88795363365, 448369.44737573666)], [207, 2, (85099.61641608654, 447315.85233068565)], [268, 2, (84248.74092597308, 447126.7346106746)], [294, 2, (84560.50398411034, 446806.73360668455)], [34, 2, (84071.99017536262, 447199.59242606367)], [349, 2, (83642.6364134917, 448865.3994836554)], [77, 2, (84711.1130592, 446420.03721728607)], [88, 2, (84501.60474851374, 448272.89543061226)]]]
[1.8, 57.86427354812622, 0.0969532316406689, 0.09723959771754971, 0, 0, [[141, 2, (84306.88795363365, 448369.44737573666)], [207, 2, (85099.61641608654, 447315.85233068565)], [268, 2, (84248.74092597308, 447126.7346106746)], [287, 2, (84789.23182051706, 446232.81064349157)], [294, 2, (84560.50398411034, 446806.73360668455)], [34, 2, (84071.99017536262, 447199.59242606367)], [349, 2, (83642.6364134917, 448865.3994836554)], [77, 2, (84711.1130592, 446420.03721728607)], [88, 2, (84501.60474851374, 448272.89543061226)]]]
[2.0, 72.1810929775238, 0.10227577559674367, 0.102581878166232, 0, 0, [[141, 2, (84306.88795363365, 448369.44737573666)], [207, 2, (85099.61641608654, 447315.85233068565)], [268, 2, (84248.74092597308, 447126.7346106746)], [287, 2, (84789.23182051706, 446232.81064349157)], [294, 2, (84560.50398411034, 446806.73360668455)], [34, 2, (84071.99017536262, 447199.59242606367)], [349, 2, (83642.6364134917, 448865.3994836554)], [41, 2, (84343.33681903826, 446947.5567191509)], [77, 2, (84711.1130592, 446420.03721728607)], [88, 2, (84501.60474851374, 448272.89543061226)]]]
[2.2, 222.38527846336365, 0.10739131323641692, 0.10771716087244042, 0, 0, [[141, 2, (84306.88795363365, 448369.44737573666)], [207, 2, (85099.61641608654, 447315.85233068565)], [268, 2, (84248.74092597308, 447126.7346106746)], [287, 2, (84789.23182051706, 446232.81064349157)], [294, 2, (84560.50398411034, 446806.73360668455)], [34, 2, (84071.99017536262, 447199.59242606367)], [349, 2, (83642.6364134917, 448865.3994836554)], [355, 2, (84389.84434163553, 448192.60396211274)], [41, 2, (84343.33681903826, 446947.5567191509)], [77, 2, (84711.1130592, 446420.03721728607)], [88, 2, (84501.60474851374, 448272.89543061226)]]]
[2.4000000000000004, 451.8886911869049, 0.11228169799372854, 0.11262517015252643, 0, 0, [[141, 2, (84306.88795363365, 448369.44737573666)], [201, 2, (84793.61111535043, 447035.2115734804)], [207, 2, (85099.61641608654, 447315.85233068565)], [268, 2, (84248.74092597308, 447126.7346106746)], [287, 2, (84789.23182051706, 446232.81064349157)], [294, 2, (84560.50398411034, 446806.73360668455)], [34, 2, (84071.99017536262, 447199.59242606367)], [349, 2, (83642.6364134917, 448865.3994836554)], [355, 2, (84389.84434163553, 448192.60396211274)], [41, 2, (84343.33681903826, 446947.5567191509)], [77, 2, (84711.1130592, 446420.03721728607)], [88, 2, (84501.60474851374, 448272.89543061226)]]]
[2.6000000000000005, 1952.5508847236633, 0.11673333907521889, 0.11709309062811657, 0, 0, [[141, 2, (84306.88795363365, 448369.44737573666)], [201, 2, (84793.61111535043, 447035.2115734804)], [207, 2, (85099.61641608654, 447315.85233068565)], [268, 2, (84248.74092597308, 447126.7346106746)], [287, 2, (84789.23182051706, 446232.81064349157)], [294, 2, (84560.50398411034, 446806.73360668455)], [34, 2, (84071.99017536262, 447199.59242606367)], [344, 2, (83752.93210630848, 448501.4754733475)], [349, 2, (83642.6364134917, 448865.3994836554)], [355, 2, (84389.84434163553, 448192.60396211274)], [41, 2, (84343.33681903826, 446947.5567191509)], [77, 2, (84711.1130592, 446420.03721728607)], [88, 2, (84501.60474851374, 448272.89543061226)]]]
[2.8000000000000003, 614.0944628715515, 0.12090059794496817, 0.12128014721451438, 0, 0, [[141, 2, (84306.88795363365, 448369.44737573666)], [201, 2, (84793.61111535043, 447035.2115734804)], [207, 2, (85099.61641608654, 447315.85233068565)], [266, 2, (84310.02257503403, 447006.3752254162)], [268, 2, (84248.74092597308, 447126.7346106746)], [287, 2, (84789.23182051706, 446232.81064349157)], [294, 2, (84560.50398411034, 446806.73360668455)], [34, 2, (84071.99017536262, 447199.59242606367)], [344, 2, (83752.93210630848, 448501.4754733475)], [349, 2, (83642.6364134917, 448865.3994836554)], [355, 2, (84389.84434163553, 448192.60396211274)], [40, 2, (84312.6959945078, 447007.7364117801)], [77, 2, (84711.1130592, 446420.03721728607)], [88, 2, (84501.60474851374, 448272.89543061226)]]]
[3.0000000000000004, 5851.394785642624, 0.1249775973071937, 0.12537627187040498, 0, 0, [[141, 2, (84306.88795363365, 448369.44737573666)], [201, 2, (84793.61111535043, 447035.2115734804)], [207, 2, (85099.61641608654, 447315.85233068565)], [266, 2, (84310.02257503403, 447006.3752254162)], [268, 2, (84248.74092597308, 447126.7346106746)], [287, 2, (84789.23182051706, 446232.81064349157)], [294, 2, (84560.50398411034, 446806.73360668455)], [34, 2, (84071.99017536262, 447199.59242606367)], [344, 2, (83752.93210630848, 448501.4754733475)], [349, 2, (83642.6364134917, 448865.3994836554)], [355, 2, (84389.84434163553, 448192.60396211274)], [40, 2, (84312.6959945078, 447007.7364117801)], [77, 2, (84711.1130592, 446420.03721728607)], [81, 2, (84935.46094662073, 446105.53507511714)], [88, 2, (84501.60474851374, 448272.89543061226)]]]
