['budget', 'runtime', 'objective_value', 'flow_caught_optimal', 'flow_caught_fixed_solution', 'flow_impact_area', ['solution']]
[0.2, 41.56202292442322, 0.02617457386523128, 0.026320308323805462, 0, 0, [[201, 2, (84291.9952908019, 448384.699796393)]]]
[0.4, 42.051310777664185, 0.046911477691966935, 0.047066391438391975, 0, 0, [[201, 2, (84291.9952908019, 448384.699796393)], [431, 2, (84563.13008903325, 446789.1025326329)]]]
[0.6000000000000001, 41.92267417907715, 0.0645917279456546, 0.06476385172793922, 0, 0, [[201, 2, (84291.9952908019, 448384.699796393)], [296, 2, (85097.49577227327, 447300.4242594334)], [431, 2, (84563.13008903325, 446789.1025326329)]]]
[0.8, 42.39215087890625, 0.0782205265459372, 0.0784119122310348, 0, 0, [[122, 2, (84479.53826509761, 448258.08821578225)], [201, 2, (84291.9952908019, 448384.699796393)], [296, 2, (85097.49577227327, 447300.4242594334)], [431, 2, (84563.13008903325, 446789.1025326329)]]]
[1.0, 44.86190915107727, 0.08953771580001892, 0.089747935914679, 0, 0, [[122, 2, (84479.53826509761, 448258.08821578225)], [201, 2, (84291.9952908019, 448384.699796393)], [296, 2, (85097.49577227327, 447300.4242594334)], [431, 2, (84563.13008903325, 446789.1025326329)], [47, 2, (84093.79744302647, 447214.83417670225)]]]
[1.2, 47.380470514297485, 0.0978032669136663, 0.09802847775453022, 0, 0, [[122, 2, (84479.53826509761, 448258.08821578225)], [201, 2, (84291.9952908019, 448384.699796393)], [296, 2, (85097.49577227327, 447300.4242594334)], [423, 2, (84710.88643940697, 446412.802697406)], [431, 2, (84563.13008903325, 446789.1025326329)], [47, 2, (84093.79744302647, 447214.83417670225)]]]
[1.4000000000000001, 51.724947690963745, 0.10427693697583296, 0.10451889021734587, 0, 0, [[122, 2, (84479.53826509761, 448258.08821578225)], [201, 2, (84291.9952908019, 448384.699796393)], [288, 2, (84823.3633878987, 447057.1044207001)], [296, 2, (85097.49577227327, 447300.4242594334)], [423, 2, (84710.88643940697, 446412.802697406)], [431, 2, (84563.13008903325, 446789.1025326329)], [47, 2, (84093.79744302647, 447214.83417670225)]]]
[1.6, 64.20719647407532, 0.11054788561267526, 0.1108069184827694, 0, 0, [[122, 2, (84479.53826509761, 448258.08821578225)], [201, 2, (84291.9952908019, 448384.699796393)], [288, 2, (84823.3633878987, 447057.1044207001)], [296, 2, (85097.49577227327, 447300.4242594334)], [423, 2, (84710.88643940697, 446412.802697406)], [431, 2, (84563.13008903325, 446789.1025326329)], [47, 2, (84093.79744302647, 447214.83417670225)], [521, 2, (83650.41718289696, 448834.68904687284)]]]
[1.8, 218.67444705963135, 0.11606903436515326, 0.11634783856836202, 0, 0, [[122, 2, (84479.53826509761, 448258.08821578225)], [201, 2, (84291.9952908019, 448384.699796393)], [288, 2, (84823.3633878987, 447057.1044207001)], [296, 2, (85097.49577227327, 447300.4242594334)], [423, 2, (84710.88643940697, 446412.802697406)], [431, 2, (84563.13008903325, 446789.1025326329)], [47, 2, (84093.79744302647, 447214.83417670225)], [521, 2, (83650.41718289696, 448834.68904687284)], [531, 2, (84404.93085813239, 448203.2089133502)]]]
[2.0, 568.2857277393341, 0.12151975400848399, 0.12181817753386791, 0, 0, [[122, 2, (84479.53826509761, 448258.08821578225)], [201, 2, (84291.9952908019, 448384.699796393)], [288, 2, (84823.3633878987, 447057.1044207001)], [296, 2, (85097.49577227327, 447300.4242594334)], [298, 2, (85110.21963515294, 447392.9926869467)], [423, 2, (84710.88643940697, 446412.802697406)], [431, 2, (84563.13008903325, 446789.1025326329)], [47, 2, (84093.79744302647, 447214.83417670225)], [521, 2, (83650.41718289696, 448834.68904687284)], [531, 2, (84404.93085813239, 448203.2089133502)]]]
