['budget', 'runtime', 'objective_value', 'flow_caught_optimal', 'flow_caught_fixed_solution', 'flow_impact_area', ['solution']]
[0.2, 14.127432823181152, 0.022607852672929578, 0.022749572916151217, 0.01896697706261406, 5.557460396045191, [[141, 2, (84306.88795363365, 448369.44737573666)]]]
[0.4, 14.377670049667358, 0.03689744813009205, 0.0370569498934558, 0.03232078379247806, 5.4561698167346435, [[141, 2, (84306.88795363365, 448369.44737573666)], [207, 2, (85099.61641608654, 447315.85233068565)]]]
[0.6000000000000001, 14.814882516860962, 0.049436672517584636, 0.04961219841887491, 0.04846607712894847, 5.274641293388843, [[141, 2, (84306.88795363365, 448369.44737573666)], [207, 2, (85099.61641608654, 447315.85233068565)], [294, 2, (84560.50398411034, 446806.73360668455)]]]
[0.8, 14.829418897628784, 0.06178053785620531, 0.06197524960251782, 0.05654860999575767, 5.2374688894791435, [[141, 2, (84306.88795363365, 448369.44737573666)], [207, 2, (85099.61641608654, 447315.85233068565)], [294, 2, (84560.50398411034, 446806.73360668455)], [88, 2, (84501.60474851374, 448272.89543061226)]]]
[1.0, 15.45576024055481, 0.07167353000073337, 0.07188689900036996, 0.06646061373169175, 5.176162230240089, [[141, 2, (84306.88795363365, 448369.44737573666)], [207, 2, (85099.61641608654, 447315.85233068565)], [294, 2, (84560.50398411034, 446806.73360668455)], [34, 2, (84071.99017536262, 447199.59242606367)], [88, 2, (84501.60474851374, 448272.89543061226)]]]
[1.2, 17.08109998703003, 0.07875857801869915, 0.07898846460853166, 0.07233436880502386, 5.0171635784357, [[141, 2, (84306.88795363365, 448369.44737573666)], [207, 2, (85099.61641608654, 447315.85233068565)], [294, 2, (84560.50398411034, 446806.73360668455)], [34, 2, (84071.99017536262, 447199.59242606367)], [349, 2, (83642.6364134917, 448865.3994836554)], [88, 2, (84501.60474851374, 448272.89543061226)]]]
[1.4000000000000001, 17.829166173934937, 0.08576419028814629, 0.08601235716891364, 0.0777807176611984, 4.938645701963453, [[141, 2, (84306.88795363365, 448369.44737573666)], [207, 2, (85099.61641608654, 447315.85233068565)], [294, 2, (84560.50398411034, 446806.73360668455)], [34, 2, (84071.99017536262, 447199.59242606367)], [349, 2, (83642.6364134917, 448865.3994836554)], [77, 2, (84711.1130592, 446420.03721728607)], [88, 2, (84501.60474851374, 448272.89543061226)]]]
[1.6, 19.75355863571167, 0.09138024862674235, 0.09164814133629322, 0.082926855607409, 4.926127688219981, [[141, 2, (84306.88795363365, 448369.44737573666)], [207, 2, (85099.61641608654, 447315.85233068565)], [268, 2, (84248.74092597308, 447126.7346106746)], [294, 2, (84560.50398411034, 446806.73360668455)], [34, 2, (84071.99017536262, 447199.59242606367)], [349, 2, (83642.6364134917, 448865.3994836554)], [77, 2, (84711.1130592, 446420.03721728607)], [88, 2, (84501.60474851374, 448272.89543061226)]]]
[1.8, 37.57367539405823, 0.0969532316406689, 0.09723959771754971, 0.08689370719281825, 4.8564252264301855, [[141, 2, (84306.88795363365, 448369.44737573666)], [207, 2, (85099.61641608654, 447315.85233068565)], [268, 2, (84248.74092597308, 447126.7346106746)], [287, 2, (84789.23182051706, 446232.81064349157)], [294, 2, (84560.50398411034, 446806.73360668455)], [34, 2, (84071.99017536262, 447199.59242606367)], [349, 2, (83642.6364134917, 448865.3994836554)], [77, 2, (84711.1130592, 446420.03721728607)], [88, 2, (84501.60474851374, 448272.89543061226)]]]
[2.0, 25.626641988754272, 0.10227577559674367, 0.102581878166232, 0.09442388593659458, 4.844394097829606, [[141, 2, (84306.88795363365, 448369.44737573666)], [207, 2, (85099.61641608654, 447315.85233068565)], [268, 2, (84248.74092597308, 447126.7346106746)], [287, 2, (84789.23182051706, 446232.81064349157)], [294, 2, (84560.50398411034, 446806.73360668455)], [34, 2, (84071.99017536262, 447199.59242606367)], [349, 2, (83642.6364134917, 448865.3994836554)], [41, 2, (84343.33681903826, 446947.5567191509)], [77, 2, (84711.1130592, 446420.03721728607)], [88, 2, (84501.60474851374, 448272.89543061226)]]]
