['budget', 'runtime', 'objective_value', 'flow_caught_optimal', 'flow_caught_fixed_solution', 'flow_impact_area', ['solution']]
[0.2, 22.113955974578857, 0.02460251593490638, 0.02475260048610057, 0.02317737476757999, 6.9038117649214445, [[94, 2, (84494.01939483944, 448267.8054505144)]]]
[0.4, 22.09993290901184, 0.04031136568533428, 0.04047924611880663, 0.03890401732184594, 6.786835431300693, [[222, 2, (85099.61641608654, 447315.85233068565)], [94, 2, (84494.01939483944, 448267.8054505144)]]]
[0.6000000000000001, 22.522924423217773, 0.05407179022357045, 0.0542435796718798, 0.0542434872612665, 5.932859062411915, [[152, 2, (84306.88795363365, 448369.44737573666)], [222, 2, (85099.61641608654, 447315.85233068565)], [94, 2, (84494.01939483944, 448267.8054505144)]]]
[0.8, 22.39672827720642, 0.06746844001523565, 0.06765513526415763, 0.06765510064467868, 5.662501104134918, [[152, 2, (84306.88795363365, 448369.44737573666)], [222, 2, (85099.61641608654, 447315.85233068565)], [315, 2, (84560.50398411034, 446806.73360668455)], [94, 2, (84494.01939483944, 448267.8054505144)]]]
[1.0, 23.765278100967407, 0.07908047126722623, 0.07928573136558147, 0.07928573136558145, 5.586335185306862, [[152, 2, (84306.88795363365, 448369.44737573666)], [222, 2, (85099.61641608654, 447315.85233068565)], [315, 2, (84560.50398411034, 446806.73360668455)], [35, 2, (84081.68229432433, 447206.3665374586)], [94, 2, (84494.01939483944, 448267.8054505144)]]]
[1.2, 26.17318558692932, 0.08597895547450861, 0.08620135302995527, 0.08412999317729175, 5.434415090050998, [[152, 2, (84306.88795363365, 448369.44737573666)], [222, 2, (85099.61641608654, 447315.85233068565)], [315, 2, (84560.50398411034, 446806.73360668455)], [35, 2, (84081.68229432433, 447206.3665374586)], [81, 2, (84693.64262236269, 446461.817859052)], [94, 2, (84494.01939483944, 448267.8054505144)]]]
[1.4000000000000001, 24.871678113937378, 0.09258835321463606, 0.09282792579933928, 0.09075656594667733, 5.284489014465511, [[152, 2, (84306.88795363365, 448369.44737573666)], [222, 2, (85099.61641608654, 447315.85233068565)], [315, 2, (84560.50398411034, 446806.73360668455)], [35, 2, (84081.68229432433, 447206.3665374586)], [377, 2, (83642.6364134917, 448865.3994836554)], [81, 2, (84693.64262236269, 446461.817859052)], [94, 2, (84494.01939483944, 448267.8054505144)]]]
[1.6, 28.932138919830322, 0.09861255059493312, 0.09887182684622942, 0.09674089373881878, 5.268762088855572, [[152, 2, (84306.88795363365, 448369.44737573666)], [222, 2, (85099.61641608654, 447315.85233068565)], [315, 2, (84560.50398411034, 446806.73360668455)], [35, 2, (84081.68229432433, 447206.3665374586)], [377, 2, (83642.6364134917, 448865.3994836554)], [383, 2, (84389.84434163553, 448192.60396211274)], [81, 2, (84693.64262236269, 446461.817859052)], [94, 2, (84494.01939483944, 448267.8054505144)]]]
[1.8, 68.28319263458252, 0.10452141618439223, 0.1047979841923266, 0.10278479475385215, 5.125030936970641, [[152, 2, (84306.88795363365, 448369.44737573666)], [216, 2, (84823.3633878987, 447057.1044207001)], [222, 2, (85099.61641608654, 447315.85233068565)], [315, 2, (84560.50398411034, 446806.73360668455)], [35, 2, (84081.68229432433, 447206.3665374586)], [377, 2, (83642.6364134917, 448865.3994836554)], [383, 2, (84389.84434163553, 448192.60396211274)], [81, 2, (84693.64262236269, 446461.817859052)], [94, 2, (84494.01939483944, 448267.8054505144)]]]
[2.0, 66.98982739448547, 0.11025043060772294, 0.11054594923213015, 0.10854771877971064, 5.069338341085941, [[152, 2, (84306.88795363365, 448369.44737573666)], [216, 2, (84823.3633878987, 447057.1044207001)], [222, 2, (85099.61641608654, 447315.85233068565)], [315, 2, (84560.50398411034, 446806.73360668455)], [35, 2, (84081.68229432433, 447206.3665374586)], [377, 2, (83642.6364134917, 448865.3994836554)], [383, 2, (84389.84434163553, 448192.60396211274)], [81, 2, (84693.64262236269, 446461.817859052)], [87, 2, (84958.38042789267, 446114.9160599387)], [94, 2, (84494.01939483944, 448267.8054505144)]]]
