['budget', 'runtime', 'objective_value', 'flow_caught_optimal', 'flow_caught_fixed_solution', 'flow_impact_area', ['solution']]
[0.2, 51.644519567489624, 0.026174573865218712, 0.026320308323792767, 0.010855249535860974, 8.527878746252057, [[201, 2, (84291.9952908019, 448384.699796393)]]]
[0.4, 49.80368089675903, 0.04691146967033608, 0.04706638342955806, 0.029705093378061105, 7.7939700543069055, [[201, 2, (84291.9952908019, 448384.699796393)], [431, 2, (84563.13008903325, 446789.1025326329)]]]
[0.6000000000000001, 46.40365195274353, 0.0645917309002435, 0.06476385468100093, 0.04932302469689406, 7.604741116434839, [[201, 2, (84291.9952908019, 448384.699796393)], [296, 2, (85097.49577227327, 447300.4242594334)], [431, 2, (84563.13008903325, 446789.1025326329)]]]
[0.8, 48.31919622421265, 0.07822037029562223, 0.0784117560614848, 0.06357764007195989, 7.554685613702329, [[122, 2, (84479.53826509761, 448258.08821578225)], [201, 2, (84291.9952908019, 448384.699796393)], [296, 2, (85097.49577227327, 447300.4242594334)], [431, 2, (84563.13008903325, 446789.1025326329)]]]
[1.0, 54.54695749282837, 0.08953771050022852, 0.08974793061807396, 0.07379782859757815, 7.475626101584161, [[122, 2, (84479.53826509761, 448258.08821578225)], [201, 2, (84291.9952908019, 448384.699796393)], [296, 2, (85097.49577227327, 447300.4242594334)], [431, 2, (84563.13008903325, 446789.1025326329)], [47, 2, (84093.79744302647, 447214.83417670225)]]]
[1.2, 50.145914793014526, 0.09780312334354543, 0.09802833415204085, 0.08219040545056504, 7.1358721214481635, [[122, 2, (84479.53826509761, 448258.08821578225)], [201, 2, (84291.9952908019, 448384.699796393)], [296, 2, (85097.49577227327, 447300.4242594334)], [423, 2, (84710.88643940697, 446412.802697406)], [431, 2, (84563.13008903325, 446789.1025326329)], [47, 2, (84093.79744302647, 447214.83417670225)]]]
[1.4000000000000001, 56.1176962852478, 0.10427726249620174, 0.1045192156020965, 0.08589648181690036, 6.914920020609444, [[122, 2, (84479.53826509761, 448258.08821578225)], [201, 2, (84291.9952908019, 448384.699796393)], [288, 2, (84823.3633878987, 447057.1044207001)], [296, 2, (85097.49577227327, 447300.4242594334)], [423, 2, (84710.88643940697, 446412.802697406)], [431, 2, (84563.13008903325, 446789.1025326329)], [47, 2, (84093.79744302647, 447214.83417670225)]]]
[1.6, 89.16743803024292, 0.11054794210402433, 0.11080697493198521, 0.08772959039188527, 6.716853584336613, [[122, 2, (84479.53826509761, 448258.08821578225)], [201, 2, (84291.9952908019, 448384.699796393)], [288, 2, (84823.3633878987, 447057.1044207001)], [296, 2, (85097.49577227327, 447300.4242594334)], [423, 2, (84710.88643940697, 446412.802697406)], [431, 2, (84563.13008903325, 446789.1025326329)], [47, 2, (84093.79744302647, 447214.83417670225)], [521, 2, (83650.41718289696, 448834.68904687284)]]]
[1.8, 151.00366187095642, 0.11606872985344267, 0.11634753410880405, 0.0910238102686465, 6.701350758502717, [[122, 2, (84479.53826509761, 448258.08821578225)], [201, 2, (84291.9952908019, 448384.699796393)], [288, 2, (84823.3633878987, 447057.1044207001)], [296, 2, (85097.49577227327, 447300.4242594334)], [423, 2, (84710.88643940697, 446412.802697406)], [431, 2, (84563.13008903325, 446789.1025326329)], [47, 2, (84093.79744302647, 447214.83417670225)], [521, 2, (83650.41718289696, 448834.68904687284)], [531, 2, (84404.93085813239, 448203.2089133502)]]]
[2.0, 562.2264485359192, 0.12151998237895052, 0.12181840586740127, 0.09728518067517056, 6.675525427230833, [[122, 2, (84479.53826509761, 448258.08821578225)], [201, 2, (84291.9952908019, 448384.699796393)], [288, 2, (84823.3633878987, 447057.1044207001)], [296, 2, (85097.49577227327, 447300.4242594334)], [298, 2, (85110.21963515294, 447392.9926869467)], [423, 2, (84710.88643940697, 446412.802697406)], [431, 2, (84563.13008903325, 446789.1025326329)], [47, 2, (84093.79744302647, 447214.83417670225)], [521, 2, (83650.41718289696, 448834.68904687284)], [531, 2, (84404.93085813239, 448203.2089133502)]]]
