['budget', 'runtime', 'objective_value', 'flow_caught_optimal', 'flow_caught_fixed_solution', 'flow_impact_area', ['solution']]
[0.2, 1.8121521472930908, 0.024312972035224634, 0.022749573000162303, 0.018966977062614077, 0, [[141, 2, (84306.88795363365, 448369.44737573666)]]]
[0.4, 3.550502061843872, 0.03853154580494372, 0.037056949893455794, 0.03232078379247806, 0, [[141, 2, (84306.88795363365, 448369.44737573666)], [207, 2, (85099.61641608654, 447315.85233068565)]]]
[0.6000000000000001, 5.27090048789978, 0.05100523388705711, 0.049419646901417466, 0.048466077128948445, 0, [[88, 2, (84501.60474851374, 448272.89543061226)], [141, 2, (84306.88795363365, 448369.44737573666)], [207, 2, (85099.61641608654, 447315.85233068565)]]]
[0.8, 7.030192613601685, 0.06314584907333708, 0.061974895407633, 0.05654860999575765, 0, [[88, 2, (84501.60474851374, 448272.89543061226)], [141, 2, (84306.88795363365, 448369.44737573666)], [207, 2, (85099.61641608654, 447315.85233068565)], [294, 2, (84560.50398411034, 446806.73360668455)]]]
[1.0, 10.74924349784851, 0.07279271565824416, 0.07188689900036997, 0.06646061373169174, 0, [[34, 2, (84071.99017536262, 447199.59242606367)], [88, 2, (84501.60474851374, 448272.89543061226)], [141, 2, (84306.88795363365, 448369.44737573666)], [207, 2, (85099.61641608654, 447315.85233068565)], [294, 2, (84560.50398411034, 446806.73360668455)]]]
[1.2, 14.612908840179443, 0.07952504225384809, 0.07891133962905766, 0.07233436880502382, 0, [[34, 2, (84071.99017536262, 447199.59242606367)], [77, 2, (84711.1130592, 446420.03721728607)], [88, 2, (84501.60474851374, 448272.89543061226)], [141, 2, (84306.88795363365, 448369.44737573666)], [207, 2, (85099.61641608654, 447315.85233068565)], [294, 2, (84560.50398411034, 446806.73360668455)]]]
[1.4000000000000001, 19.36220359802246, 0.08649414210492572, 0.08601235716891366, 0.07778071766119839, 0, [[34, 2, (84071.99017536262, 447199.59242606367)], [77, 2, (84711.1130592, 446420.03721728607)], [88, 2, (84501.60474851374, 448272.89543061226)], [141, 2, (84306.88795363365, 448369.44737573666)], [207, 2, (85099.61641608654, 447315.85233068565)], [294, 2, (84560.50398411034, 446806.73360668455)], [349, 2, (83642.6364134917, 448865.3994836554)]]]
[1.6, 23.066295623779297, 0.09220795081277827, 0.09164814133629323, 0.082926855607409, 0, [[34, 2, (84071.99017536262, 447199.59242606367)], [77, 2, (84711.1130592, 446420.03721728607)], [88, 2, (84501.60474851374, 448272.89543061226)], [141, 2, (84306.88795363365, 448369.44737573666)], [207, 2, (85099.61641608654, 447315.85233068565)], [268, 2, (84248.74092597308, 447126.7346106746)], [294, 2, (84560.50398411034, 446806.73360668455)], [349, 2, (83642.6364134917, 448865.3994836554)]]]
[1.8, 25.463881969451904, 0.0976092284229317, 0.09723959764773613, 0.08689370719281825, 0, [[34, 2, (84071.99017536262, 447199.59242606367)], [77, 2, (84711.1130592, 446420.03721728607)], [88, 2, (84501.60474851374, 448272.89543061226)], [141, 2, (84306.88795363365, 448369.44737573666)], [207, 2, (85099.61641608654, 447315.85233068565)], [268, 2, (84248.74092597308, 447126.7346106746)], [287, 2, (84789.23182051706, 446232.81064349157)], [294, 2, (84560.50398411034, 446806.73360668455)], [349, 2, (83642.6364134917, 448865.3994836554)]]]
[2.0, 28.541648149490356, 0.10305742901287664, 0.10258187816623203, 0.09442388593659459, 0, [[34, 2, (84071.99017536262, 447199.59242606367)], [41, 2, (84343.33681903826, 446947.5567191509)], [77, 2, (84711.1130592, 446420.03721728607)], [88, 2, (84501.60474851374, 448272.89543061226)], [141, 2, (84306.88795363365, 448369.44737573666)], [207, 2, (85099.61641608654, 447315.85233068565)], [268, 2, (84248.74092597308, 447126.7346106746)], [287, 2, (84789.23182051706, 446232.81064349157)], [294, 2, (84560.50398411034, 446806.73360668455)], [349, 2, (83642.6364134917, 448865.3994836554)]]]
