['budget', 'runtime', 'objective_value', 'flow_caught_optimal', 'flow_caught_fixed_solution', 'flow_impact_area', ['solution']]
[0.2, 2.2759125232696533, 0.02799311749890976, 0.02475260417602299, 0.02475260417602299, 0, [[94, 2, (84494.01939483944, 448267.8054505144)]]]
[0.4, 4.816115856170654, 0.0420920524348425, 0.040479246118806614, 0.03941215564349331, 0, [[94, 2, (84494.01939483944, 448267.8054505144)], [222, 2, (85099.61641608654, 447315.85233068565)]]]
[0.6000000000000001, 7.0242087841033936, 0.05512174738704674, 0.053890859505526106, 0.05317639684878188, 0, [[94, 2, (84494.01939483944, 448267.8054505144)], [222, 2, (85099.61641608654, 447315.85233068565)], [315, 2, (84560.50398411034, 446806.73360668455)]]]
[0.8, 9.247262239456177, 0.06848557931427611, 0.06765510064467864, 0.06177613971374689, 0, [[94, 2, (84494.01939483944, 448267.8054505144)], [152, 2, (84306.88795363365, 448369.44737573666)], [222, 2, (85099.61641608654, 447315.85233068565)], [315, 2, (84560.50398411034, 446806.73360668455)]]]
[1.0, 13.946690797805786, 0.0803791440406891, 0.07928573136558141, 0.07234264475998374, 0, [[35, 2, (84081.68229432433, 447206.3665374586)], [94, 2, (84494.01939483944, 448267.8054505144)], [152, 2, (84306.88795363365, 448369.44737573666)], [222, 2, (85099.61641608654, 447315.85233068565)], [315, 2, (84560.50398411034, 446806.73360668455)]]]
[1.2, 18.757821798324585, 0.08666830683357281, 0.08620135302995552, 0.0782557160036037, 0, [[35, 2, (84081.68229432433, 447206.3665374586)], [81, 2, (84693.64262236269, 446461.817859052)], [94, 2, (84494.01939483944, 448267.8054505144)], [152, 2, (84306.88795363365, 448369.44737573666)], [222, 2, (85099.61641608654, 447315.85233068565)], [315, 2, (84560.50398411034, 446806.73360668455)]]]
[1.4000000000000001, 24.310964345932007, 0.09327081678090773, 0.09282792579933932, 0.08335666495827782, 0, [[35, 2, (84081.68229432433, 447206.3665374586)], [81, 2, (84693.64262236269, 446461.817859052)], [94, 2, (84494.01939483944, 448267.8054505144)], [152, 2, (84306.88795363365, 448369.44737573666)], [222, 2, (85099.61641608654, 447315.85233068565)], [315, 2, (84560.50398411034, 446806.73360668455)], [377, 2, (83642.6364134917, 448865.3994836554)]]]
[1.6, 27.583213567733765, 0.09952212433290834, 0.09887182684882188, 0.08941365954401426, 0, [[35, 2, (84081.68229432433, 447206.3665374586)], [81, 2, (84693.64262236269, 446461.817859052)], [94, 2, (84494.01939483944, 448267.8054505144)], [152, 2, (84306.88795363365, 448369.44737573666)], [222, 2, (85099.61641608654, 447315.85233068565)], [315, 2, (84560.50398411034, 446806.73360668455)], [377, 2, (83642.6364134917, 448865.3994836554)], [383, 2, (84389.84434163553, 448192.60396211274)]]]
[1.8, 32.699525594711304, 0.1052499482455603, 0.1047979841923266, 0.09314041307327839, 0, [[35, 2, (84081.68229432433, 447206.3665374586)], [81, 2, (84693.64262236269, 446461.817859052)], [94, 2, (84494.01939483944, 448267.8054505144)], [152, 2, (84306.88795363365, 448369.44737573666)], [216, 2, (84823.3633878987, 447057.1044207001)], [222, 2, (85099.61641608654, 447315.85233068565)], [315, 2, (84560.50398411034, 446806.73360668455)], [377, 2, (83642.6364134917, 448865.3994836554)], [383, 2, (84389.84434163553, 448192.60396211274)]]]
[2.0, 37.292240619659424, 0.11085801884955879, 0.1105459492321302, 0.10193896539735861, 0, [[35, 2, (84081.68229432433, 447206.3665374586)], [81, 2, (84693.64262236269, 446461.817859052)], [87, 2, (84958.38042789267, 446114.9160599387)], [94, 2, (84494.01939483944, 448267.8054505144)], [152, 2, (84306.88795363365, 448369.44737573666)], [216, 2, (84823.3633878987, 447057.1044207001)], [222, 2, (85099.61641608654, 447315.85233068565)], [315, 2, (84560.50398411034, 446806.73360668455)], [377, 2, (83642.6364134917, 448865.3994836554)], [383, 2, (84389.84434163553, 448192.60396211274)]]]
