['budget', 'runtime', 'objective_value', 'flow_caught_optimal', 'flow_caught_fixed_solution', 'flow_impact_area', ['solution']]
[0.2, 8.365621328353882, 0.028030155200882964, 0.024819359989613574, 0.010855249535860974, 0, [[122, 2, (84479.53826509761, 448258.08821578225)]]]
[0.4, 16.51382875442505, 0.04713943298176486, 0.0455654350950599, 0.029705093378061105, 0, [[122, 2, (84479.53826509761, 448258.08821578225)], [431, 2, (84563.13008903325, 446789.1025326329)]]]
[0.6000000000000001, 24.51043200492859, 0.06488319407017668, 0.06326277537879466, 0.04932302469689406, 0, [[122, 2, (84479.53826509761, 448258.08821578225)], [296, 2, (85097.49577227327, 447300.4242594334)], [431, 2, (84563.13008903325, 446789.1025326329)]]]
[0.8, 32.97578763961792, 0.07896603095094322, 0.07841175606148387, 0.06357764007195989, 0, [[122, 2, (84479.53826509761, 448258.08821578225)], [201, 2, (84291.9952908019, 448384.699796393)], [296, 2, (85097.49577227327, 447300.4242594334)], [431, 2, (84563.13008903325, 446789.1025326329)]]]
[1.0, 49.57039403915405, 0.09077248544051524, 0.08974793061807376, 0.07379782859757816, 0, [[47, 2, (84093.79744302647, 447214.83417670225)], [122, 2, (84479.53826509761, 448258.08821578225)], [201, 2, (84291.9952908019, 448384.699796393)], [296, 2, (85097.49577227327, 447300.4242594334)], [431, 2, (84563.13008903325, 446789.1025326329)]]]
[1.2, 65.89771866798401, 0.0986202226286432, 0.09802821638095434, 0.08219040545056505, 0, [[47, 2, (84093.79744302647, 447214.83417670225)], [122, 2, (84479.53826509761, 448258.08821578225)], [201, 2, (84291.9952908019, 448384.699796393)], [296, 2, (85097.49577227327, 447300.4242594334)], [423, 2, (84710.88643940697, 446412.802697406)], [431, 2, (84563.13008903325, 446789.1025326329)]]]
[1.4000000000000001, 82.99597716331482, 0.10505989265686265, 0.10451871250730951, 0.08589648181690038, 0, [[47, 2, (84093.79744302647, 447214.83417670225)], [122, 2, (84479.53826509761, 448258.08821578225)], [201, 2, (84291.9952908019, 448384.699796393)], [288, 2, (84823.3633878987, 447057.1044207001)], [296, 2, (85097.49577227327, 447300.4242594334)], [423, 2, (84710.88643940697, 446412.802697406)], [431, 2, (84563.13008903325, 446789.1025326329)]]]
[1.6, 98.78274941444397, 0.11117069501224743, 0.11080674772127982, 0.0877295903918853, 0, [[47, 2, (84093.79744302647, 447214.83417670225)], [122, 2, (84479.53826509761, 448258.08821578225)], [201, 2, (84291.9952908019, 448384.699796393)], [288, 2, (84823.3633878987, 447057.1044207001)], [296, 2, (85097.49577227327, 447300.4242594334)], [423, 2, (84710.88643940697, 446412.802697406)], [431, 2, (84563.13008903325, 446789.1025326329)], [521, 2, (83650.41718289696, 448834.68904687284)]]]
[1.8, 122.10040378570557, 0.11690347347857848, 0.11634753393313857, 0.0910238102686465, 0, [[47, 2, (84093.79744302647, 447214.83417670225)], [122, 2, (84479.53826509761, 448258.08821578225)], [201, 2, (84291.9952908019, 448384.699796393)], [288, 2, (84823.3633878987, 447057.1044207001)], [296, 2, (85097.49577227327, 447300.4242594334)], [423, 2, (84710.88643940697, 446412.802697406)], [431, 2, (84563.13008903325, 446789.1025326329)], [521, 2, (83650.41718289696, 448834.68904687284)], [531, 2, (84404.93085813239, 448203.2089133502)]]]
[2.0, 141.60199093818665, 0.12227919735410547, 0.12181817744640276, 0.09728518067517057, 0, [[47, 2, (84093.79744302647, 447214.83417670225)], [122, 2, (84479.53826509761, 448258.08821578225)], [201, 2, (84291.9952908019, 448384.699796393)], [288, 2, (84823.3633878987, 447057.1044207001)], [296, 2, (85097.49577227327, 447300.4242594334)], [298, 2, (85110.21963515294, 447392.9926869467)], [423, 2, (84710.88643940697, 446412.802697406)], [431, 2, (84563.13008903325, 446789.1025326329)], [521, 2, (83650.41718289696, 448834.68904687284)], [531, 2, (84404.93085813239, 448203.2089133502)]]]
