['budget', 'runtime', 'objective_value', 'flow_caught_optimal', 'flow_caught_fixed_solution', 'flow_impact_area', ['solution']]
[0.2, 7.709943771362305, 0.03298447530849915, 0.041257578457113045, 0, 0, [[15, 2, (238019.24414109826, 583445.5433808594)]]]
[0.4, 7.2879486083984375, 0.06293068881120949, 0.0710782567975454, 0, 0, [[15, 2, (238019.24414109826, 583445.5433808594)], [90, 2, (233467.2189357769, 582217.3355930748)]]]
[0.6000000000000001, 7.676942586898804, 0.0855108204918486, 0.0931337316083595, 0, 0, [[15, 2, (238019.24414109826, 583445.5433808594)], [8, 2, (236762.07022344676, 582846.3790136421)], [90, 2, (233467.2189357769, 582217.3355930748)]]]
[0.8, 7.67294454574585, 0.10715090773296347, 0.11473217084460266, 0, 0, [[145, 2, (234496.97909792938, 583905.3416356744)], [15, 2, (238019.24414109826, 583445.5433808594)], [8, 2, (236762.07022344676, 582846.3790136421)], [90, 2, (233467.2189357769, 582217.3355930748)]]]
[1.0, 9.637930393218994, 0.12619048813608155, 0.13362489993561338, 0, 0, [[145, 2, (234496.97909792938, 583905.3416356744)], [15, 2, (238019.24414109826, 583445.5433808594)], [40, 2, (231708.8370217081, 582892.1085155534)], [8, 2, (236762.07022344676, 582846.3790136421)], [90, 2, (233467.2189357769, 582217.3355930748)]]]
[1.2, 8.319940328598022, 0.14196738751115348, 0.14926651601960544, 0, 0, [[145, 2, (234496.97909792938, 583905.3416356744)], [15, 2, (238019.24414109826, 583445.5433808594)], [31, 2, (240666.6830549136, 585085.646642521)], [40, 2, (231708.8370217081, 582892.1085155534)], [8, 2, (236762.07022344676, 582846.3790136421)], [90, 2, (233467.2189357769, 582217.3355930748)]]]
[1.4000000000000001, 9.73392915725708, 0.15757100180922876, 0.16473813976393065, 0, 0, [[145, 2, (234496.97909792938, 583905.3416356744)], [15, 2, (238019.24414109826, 583445.5433808594)], [31, 2, (240666.6830549136, 585085.646642521)], [40, 2, (231708.8370217081, 582892.1085155534)], [8, 2, (236762.07022344676, 582846.3790136421)], [90, 2, (233467.2189357769, 582217.3355930748)], [98, 2, (235080.25205405895, 582006.7023897036)]]]
[1.6, 9.364931106567383, 0.172586982342527, 0.17974732627691514, 0, 0, [[109, 2, (233734.15812679892, 581241.6720703929)], [145, 2, (234496.97909792938, 583905.3416356744)], [15, 2, (238019.24414109826, 583445.5433808594)], [31, 2, (240666.6830549136, 585085.646642521)], [40, 2, (231708.8370217081, 582892.1085155534)], [8, 2, (236762.07022344676, 582846.3790136421)], [90, 2, (233467.2189357769, 582217.3355930748)], [98, 2, (235080.25205405895, 582006.7023897036)]]]
[1.8, 10.20492696762085, 0.18672226747293028, 0.19377616684655125, 0, 0, [[109, 2, (233734.15812679892, 581241.6720703929)], [145, 2, (234496.97909792938, 583905.3416356744)], [15, 2, (238019.24414109826, 583445.5433808594)], [209, 2, (230928.30050337742, 584617.360167371)], [31, 2, (240666.6830549136, 585085.646642521)], [40, 2, (231708.8370217081, 582892.1085155534)], [8, 2, (236762.07022344676, 582846.3790136421)], [90, 2, (233467.2189357769, 582217.3355930748)], [98, 2, (235080.25205405895, 582006.7023897036)]]]
[2.0, 12.588908910751343, 0.1996533228534164, 0.20665144136421795, 0, 0, [[109, 2, (233734.15812679892, 581241.6720703929)], [145, 2, (234496.97909792938, 583905.3416356744)], [15, 2, (238019.24414109826, 583445.5433808594)], [204, 2, (231500.9819879307, 583331.4448592439)], [210, 2, (230856.97257168783, 584783.3023666191)], [31, 2, (240666.6830549136, 585085.646642521)], [41, 2, (231800.43374037434, 582726.2128539452)], [8, 2, (236762.07022344676, 582846.3790136421)], [90, 2, (233467.2189357769, 582217.3355930748)], [98, 2, (235080.25205405895, 582006.7023897036)]]]
[2.2, 16.636879205703735, 0.21233621127926647, 0.21919899779174018, 0, 0, [[109, 2, (233734.15812679892, 581241.6720703929)], [133, 2, (232655.12009389707, 584842.9463384732)], [145, 2, (234496.97909792938, 583905.3416356744)], [15, 2, (238019.24414109826, 583445.5433808594)], [204, 2, (231500.9819879307, 583331.4448592439)], [210, 2, (230856.97257168783, 584783.3023666191)], [31, 2, (240666.6830549136, 585085.646642521)], [41, 2, (231800.43374037434, 582726.2128539452)], [8, 2, (236762.07022344676, 582846.3790136421)], [90, 2, (233467.2189357769, 582217.3355930748)], [98, 2, (235080.25205405895, 582006.7023897036)]]]
[2.4000000000000004, 18.35486650466919, 0.22444540074045205, 0.23126738569655472, 0, 0, [[109, 2, (233734.15812679892, 581241.6720703929)], [133, 2, (232655.12009389707, 584842.9463384732)], [145, 2, (234496.97909792938, 583905.3416356744)], [15, 2, (238019.24414109826, 583445.5433808594)], [204, 2, (231500.9819879307, 583331.4448592439)], [210, 2, (230856.97257168783, 584783.3023666191)], [31, 2, (240666.6830549136, 585085.646642521)], [41, 2, (231800.43374037434, 582726.2128539452)], [70, 2, (233298.2331941409, 581691.3840471677)], [8, 2, (236762.07022344676, 582846.3790136421)], [90, 2, (233467.2189357769, 582217.3355930748)], [98, 2, (235080.25205405895, 582006.7023897036)]]]
[2.6000000000000005, 20.880847930908203, 0.23619312494181455, 0.24297471626197997, 0, 0, [[109, 2, (233734.15812679892, 581241.6720703929)], [133, 2, (232655.12009389707, 584842.9463384732)], [145, 2, (234496.97909792938, 583905.3416356744)], [15, 2, (238019.24414109826, 583445.5433808594)], [204, 2, (231500.9819879307, 583331.4448592439)], [210, 2, (230856.97257168783, 584783.3023666191)], [286, 2, (235518.44881735323, 582879.0074353205)], [31, 2, (240666.6830549136, 585085.646642521)], [41, 2, (231800.43374037434, 582726.2128539452)], [70, 2, (233298.2331941409, 581691.3840471677)], [8, 2, (236762.07022344676, 582846.3790136421)], [90, 2, (233467.2189357769, 582217.3355930748)], [98, 2, (235080.25205405895, 582006.7023897036)]]]
[2.8000000000000003, 47.31465744972229, 0.2473617852938373, 0.25403874451365854, 0, 0, [[109, 2, (233734.15812679892, 581241.6720703929)], [133, 2, (232655.12009389707, 584842.9463384732)], [145, 2, (234496.97909792938, 583905.3416356744)], [15, 2, (238019.24414109826, 583445.5433808594)], [204, 2, (231500.9819879307, 583331.4448592439)], [210, 2, (230856.97257168783, 584783.3023666191)], [277, 2, (234043.68278234464, 584156.620584977)], [286, 2, (235518.44881735323, 582879.0074353205)], [31, 2, (240666.6830549136, 585085.646642521)], [41, 2, (231800.43374037434, 582726.2128539452)], [70, 2, (233298.2331941409, 581691.3840471677)], [8, 2, (236762.07022344676, 582846.3790136421)], [90, 2, (233467.2189357769, 582217.3355930748)], [98, 2, (235080.25205405895, 582006.7023897036)]]]
[3.0000000000000004, 51.25662708282471, 0.25819087113102057, 0.26483679301245405, 0, 0, [[109, 2, (233734.15812679892, 581241.6720703929)], [133, 2, (232655.12009389707, 584842.9463384732)], [145, 2, (234496.97909792938, 583905.3416356744)], [15, 2, (238019.24414109826, 583445.5433808594)], [204, 2, (231500.9819879307, 583331.4448592439)], [210, 2, (230856.97257168783, 584783.3023666191)], [221, 2, (232827.90247666204, 582019.7724067986)], [277, 2, (234043.68278234464, 584156.620584977)], [286, 2, (235518.44881735323, 582879.0074353205)], [31, 2, (240666.6830549136, 585085.646642521)], [41, 2, (231800.43374037434, 582726.2128539452)], [70, 2, (233298.2331941409, 581691.3840471677)], [8, 2, (236762.07022344676, 582846.3790136421)], [90, 2, (233467.2189357769, 582217.3355930748)], [98, 2, (235080.25205405895, 582006.7023897036)]]]
[3.2, 143.84695506095886, 0.26898345792232303, 0.275595219021499, 0, 0, [[109, 2, (233734.15812679892, 581241.6720703929)], [133, 2, (232655.12009389707, 584842.9463384732)], [145, 2, (234496.97909792938, 583905.3416356744)], [15, 2, (238019.24414109826, 583445.5433808594)], [17, 2, (238378.43668899868, 583616.7332000644)], [204, 2, (231500.9819879307, 583331.4448592439)], [210, 2, (230856.97257168783, 584783.3023666191)], [221, 2, (232827.90247666204, 582019.7724067986)], [277, 2, (234043.68278234464, 584156.620584977)], [286, 2, (235518.44881735323, 582879.0074353205)], [31, 2, (240666.6830549136, 585085.646642521)], [41, 2, (231800.43374037434, 582726.2128539452)], [70, 2, (233298.2331941409, 581691.3840471677)], [8, 2, (236762.07022344676, 582846.3790136421)], [90, 2, (233467.2189357769, 582217.3355930748)], [98, 2, (235080.25205405895, 582006.7023897036)]]]
[3.4000000000000004, 1149.8996856212616, 0.2789723279615069, 0.2855591261761028, 0, 0, [[109, 2, (233734.15812679892, 581241.6720703929)], [133, 2, (232655.12009389707, 584842.9463384732)], [145, 2, (234496.97909792938, 583905.3416356744)], [15, 2, (238019.24414109826, 583445.5433808594)], [17, 2, (238378.43668899868, 583616.7332000644)], [204, 2, (231500.9819879307, 583331.4448592439)], [205, 2, (231285.75287986148, 583759.245981782)], [210, 2, (230856.97257168783, 584783.3023666191)], [221, 2, (232827.90247666204, 582019.7724067986)], [277, 2, (234043.68278234464, 584156.620584977)], [286, 2, (235518.44881735323, 582879.0074353205)], [31, 2, (240666.6830549136, 585085.646642521)], [41, 2, (231800.43374037434, 582726.2128539452)], [70, 2, (233298.2331941409, 581691.3840471677)], [8, 2, (236762.07022344676, 582846.3790136421)], [90, 2, (233467.2189357769, 582217.3355930748)], [98, 2, (235080.25205405895, 582006.7023897036)]]]
[3.6000000000000005, 1709.3560869693756, 0.2888988359657596, 0.2954713266144368, 0, 0, [[109, 2, (233734.15812679892, 581241.6720703929)], [133, 2, (232655.12009389707, 584842.9463384732)], [145, 2, (234496.97909792938, 583905.3416356744)], [15, 2, (238019.24414109826, 583445.5433808594)], [159, 2, (235406.44730945528, 583034.9258935207)], [17, 2, (238378.43668899868, 583616.7332000644)], [204, 2, (231500.9819879307, 583331.4448592439)], [205, 2, (231285.75287986148, 583759.245981782)], [210, 2, (230856.97257168783, 584783.3023666191)], [221, 2, (232827.90247666204, 582019.7724067986)], [277, 2, (234043.68278234464, 584156.620584977)], [286, 2, (235518.44881735323, 582879.0074353205)], [31, 2, (240666.6830549136, 585085.646642521)], [41, 2, (231800.43374037434, 582726.2128539452)], [70, 2, (233298.2331941409, 581691.3840471677)], [8, 2, (236762.07022344676, 582846.3790136421)], [90, 2, (233467.2189357769, 582217.3355930748)], [98, 2, (235080.25205405895, 582006.7023897036)]]]
[3.8000000000000003, 737.0542604923248, 0.29860978322245746, 0.3051692370280751, 0, 0, [[109, 2, (233734.15812679892, 581241.6720703929)], [133, 2, (232655.12009389707, 584842.9463384732)], [145, 2, (234496.97909792938, 583905.3416356744)], [15, 2, (238019.24414109826, 583445.5433808594)], [159, 2, (235406.44730945528, 583034.9258935207)], [17, 2, (238378.43668899868, 583616.7332000644)], [204, 2, (231500.9819879307, 583331.4448592439)], [205, 2, (231285.75287986148, 583759.245981782)], [210, 2, (230856.97257168783, 584783.3023666191)], [221, 2, (232827.90247666204, 582019.7724067986)], [277, 2, (234043.68278234464, 584156.620584977)], [286, 2, (235518.44881735323, 582879.0074353205)], [31, 2, (240666.6830549136, 585085.646642521)], [41, 2, (231800.43374037434, 582726.2128539452)], [70, 2, (233298.2331941409, 581691.3840471677)], [8, 2, (236762.07022344676, 582846.3790136421)], [82, 2, (234074.2867080758, 582968.4699835483)], [90, 2, (233467.2189357769, 582217.3355930748)], [98, 2, (235080.25205405895, 582006.7023897036)]]]
[4.0, 338.3928973674774, 0.30810882292801517, 0.3146625639948041, 0, 0, [[109, 2, (233734.15812679892, 581241.6720703929)], [133, 2, (232655.12009389707, 584842.9463384732)], [145, 2, (234496.97909792938, 583905.3416356744)], [15, 2, (238019.24414109826, 583445.5433808594)], [159, 2, (235406.44730945528, 583034.9258935207)], [17, 2, (238378.43668899868, 583616.7332000644)], [204, 2, (231500.9819879307, 583331.4448592439)], [205, 2, (231285.75287986148, 583759.245981782)], [210, 2, (230856.97257168783, 584783.3023666191)], [221, 2, (232827.90247666204, 582019.7724067986)], [274, 2, (234495.50944963004, 583902.726270714)], [277, 2, (234043.68278234464, 584156.620584977)], [286, 2, (235518.44881735323, 582879.0074353205)], [31, 2, (240666.6830549136, 585085.646642521)], [41, 2, (231800.43374037434, 582726.2128539452)], [70, 2, (233298.2331941409, 581691.3840471677)], [8, 2, (236762.07022344676, 582846.3790136421)], [82, 2, (234074.2867080758, 582968.4699835483)], [90, 2, (233467.2189357769, 582217.3355930748)], [98, 2, (235080.25205405895, 582006.7023897036)]]]
