['budget', 'runtime', 'objective_value', 'flow_caught_optimal', 'flow_caught_fixed_solution', 'flow_impact_area', ['solution']]
[0.2, 6.893980979919434, 0.03926206638668145, 0.04543234723498709, 0, 0, [[15, 2, (238019.24414109826, 583445.5433808594)]]]
[0.4, 6.87298059463501, 0.07213523511691405, 0.07816019044066985, 0, 0, [[15, 2, (238019.24414109826, 583445.5433808594)], [90, 2, (233467.2189357769, 582217.3355930748)]]]
[0.6000000000000001, 6.97398042678833, 0.09563157233211148, 0.10127331685011648, 0, 0, [[16, 2, (238198.8404150485, 583531.138290462)], [8, 2, (236762.07022344676, 582846.3790136421)], [90, 2, (233467.2189357769, 582217.3355930748)]]]
[0.8, 7.700978755950928, 0.11192229001563618, 0.1173756059289687, 0, 0, [[16, 2, (238198.8404150485, 583531.138290462)], [8, 2, (236762.07022344676, 582846.3790136421)], [90, 2, (233467.2189357769, 582217.3355930748)], [98, 2, (235080.25205405895, 582006.7023897036)]]]
[1.0, 7.9439778327941895, 0.12776975609507069, 0.1332153031298658, 0, 0, [[109, 2, (233734.15812679892, 581241.6720703929)], [16, 2, (238198.8404150485, 583531.138290462)], [8, 2, (236762.07022344676, 582846.3790136421)], [90, 2, (233467.2189357769, 582217.3355930748)], [98, 2, (235080.25205405895, 582006.7023897036)]]]
[1.2, 7.3989784717559814, 0.14270518330575058, 0.14806271261169632, 0, 0, [[109, 2, (233734.15812679892, 581241.6720703929)], [16, 2, (238198.8404150485, 583531.138290462)], [70, 2, (233298.2331941409, 581691.3840471677)], [8, 2, (236762.07022344676, 582846.3790136421)], [90, 2, (233467.2189357769, 582217.3355930748)], [98, 2, (235080.25205405895, 582006.7023897036)]]]
[1.4000000000000001, 7.786981105804443, 0.15630005904661035, 0.1616467658342066, 0, 0, [[109, 2, (233734.15812679892, 581241.6720703929)], [145, 2, (234496.97909792938, 583905.3416356744)], [16, 2, (238198.8404150485, 583531.138290462)], [70, 2, (233298.2331941409, 581691.3840471677)], [8, 2, (236762.07022344676, 582846.3790136421)], [90, 2, (233467.2189357769, 582217.3355930748)], [98, 2, (235080.25205405895, 582006.7023897036)]]]
[1.6, 7.825976848602295, 0.16929915694698464, 0.17461612773159996, 0, 0, [[109, 2, (233734.15812679892, 581241.6720703929)], [145, 2, (234496.97909792938, 583905.3416356744)], [16, 2, (238198.8404150485, 583531.138290462)], [70, 2, (233298.2331941409, 581691.3840471677)], [8, 2, (236762.07022344676, 582846.3790136421)], [90, 2, (233467.2189357769, 582217.3355930748)], [92, 2, (234101.79707441063, 582125.3675518178)], [98, 2, (235080.25205405895, 582006.7023897036)]]]
[1.8, 8.479976654052734, 0.18207556790384014, 0.18736337409029827, 0, 0, [[109, 2, (233734.15812679892, 581241.6720703929)], [145, 2, (234496.97909792938, 583905.3416356744)], [16, 2, (238198.8404150485, 583531.138290462)], [40, 2, (231708.8370217081, 582892.1085155534)], [70, 2, (233298.2331941409, 581691.3840471677)], [8, 2, (236762.07022344676, 582846.3790136421)], [90, 2, (233467.2189357769, 582217.3355930748)], [92, 2, (234101.79707441063, 582125.3675518178)], [98, 2, (235080.25205405895, 582006.7023897036)]]]
[2.0, 8.747975587844849, 0.19381166857852905, 0.19894076559333818, 0, 0, [[109, 2, (233734.15812679892, 581241.6720703929)], [145, 2, (234496.97909792938, 583905.3416356744)], [15, 2, (238019.24414109826, 583445.5433808594)], [17, 2, (238378.43668899868, 583616.7332000644)], [40, 2, (231708.8370217081, 582892.1085155534)], [70, 2, (233298.2331941409, 581691.3840471677)], [8, 2, (236762.07022344676, 582846.3790136421)], [90, 2, (233467.2189357769, 582217.3355930748)], [92, 2, (234101.79707441063, 582125.3675518178)], [98, 2, (235080.25205405895, 582006.7023897036)]]]
[2.2, 9.472973823547363, 0.20537438441361855, 0.21048264585059434, 0, 0, [[109, 2, (233734.15812679892, 581241.6720703929)], [145, 2, (234496.97909792938, 583905.3416356744)], [15, 2, (238019.24414109826, 583445.5433808594)], [159, 2, (235406.44730945528, 583034.9258935207)], [17, 2, (238378.43668899868, 583616.7332000644)], [40, 2, (231708.8370217081, 582892.1085155534)], [70, 2, (233298.2331941409, 581691.3840471677)], [8, 2, (236762.07022344676, 582846.3790136421)], [90, 2, (233467.2189357769, 582217.3355930748)], [92, 2, (234101.79707441063, 582125.3675518178)], [98, 2, (235080.25205405895, 582006.7023897036)]]]
[2.4000000000000004, 8.519975662231445, 0.21543177771908625, 0.220520750733115, 0, 0, [[109, 2, (233734.15812679892, 581241.6720703929)], [145, 2, (234496.97909792938, 583905.3416356744)], [15, 2, (238019.24414109826, 583445.5433808594)], [159, 2, (235406.44730945528, 583034.9258935207)], [17, 2, (238378.43668899868, 583616.7332000644)], [40, 2, (231708.8370217081, 582892.1085155534)], [70, 2, (233298.2331941409, 581691.3840471677)], [8, 2, (236762.07022344676, 582846.3790136421)], [82, 2, (234074.2867080758, 582968.4699835483)], [90, 2, (233467.2189357769, 582217.3355930748)], [92, 2, (234101.79707441063, 582125.3675518178)], [98, 2, (235080.25205405895, 582006.7023897036)]]]
[2.6000000000000005, 9.691972017288208, 0.22516886633221256, 0.23023157589132554, 0, 0, [[109, 2, (233734.15812679892, 581241.6720703929)], [111, 2, (234557.8505954967, 581585.1904894632)], [145, 2, (234496.97909792938, 583905.3416356744)], [15, 2, (238019.24414109826, 583445.5433808594)], [159, 2, (235406.44730945528, 583034.9258935207)], [17, 2, (238378.43668899868, 583616.7332000644)], [40, 2, (231708.8370217081, 582892.1085155534)], [70, 2, (233298.2331941409, 581691.3840471677)], [8, 2, (236762.07022344676, 582846.3790136421)], [82, 2, (234074.2867080758, 582968.4699835483)], [90, 2, (233467.2189357769, 582217.3355930748)], [92, 2, (234101.79707441063, 582125.3675518178)], [98, 2, (235080.25205405895, 582006.7023897036)]]]
[2.8000000000000003, 11.076969861984253, 0.23478637405433062, 0.2397968565545541, 0, 0, [[109, 2, (233734.15812679892, 581241.6720703929)], [111, 2, (234557.8505954967, 581585.1904894632)], [145, 2, (234496.97909792938, 583905.3416356744)], [15, 2, (238019.24414109826, 583445.5433808594)], [158, 2, (235292.03692339515, 583189.0562504934)], [17, 2, (238378.43668899868, 583616.7332000644)], [286, 2, (235518.44881735323, 582879.0074353205)], [40, 2, (231708.8370217081, 582892.1085155534)], [70, 2, (233298.2331941409, 581691.3840471677)], [8, 2, (236762.07022344676, 582846.3790136421)], [82, 2, (234074.2867080758, 582968.4699835483)], [90, 2, (233467.2189357769, 582217.3355930748)], [92, 2, (234101.79707441063, 582125.3675518178)], [98, 2, (235080.25205405895, 582006.7023897036)]]]
[3.0000000000000004, 10.700969934463501, 0.24429583270466082, 0.24930297900534057, 0, 0, [[109, 2, (233734.15812679892, 581241.6720703929)], [111, 2, (234557.8505954967, 581585.1904894632)], [145, 2, (234496.97909792938, 583905.3416356744)], [15, 2, (238019.24414109826, 583445.5433808594)], [158, 2, (235292.03692339515, 583189.0562504934)], [17, 2, (238378.43668899868, 583616.7332000644)], [286, 2, (235518.44881735323, 582879.0074353205)], [40, 2, (231708.8370217081, 582892.1085155534)], [70, 2, (233298.2331941409, 581691.3840471677)], [8, 2, (236762.07022344676, 582846.3790136421)], [82, 2, (234074.2867080758, 582968.4699835483)], [90, 2, (233467.2189357769, 582217.3355930748)], [91, 2, (233632.3160047483, 582305.8619288091)], [92, 2, (234101.79707441063, 582125.3675518178)], [98, 2, (235080.25205405895, 582006.7023897036)]]]
[3.2, 12.80796504020691, 0.2531196144790705, 0.25814521337537727, 0, 0, [[109, 2, (233734.15812679892, 581241.6720703929)], [111, 2, (234557.8505954967, 581585.1904894632)], [145, 2, (234496.97909792938, 583905.3416356744)], [15, 2, (238019.24414109826, 583445.5433808594)], [159, 2, (235406.44730945528, 583034.9258935207)], [17, 2, (238378.43668899868, 583616.7332000644)], [274, 2, (234495.50944963004, 583902.726270714)], [286, 2, (235518.44881735323, 582879.0074353205)], [40, 2, (231708.8370217081, 582892.1085155534)], [70, 2, (233298.2331941409, 581691.3840471677)], [8, 2, (236762.07022344676, 582846.3790136421)], [82, 2, (234074.2867080758, 582968.4699835483)], [90, 2, (233467.2189357769, 582217.3355930748)], [91, 2, (233632.3160047483, 582305.8619288091)], [92, 2, (234101.79707441063, 582125.3675518178)], [98, 2, (235080.25205405895, 582006.7023897036)]]]
[3.4000000000000004, 14.667958736419678, 0.26179744419956347, 0.2668096254941241, 0, 0, [[109, 2, (233734.15812679892, 581241.6720703929)], [111, 2, (234557.8505954967, 581585.1904894632)], [145, 2, (234496.97909792938, 583905.3416356744)], [15, 2, (238019.24414109826, 583445.5433808594)], [159, 2, (235406.44730945528, 583034.9258935207)], [17, 2, (238378.43668899868, 583616.7332000644)], [202, 2, (231706.21074463628, 582890.6584573677)], [274, 2, (234495.50944963004, 583902.726270714)], [286, 2, (235518.44881735323, 582879.0074353205)], [40, 2, (231708.8370217081, 582892.1085155534)], [70, 2, (233298.2331941409, 581691.3840471677)], [8, 2, (236762.07022344676, 582846.3790136421)], [82, 2, (234074.2867080758, 582968.4699835483)], [90, 2, (233467.2189357769, 582217.3355930748)], [91, 2, (233632.3160047483, 582305.8619288091)], [92, 2, (234101.79707441063, 582125.3675518178)], [98, 2, (235080.25205405895, 582006.7023897036)]]]
[3.6000000000000005, 26.404927015304565, 0.2702136774217118, 0.2751458127926166, 0, 0, [[109, 2, (233734.15812679892, 581241.6720703929)], [111, 2, (234557.8505954967, 581585.1904894632)], [145, 2, (234496.97909792938, 583905.3416356744)], [15, 2, (238019.24414109826, 583445.5433808594)], [158, 2, (235292.03692339515, 583189.0562504934)], [17, 2, (238378.43668899868, 583616.7332000644)], [202, 2, (231706.21074463628, 582890.6584573677)], [274, 2, (234495.50944963004, 583902.726270714)], [286, 2, (235518.44881735323, 582879.0074353205)], [291, 2, (235634.6330434814, 582414.0495115482)], [40, 2, (231708.8370217081, 582892.1085155534)], [70, 2, (233298.2331941409, 581691.3840471677)], [8, 2, (236762.07022344676, 582846.3790136421)], [82, 2, (234074.2867080758, 582968.4699835483)], [90, 2, (233467.2189357769, 582217.3355930748)], [91, 2, (233632.3160047483, 582305.8619288091)], [92, 2, (234101.79707441063, 582125.3675518178)], [98, 2, (235080.25205405895, 582006.7023897036)]]]
[3.8000000000000003, 16.643954515457153, 0.27839868750016916, 0.28331956515842577, 0, 0, [[109, 2, (233734.15812679892, 581241.6720703929)], [111, 2, (234557.8505954967, 581585.1904894632)], [145, 2, (234496.97909792938, 583905.3416356744)], [15, 2, (238019.24414109826, 583445.5433808594)], [158, 2, (235292.03692339515, 583189.0562504934)], [17, 2, (238378.43668899868, 583616.7332000644)], [202, 2, (231706.21074463628, 582890.6584573677)], [236, 2, (234099.150698051, 582123.9545082363)], [274, 2, (234495.50944963004, 583902.726270714)], [286, 2, (235518.44881735323, 582879.0074353205)], [291, 2, (235634.6330434814, 582414.0495115482)], [40, 2, (231708.8370217081, 582892.1085155534)], [70, 2, (233298.2331941409, 581691.3840471677)], [8, 2, (236762.07022344676, 582846.3790136421)], [82, 2, (234074.2867080758, 582968.4699835483)], [90, 2, (233467.2189357769, 582217.3355930748)], [91, 2, (233632.3160047483, 582305.8619288091)], [92, 2, (234101.79707441063, 582125.3675518178)], [98, 2, (235080.25205405895, 582006.7023897036)]]]
[4.0, 22.186938285827637, 0.2865124628761572, 0.2914184177509141, 0, 0, [[109, 2, (233734.15812679892, 581241.6720703929)], [111, 2, (234557.8505954967, 581585.1904894632)], [145, 2, (234496.97909792938, 583905.3416356744)], [15, 2, (238019.24414109826, 583445.5433808594)], [158, 2, (235292.03692339515, 583189.0562504934)], [17, 2, (238378.43668899868, 583616.7332000644)], [202, 2, (231706.21074463628, 582890.6584573677)], [236, 2, (234099.150698051, 582123.9545082363)], [249, 2, (233280.64532449422, 581231.3666195354)], [274, 2, (234495.50944963004, 583902.726270714)], [286, 2, (235518.44881735323, 582879.0074353205)], [291, 2, (235634.6330434814, 582414.0495115482)], [40, 2, (231708.8370217081, 582892.1085155534)], [70, 2, (233298.2331941409, 581691.3840471677)], [8, 2, (236762.07022344676, 582846.3790136421)], [82, 2, (234074.2867080758, 582968.4699835483)], [90, 2, (233467.2189357769, 582217.3355930748)], [91, 2, (233632.3160047483, 582305.8619288091)], [92, 2, (234101.79707441063, 582125.3675518178)], [98, 2, (235080.25205405895, 582006.7023897036)]]]
