['budget', 'runtime', 'objective_value', 'flow_caught_optimal', 'flow_caught_fixed_solution', 'flow_impact_area', ['solution']]
[0.2, 4.34295916557312, 0.0024629849950184766, 0.002619692986784933, 0.0022343791644721094, 0, [[226, 2, (84560.50398411034, 446806.73360668455)]]]
[0.4, 4.854868412017822, 0.005025478461909137, 0.005200640817423224, 0.0048540721366420875, 0, [[114, 2, (84321.7806164654, 448354.19495508034)], [226, 2, (84560.50398411034, 446806.73360668455)]]]
[0.6000000000000001, 4.9313294887542725, 0.0071493773404414426, 0.007344351799259824, 0.007344352510140054, 0, [[114, 2, (84321.7806164654, 448354.19495508034)], [226, 2, (84560.50398411034, 446806.73360668455)], [70, 2, (84511.71855341281, 448279.6820707427)]]]
[0.8, 5.036070823669434, 0.008951803520067407, 0.009165233889806057, 0.008766284073390905, 0, [[114, 2, (84321.7806164654, 448354.19495508034)], [226, 2, (84560.50398411034, 446806.73360668455)], [259, 2, (84168.62205857776, 448415.7347993425)], [70, 2, (84511.71855341281, 448279.6820707427)]]]
[1.0, 5.529007196426392, 0.020126363274834906, 0.020362189174058905, 0.010295674407494697, 0, [[70, 1, (84511.71855341281, 448279.6820707427)]]]
[1.2, 5.257190227508545, 0.022726967709615534, 0.022981882027605736, 0.011626893602168864, 0, [[226, 2, (84560.50398411034, 446806.73360668455)], [70, 1, (84511.71855341281, 448279.6820707427)]]]
[1.4000000000000001, 5.537063121795654, 0.024470931644284707, 0.024744386940494967, 0.012520859103536088, 0, [[114, 2, (84321.7806164654, 448354.19495508034)], [226, 2, (84560.50398411034, 446806.73360668455)], [70, 1, (84511.71855341281, 448279.6820707427)]]]
[1.6, 5.362298488616943, 0.0261954604551571, 0.026488066518592528, 0.013492843945516468, 0, [[114, 2, (84321.7806164654, 448354.19495508034)], [226, 2, (84560.50398411034, 446806.73360668455)], [60, 2, (84669.18401079041, 446520.3107575243)], [70, 1, (84511.71855341281, 448279.6820707427)]]]
[1.8, 5.438037157058716, 0.027705099561494972, 0.02801745481280338, 0.014293499028998014, 0, [[114, 2, (84321.7806164654, 448354.19495508034)], [226, 2, (84560.50398411034, 446806.73360668455)], [26, 2, (84057.45199692005, 447189.4312589713)], [60, 2, (84669.18401079041, 446520.3107575243)], [70, 1, (84511.71855341281, 448279.6820707427)]]]
[2.0, 5.643813848495483, 0.03889952557829202, 0.03922878641933684, 0.015542642651760287, 0, [[226, 1, (84560.50398411034, 446806.73360668455)], [70, 1, (84511.71855341281, 448279.6820707427)]]]
[2.2, 5.507897853851318, 0.040643489503110856, 0.04099129132238393, 0.016426394819150373, 0, [[114, 2, (84321.7806164654, 448354.19495508034)], [226, 1, (84560.50398411034, 446806.73360668455)], [70, 1, (84511.71855341281, 448279.6820707427)]]]
[2.4000000000000004, 5.593974828720093, 0.042153117520981054, 0.042520668521322344, 0.017205743229887098, 0, [[114, 2, (84321.7806164654, 448354.19495508034)], [226, 1, (84560.50398411034, 446806.73360668455)], [26, 2, (84057.45199692005, 447189.4312589713)], [70, 1, (84511.71855341281, 448279.6820707427)]]]
[2.6000000000000005, 5.591828107833862, 0.04347875630788468, 0.04386481800065557, 0.01774555579832647, 0, [[114, 2, (84321.7806164654, 448354.19495508034)], [226, 1, (84560.50398411034, 446806.73360668455)], [259, 2, (84168.62205857776, 448415.7347993425)], [26, 2, (84057.45199692005, 447189.4312589713)], [70, 1, (84511.71855341281, 448279.6820707427)]]]
[2.8000000000000003, 5.7619688510894775, 0.04478843384603477, 0.04519437675571998, 0.018338531756377112, 0, [[114, 2, (84321.7806164654, 448354.19495508034)], [163, 2, (85103.85770371312, 447346.7084731901)], [226, 1, (84560.50398411034, 446806.73360668455)], [259, 2, (84168.62205857776, 448415.7347993425)], [26, 2, (84057.45199692005, 447189.4312589713)], [70, 1, (84511.71855341281, 448279.6820707427)]]]
[3.0000000000000004, 5.736970663070679, 0.05085834867949658, 0.051286532295323796, 0.018939112704137322, 0, [[163, 1, (85103.85770371312, 447346.7084731901)], [226, 1, (84560.50398411034, 446806.73360668455)], [70, 1, (84511.71855341281, 448279.6820707427)]]]
[3.2, 5.509393692016602, 0.052602167866121013, 0.053048892456481866, 0.019693542264630853, 0, [[114, 2, (84321.7806164654, 448354.19495508034)], [163, 1, (85103.85770371312, 447346.7084731901)], [226, 1, (84560.50398411034, 446806.73360668455)], [70, 1, (84511.71855341281, 448279.6820707427)]]]
[3.4000000000000004, 5.5885350704193115, 0.05411179439772234, 0.054578268169284364, 0.020605568677155232, 0, [[114, 2, (84321.7806164654, 448354.19495508034)], [163, 1, (85103.85770371312, 447346.7084731901)], [226, 1, (84560.50398411034, 446806.73360668455)], [26, 2, (84057.45199692005, 447189.4312589713)], [70, 1, (84511.71855341281, 448279.6820707427)]]]
[3.6000000000000005, 5.80074405670166, 0.05543743311266831, 0.05592241757671412, 0.021177064043646623, 0, [[114, 2, (84321.7806164654, 448354.19495508034)], [163, 1, (85103.85770371312, 447346.7084731901)], [226, 1, (84560.50398411034, 446806.73360668455)], [259, 2, (84168.62205857776, 448415.7347993425)], [26, 2, (84057.45199692005, 447189.4312589713)], [70, 1, (84511.71855341281, 448279.6820707427)]]]
[3.8000000000000003, 5.964030504226685, 0.056639151642868646, 0.057143675391150284, 0.021800092175234834, 0, [[114, 2, (84321.7806164654, 448354.19495508034)], [163, 1, (85103.85770371312, 447346.7084731901)], [226, 1, (84560.50398411034, 446806.73360668455)], [259, 2, (84168.62205857776, 448415.7347993425)], [26, 2, (84057.45199692005, 447189.4312589713)], [61, 2, (84701.79549288675, 446442.3202262279)], [70, 1, (84511.71855341281, 448279.6820707427)]]]
[4.0, 5.705991983413696, 0.06225815781142505, 0.06277682950377872, 0.023297901700531625, 0, [[114, 1, (84321.7806164654, 448354.19495508034)], [163, 1, (85103.85770371312, 447346.7084731901)], [226, 1, (84560.50398411034, 446806.73360668455)], [70, 1, (84511.71855341281, 448279.6820707427)]]]
