['budget', 'runtime', 'objective_value', 'flow_caught_optimal', 'flow_caught_fixed_solution', 'flow_impact_area', ['solution']]
[0.2, 5.228807210922241, 0.00917678133372015, 0.0093311539213193, 0.0087136219344413, 0, [[226, 2, (84560.50398411034, 446806.73360668455)]]]
[0.4, 5.068950891494751, 0.017964587660173864, 0.018133688728237084, 0.018044775652693884, 0, [[114, 2, (84321.7806164654, 448354.19495508034)], [226, 2, (84560.50398411034, 446806.73360668455)]]]
[0.6000000000000001, 4.872102737426758, 0.02546052851639466, 0.025648986671375912, 0.025648987055287814, 0, [[114, 2, (84321.7806164654, 448354.19495508034)], [226, 2, (84560.50398411034, 446806.73360668455)], [70, 2, (84511.71855341281, 448279.6820707427)]]]
[0.8, 4.98236608505249, 0.03096748159469353, 0.031175032861351388, 0.031036008678391246, 0, [[114, 2, (84321.7806164654, 448354.19495508034)], [226, 2, (84560.50398411034, 446806.73360668455)], [26, 2, (84057.45199692005, 447189.4312589713)], [70, 2, (84511.71855341281, 448279.6820707427)]]]
[1.0, 5.547121524810791, 0.03633498118559, 0.03656205162555031, 0.03656205442513843, 0, [[114, 2, (84321.7806164654, 448354.19495508034)], [163, 2, (85103.85770371312, 447346.7084731901)], [226, 2, (84560.50398411034, 446806.73360668455)], [26, 2, (84057.45199692005, 447189.4312589713)], [70, 2, (84511.71855341281, 448279.6820707427)]]]
[1.2, 5.601003170013428, 0.04147152655392955, 0.04171666977963865, 0.04124682335076578, 0, [[114, 2, (84321.7806164654, 448354.19495508034)], [163, 2, (85103.85770371312, 447346.7084731901)], [226, 2, (84560.50398411034, 446806.73360668455)], [26, 2, (84057.45199692005, 447189.4312589713)], [61, 2, (84701.79549288675, 446442.3202262279)], [70, 2, (84511.71855341281, 448279.6820707427)]]]
[1.4000000000000001, 5.471228837966919, 0.04546976931834848, 0.045730953464565086, 0.04473668637139891, 0, [[114, 2, (84321.7806164654, 448354.19495508034)], [118, 2, (84168.73520731303, 448418.73266481044)], [163, 2, (85103.85770371312, 447346.7084731901)], [226, 2, (84560.50398411034, 446806.73360668455)], [26, 2, (84057.45199692005, 447189.4312589713)], [61, 2, (84701.79549288675, 446442.3202262279)], [70, 2, (84511.71855341281, 448279.6820707427)]]]
[1.6, 6.677555084228516, 0.04933220529741889, 0.049612268514754976, 0.04806177630963001, 0, [[114, 2, (84321.7806164654, 448354.19495508034)], [118, 2, (84168.73520731303, 448418.73266481044)], [161, 2, (85014.62799713778, 447197.8441528263)], [163, 2, (85103.85770371312, 447346.7084731901)], [226, 2, (84560.50398411034, 446806.73360668455)], [26, 2, (84057.45199692005, 447189.4312589713)], [61, 2, (84701.79549288675, 446442.3202262279)], [70, 2, (84511.71855341281, 448279.6820707427)]]]
[1.8, 7.475860118865967, 0.052933561175294214, 0.053232064602485876, 0.05105913321168271, 0, [[114, 2, (84321.7806164654, 448354.19495508034)], [118, 2, (84168.73520731303, 448418.73266481044)], [161, 2, (85014.62799713778, 447197.8441528263)], [163, 2, (85103.85770371312, 447346.7084731901)], [226, 2, (84560.50398411034, 446806.73360668455)], [26, 2, (84057.45199692005, 447189.4312589713)], [60, 2, (84669.18401079041, 446520.3107575243)], [62, 2, (84734.4069749831, 446364.3296949315)], [70, 2, (84511.71855341281, 448279.6820707427)]]]
[2.0, 9.913783073425293, 0.05641868255533444, 0.05673609805435263, 0.05495251999673044, 0, [[114, 2, (84321.7806164654, 448354.19495508034)], [115, 2, (84381.3512677924, 448293.185272455)], [161, 2, (85014.62799713778, 447197.8441528263)], [163, 2, (85103.85770371312, 447346.7084731901)], [226, 2, (84560.50398411034, 446806.73360668455)], [261, 2, (83884.42612877121, 448433.36499306577)], [26, 2, (84057.45199692005, 447189.4312589713)], [60, 2, (84669.18401079041, 446520.3107575243)], [62, 2, (84734.4069749831, 446364.3296949315)], [70, 2, (84511.71855341281, 448279.6820707427)]]]
[2.2, 10.719471454620361, 0.05988663819717255, 0.0602238220002241, 0.05796080112311934, 0, [[114, 2, (84321.7806164654, 448354.19495508034)], [115, 2, (84381.3512677924, 448293.185272455)], [161, 2, (85014.62799713778, 447197.8441528263)], [163, 2, (85103.85770371312, 447346.7084731901)], [226, 2, (84560.50398411034, 446806.73360668455)], [261, 2, (83884.42612877121, 448433.36499306577)], [26, 2, (84057.45199692005, 447189.4312589713)], [31, 2, (84318.82415941388, 446995.7004732543)], [60, 2, (84669.18401079041, 446520.3107575243)], [62, 2, (84734.4069749831, 446364.3296949315)], [70, 2, (84511.71855341281, 448279.6820707427)]]]
[2.4000000000000004, 15.452024698257446, 0.06299841879252556, 0.06335432662073572, 0.06078775341222301, 0, [[114, 2, (84321.7806164654, 448354.19495508034)], [115, 2, (84381.3512677924, 448293.185272455)], [158, 2, (84785.11046605089, 447028.95647427486)], [161, 2, (85014.62799713778, 447197.8441528263)], [163, 2, (85103.85770371312, 447346.7084731901)], [226, 2, (84560.50398411034, 446806.73360668455)], [261, 2, (83884.42612877121, 448433.36499306577)], [26, 2, (84057.45199692005, 447189.4312589713)], [31, 2, (84318.82415941388, 446995.7004732543)], [60, 2, (84669.18401079041, 446520.3107575243)], [62, 2, (84734.4069749831, 446364.3296949315)], [70, 2, (84511.71855341281, 448279.6820707427)]]]
[2.6000000000000005, 21.4244167804718, 0.06601394473723515, 0.06638906034433259, 0.06303317941153946, 0, [[114, 2, (84321.7806164654, 448354.19495508034)], [115, 2, (84381.3512677924, 448293.185272455)], [158, 2, (84785.11046605089, 447028.95647427486)], [161, 2, (85014.62799713778, 447197.8441528263)], [163, 2, (85103.85770371312, 447346.7084731901)], [226, 2, (84560.50398411034, 446806.73360668455)], [25, 2, (83984.76110470721, 447138.6254235093)], [261, 2, (83884.42612877121, 448433.36499306577)], [26, 2, (84057.45199692005, 447189.4312589713)], [31, 2, (84318.82415941388, 446995.7004732543)], [60, 2, (84669.18401079041, 446520.3107575243)], [62, 2, (84734.4069749831, 446364.3296949315)], [70, 2, (84511.71855341281, 448279.6820707427)]]]
[2.8000000000000003, 26.37323307991028, 0.06899276126866498, 0.06938739238738502, 0.06537358870706393, 0, [[114, 2, (84321.7806164654, 448354.19495508034)], [115, 2, (84381.3512677924, 448293.185272455)], [158, 2, (84785.11046605089, 447028.95647427486)], [161, 2, (85014.62799713778, 447197.8441528263)], [163, 2, (85103.85770371312, 447346.7084731901)], [226, 2, (84560.50398411034, 446806.73360668455)], [248, 2, (84519.52680965864, 446766.45736599696)], [25, 2, (83984.76110470721, 447138.6254235093)], [261, 2, (83884.42612877121, 448433.36499306577)], [26, 2, (84057.45199692005, 447189.4312589713)], [31, 2, (84318.82415941388, 446995.7004732543)], [61, 2, (84701.79549288675, 446442.3202262279)], [62, 2, (84734.4069749831, 446364.3296949315)], [70, 2, (84511.71855341281, 448279.6820707427)]]]
[3.0000000000000004, 57.11288785934448, 0.07196337726140731, 0.07237781766832518, 0.06773131881035604, 0, [[114, 2, (84321.7806164654, 448354.19495508034)], [115, 2, (84381.3512677924, 448293.185272455)], [158, 2, (84785.11046605089, 447028.95647427486)], [161, 2, (85014.62799713778, 447197.8441528263)], [163, 2, (85103.85770371312, 447346.7084731901)], [207, 2, (84230.3564312548, 447162.8424262521)], [226, 2, (84560.50398411034, 446806.73360668455)], [248, 2, (84519.52680965864, 446766.45736599696)], [25, 2, (83984.76110470721, 447138.6254235093)], [261, 2, (83884.42612877121, 448433.36499306577)], [26, 2, (84057.45199692005, 447189.4312589713)], [31, 2, (84318.82415941388, 446995.7004732543)], [61, 2, (84701.79549288675, 446442.3202262279)], [62, 2, (84734.4069749831, 446364.3296949315)], [70, 2, (84511.71855341281, 448279.6820707427)]]]
[3.2, 30.08931851387024, 0.07490116021220652, 0.07533540821512535, 0.07038804433520315, 0, [[114, 2, (84321.7806164654, 448354.19495508034)], [115, 2, (84381.3512677924, 448293.185272455)], [158, 2, (84785.11046605089, 447028.95647427486)], [161, 2, (85014.62799713778, 447197.8441528263)], [163, 2, (85103.85770371312, 447346.7084731901)], [207, 2, (84230.3564312548, 447162.8424262521)], [226, 2, (84560.50398411034, 446806.73360668455)], [248, 2, (84519.52680965864, 446766.45736599696)], [25, 2, (83984.76110470721, 447138.6254235093)], [261, 2, (83884.42612877121, 448433.36499306577)], [26, 2, (84057.45199692005, 447189.4312589713)], [270, 2, (84376.6436397008, 448183.32462977996)], [31, 2, (84318.82415941388, 446995.7004732543)], [61, 2, (84701.79549288675, 446442.3202262279)], [62, 2, (84734.4069749831, 446364.3296949315)], [70, 2, (84511.71855341281, 448279.6820707427)]]]
[3.4000000000000004, 264.1128034591675, 0.07767510897204015, 0.07812917160827695, 0.07334802673007704, 0, [[114, 2, (84321.7806164654, 448354.19495508034)], [115, 2, (84381.3512677924, 448293.185272455)], [158, 2, (84785.11046605089, 447028.95647427486)], [161, 2, (85014.62799713778, 447197.8441528263)], [163, 2, (85103.85770371312, 447346.7084731901)], [205, 2, (84316.15073994012, 446994.3392868904)], [207, 2, (84230.3564312548, 447162.8424262521)], [226, 2, (84560.50398411034, 446806.73360668455)], [248, 2, (84519.52680965864, 446766.45736599696)], [25, 2, (83984.76110470721, 447138.6254235093)], [261, 2, (83884.42612877121, 448433.36499306577)], [26, 2, (84057.45199692005, 447189.4312589713)], [270, 2, (84376.6436397008, 448183.32462977996)], [31, 2, (84318.82415941388, 446995.7004732543)], [61, 2, (84701.79549288675, 446442.3202262279)], [62, 2, (84734.4069749831, 446364.3296949315)], [70, 2, (84511.71855341281, 448279.6820707427)]]]
[3.6000000000000005, 311.14637780189514, 0.08034178602217801, 0.08081566599598994, 0.07559199871574657, 0, [[114, 2, (84321.7806164654, 448354.19495508034)], [115, 2, (84381.3512677924, 448293.185272455)], [158, 2, (84785.11046605089, 447028.95647427486)], [161, 2, (85014.62799713778, 447197.8441528263)], [163, 2, (85103.85770371312, 447346.7084731901)], [205, 2, (84316.15073994012, 446994.3392868904)], [207, 2, (84230.3564312548, 447162.8424262521)], [226, 2, (84560.50398411034, 446806.73360668455)], [248, 2, (84519.52680965864, 446766.45736599696)], [25, 2, (83984.76110470721, 447138.6254235093)], [261, 2, (83884.42612877121, 448433.36499306577)], [26, 2, (84057.45199692005, 447189.4312589713)], [270, 2, (84376.6436397008, 448183.32462977996)], [31, 2, (84318.82415941388, 446995.7004732543)], [61, 2, (84701.79549288675, 446442.3202262279)], [62, 2, (84734.4069749831, 446364.3296949315)], [70, 2, (84511.71855341281, 448279.6820707427)], [71, 2, (84582.51518770622, 448327.18855165574)]]]
[3.8000000000000003, 126.95348072052002, 0.08293371061979755, 0.0834269606540999, 0.0779326177446715, 0, [[114, 2, (84321.7806164654, 448354.19495508034)], [115, 2, (84381.3512677924, 448293.185272455)], [158, 2, (84785.11046605089, 447028.95647427486)], [161, 2, (85014.62799713778, 447197.8441528263)], [163, 2, (85103.85770371312, 447346.7084731901)], [205, 2, (84316.15073994012, 446994.3392868904)], [207, 2, (84230.3564312548, 447162.8424262521)], [226, 2, (84560.50398411034, 446806.73360668455)], [248, 2, (84519.52680965864, 446766.45736599696)], [25, 2, (83984.76110470721, 447138.6254235093)], [261, 2, (83884.42612877121, 448433.36499306577)], [26, 2, (84057.45199692005, 447189.4312589713)], [270, 2, (84376.6436397008, 448183.32462977996)], [31, 2, (84318.82415941388, 446995.7004732543)], [61, 2, (84701.79549288675, 446442.3202262279)], [62, 2, (84734.4069749831, 446364.3296949315)], [65, 2, (84935.46094662073, 446105.53507511714)], [70, 2, (84511.71855341281, 448279.6820707427)], [71, 2, (84582.51518770622, 448327.18855165574)]]]
[4.0, 161.01138067245483, 0.08548954833328425, 0.08600169868594622, 0.08180063331089826, 0, [[114, 2, (84321.7806164654, 448354.19495508034)], [115, 2, (84381.3512677924, 448293.185272455)], [158, 2, (84785.11046605089, 447028.95647427486)], [161, 2, (85014.62799713778, 447197.8441528263)], [163, 2, (85103.85770371312, 447346.7084731901)], [205, 2, (84316.15073994012, 446994.3392868904)], [207, 2, (84230.3564312548, 447162.8424262521)], [226, 2, (84560.50398411034, 446806.73360668455)], [248, 2, (84519.52680965864, 446766.45736599696)], [25, 2, (83984.76110470721, 447138.6254235093)], [261, 2, (83884.42612877121, 448433.36499306577)], [26, 2, (84057.45199692005, 447189.4312589713)], [265, 2, (83650.41718289697, 448834.68904687284)], [270, 2, (84376.6436397008, 448183.32462977996)], [31, 2, (84318.82415941388, 446995.7004732543)], [61, 2, (84701.79549288675, 446442.3202262279)], [62, 2, (84734.4069749831, 446364.3296949315)], [65, 2, (84935.46094662073, 446105.53507511714)], [70, 2, (84511.71855341281, 448279.6820707427)], [71, 2, (84582.51518770622, 448327.18855165574)]]]
