['budget', 'runtime', 'objective_value', 'flow_caught_optimal', 'flow_caught_fixed_solution', 'flow_impact_area', ['solution']]
[0.2, 5.688809633255005, 0.004784271838772625, 0.004940172367414695, 0.0043436680718913455, 0, [[226, 2, (84560.50398411034, 446806.73360668455)]]]
[0.4, 5.465722322463989, 0.009560704376002451, 0.009733734213931547, 0.009283840385707579, 0, [[114, 2, (84321.7806164654, 448354.19495508034)], [226, 2, (84560.50398411034, 446806.73360668455)]]]
[0.6000000000000001, 5.5022807121276855, 0.013558084843711736, 0.013750766377038311, 0.013750766377038301, 0, [[114, 2, (84321.7806164654, 448354.19495508034)], [226, 2, (84560.50398411034, 446806.73360668455)], [70, 2, (84511.71855341281, 448279.6820707427)]]]
[0.8, 5.485357046127319, 0.016603372326807378, 0.01681454237488575, 0.016487817990254318, 0, [[114, 2, (84321.7806164654, 448354.19495508034)], [226, 2, (84560.50398411034, 446806.73360668455)], [60, 2, (84669.18401079041, 446520.3107575243)], [70, 2, (84511.71855341281, 448279.6820707427)]]]
[1.0, 5.812596559524536, 0.02012636388402685, 0.020362189705791567, 0.019386145869118396, 0, [[70, 1, (84511.71855341281, 448279.6820707427)]]]
[1.2, 5.615008115768433, 0.025048255054210645, 0.0253023619097498, 0.021885522748278236, 0, [[226, 2, (84560.50398411034, 446806.73360668455)], [70, 1, (84511.71855341281, 448279.6820707427)]]]
[1.4000000000000001, 5.687819242477417, 0.02830570603063519, 0.028577102018155366, 0.02362388776250706, 0, [[114, 2, (84321.7806164654, 448354.19495508034)], [226, 2, (84560.50398411034, 446806.73360668455)], [70, 1, (84511.71855341281, 448279.6820707427)]]]
[1.6, 5.904235124588013, 0.03135099436055928, 0.031640879245681215, 0.025430754978430073, 0, [[114, 2, (84321.7806164654, 448354.19495508034)], [226, 2, (84560.50398411034, 446806.73360668455)], [60, 2, (84669.18401079041, 446520.3107575243)], [70, 1, (84511.71855341281, 448279.6820707427)]]]
[1.8, 5.787725925445557, 0.034229796010706116, 0.0345392055655823, 0.026966680095497166, 0, [[114, 2, (84321.7806164654, 448354.19495508034)], [226, 2, (84560.50398411034, 446806.73360668455)], [26, 2, (84057.45199692005, 447189.4312589713)], [60, 2, (84669.18401079041, 446520.3107575243)], [70, 1, (84511.71855341281, 448279.6820707427)]]]
[2.0, 5.729025602340698, 0.038899525578332934, 0.03922878641937779, 0.029226196088895023, 0, [[226, 1, (84560.50398411034, 446806.73360668455)], [70, 1, (84511.71855341281, 448279.6820707427)]]]
[2.2, 5.795524835586548, 0.042156977085599005, 0.04250352705878657, 0.030864395776261076, 0, [[114, 2, (84321.7806164654, 448354.19495508034)], [226, 1, (84560.50398411034, 446806.73360668455)], [70, 1, (84511.71855341281, 448279.6820707427)]]]
[2.4000000000000004, 5.893263578414917, 0.045035759382169145, 0.04540183403098348, 0.03234390818155245, 0, [[114, 2, (84321.7806164654, 448354.19495508034)], [226, 1, (84560.50398411034, 446806.73360668455)], [26, 2, (84057.45199692005, 447189.4312589713)], [70, 1, (84511.71855341281, 448279.6820707427)]]]
[2.6000000000000005, 5.757916688919067, 0.04759920606194039, 0.04798504992564943, 0.03341545840924199, 0, [[114, 2, (84321.7806164654, 448354.19495508034)], [163, 2, (85103.85770371312, 447346.7084731901)], [226, 1, (84560.50398411034, 446806.73360668455)], [26, 2, (84057.45199692005, 447189.4312589713)], [70, 1, (84511.71855341281, 448279.6820707427)]]]
[2.8000000000000003, 5.856475114822388, 0.049895884485330846, 0.050300857346057534, 0.03457270772015331, 0, [[114, 2, (84321.7806164654, 448354.19495508034)], [163, 2, (85103.85770371312, 447346.7084731901)], [226, 1, (84560.50398411034, 446806.73360668455)], [26, 2, (84057.45199692005, 447189.4312589713)], [61, 2, (84701.79549288675, 446442.3202262279)], [70, 1, (84511.71855341281, 448279.6820707427)]]]
[3.0000000000000004, 6.053138494491577, 0.05208862384130934, 0.052511102039743796, 0.03574276374925316, 0, [[114, 2, (84321.7806164654, 448354.19495508034)], [163, 2, (85103.85770371312, 447346.7084731901)], [226, 1, (84560.50398411034, 446806.73360668455)], [259, 2, (84168.62205857776, 448415.7347993425)], [26, 2, (84057.45199692005, 447189.4312589713)], [61, 2, (84701.79549288675, 446442.3202262279)], [70, 1, (84511.71855341281, 448279.6820707427)]]]
[3.2, 6.441010236740112, 0.054155507213537415, 0.054597420408642613, 0.0371599595978124, 0, [[114, 2, (84321.7806164654, 448354.19495508034)], [161, 2, (85014.62799713778, 447197.8441528263)], [163, 2, (85103.85770371312, 447346.7084731901)], [226, 1, (84560.50398411034, 446806.73360668455)], [259, 2, (84168.62205857776, 448415.7347993425)], [26, 2, (84057.45199692005, 447189.4312589713)], [61, 2, (84701.79549288675, 446442.3202262279)], [70, 1, (84511.71855341281, 448279.6820707427)]]]
[3.4000000000000004, 6.494626522064209, 0.05699443484259561, 0.05745943226279658, 0.038829558719032806, 0, [[114, 2, (84321.7806164654, 448354.19495508034)], [163, 1, (85103.85770371312, 447346.7084731901)], [226, 1, (84560.50398411034, 446806.73360668455)], [26, 2, (84057.45199692005, 447189.4312589713)], [70, 1, (84511.71855341281, 448279.6820707427)]]]
[3.6000000000000005, 7.618619680404663, 0.059281951768065756, 0.05976607901282498, 0.03994302267193914, 0, [[114, 2, (84321.7806164654, 448354.19495508034)], [163, 1, (85103.85770371312, 447346.7084731901)], [226, 1, (84560.50398411034, 446806.73360668455)], [26, 2, (84057.45199692005, 447189.4312589713)], [61, 2, (84701.79549288675, 446442.3202262279)], [70, 1, (84511.71855341281, 448279.6820707427)]]]
[3.8000000000000003, 7.6605072021484375, 0.06147470142062584, 0.06197633391767003, 0.041139345964259305, 0, [[114, 2, (84321.7806164654, 448354.19495508034)], [163, 1, (85103.85770371312, 447346.7084731901)], [226, 1, (84560.50398411034, 446806.73360668455)], [259, 2, (84168.62205857776, 448415.7347993425)], [26, 2, (84057.45199692005, 447189.4312589713)], [61, 2, (84701.79549288675, 446442.3202262279)], [70, 1, (84511.71855341281, 448279.6820707427)]]]
[4.0, 7.849999666213989, 0.06346423059850106, 0.06398537194360003, 0.043678529730378626, 0, [[114, 2, (84321.7806164654, 448354.19495508034)], [163, 1, (85103.85770371312, 447346.7084731901)], [226, 1, (84560.50398411034, 446806.73360668455)], [25, 2, (83984.76110470721, 447138.6254235093)], [259, 2, (84168.62205857776, 448415.7347993425)], [26, 2, (84057.45199692005, 447189.4312589713)], [61, 2, (84701.79549288675, 446442.3202262279)], [70, 1, (84511.71855341281, 448279.6820707427)]]]
