['budget', 'runtime', 'objective_value', 'flow_caught_optimal', 'flow_caught_fixed_solution', 'flow_impact_area', ['solution']]
[0.2, 6.913987159729004, 0.007108436652357269, 0.00726352871676877, 0.006590247458084115, 0, [[226, 2, (84560.50398411034, 446806.73360668455)]]]
[0.4, 6.8129870891571045, 0.014035519223970247, 0.014206453422037177, 0.0138537760552882, 0, [[114, 2, (84321.7806164654, 448354.19495508034)], [226, 2, (84560.50398411034, 446806.73360668455)]]]
[0.6000000000000001, 7.899985313415527, 0.019890057331629334, 0.02008048586318987, 0.020080485863189876, 0, [[114, 2, (84321.7806164654, 448354.19495508034)], [226, 2, (84560.50398411034, 446806.73360668455)], [70, 2, (84511.71855341281, 448279.6820707427)]]]
[0.8, 7.382986545562744, 0.024153323656292768, 0.024363049812515414, 0.02419173419147879, 0, [[114, 2, (84321.7806164654, 448354.19495508034)], [226, 2, (84560.50398411034, 446806.73360668455)], [26, 2, (84057.45199692005, 447189.4312589713)], [70, 2, (84511.71855341281, 448279.6820707427)]]]
[1.0, 9.94730257987976, 0.028327080262896202, 0.02855471033563133, 0.02847429745768207, 0, [[114, 2, (84321.7806164654, 448354.19495508034)], [226, 2, (84560.50398411034, 446806.73360668455)], [26, 2, (84057.45199692005, 447189.4312589713)], [60, 2, (84669.18401079041, 446520.3107575243)], [70, 2, (84511.71855341281, 448279.6820707427)]]]
[1.2, 8.024985074996948, 0.03239217636086903, 0.03263944180865897, 0.03213381450236629, 0, [[114, 2, (84321.7806164654, 448354.19495508034)], [163, 2, (85103.85770371312, 447346.7084731901)], [226, 2, (84560.50398411034, 446806.73360668455)], [26, 2, (84057.45199692005, 447189.4312589713)], [60, 2, (84669.18401079041, 446520.3107575243)], [70, 2, (84511.71855341281, 448279.6820707427)]]]
[1.4000000000000001, 7.881986141204834, 0.035957334291927996, 0.03622124226410513, 0.0347722184314337, 0, [[114, 2, (84321.7806164654, 448354.19495508034)], [118, 2, (84168.73520731303, 448418.73266481044)], [163, 2, (85103.85770371312, 447346.7084731901)], [226, 2, (84560.50398411034, 446806.73360668455)], [26, 2, (84057.45199692005, 447189.4312589713)], [60, 2, (84669.18401079041, 446520.3107575243)], [70, 2, (84511.71855341281, 448279.6820707427)]]]
[1.6, 8.07898736000061, 0.03908961705653962, 0.039372643811963946, 0.037392035594738623, 0, [[114, 2, (84321.7806164654, 448354.19495508034)], [118, 2, (84168.73520731303, 448418.73266481044)], [161, 2, (85014.62799713778, 447197.8441528263)], [163, 2, (85103.85770371312, 447346.7084731901)], [226, 2, (84560.50398411034, 446806.73360668455)], [26, 2, (84057.45199692005, 447189.4312589713)], [60, 2, (84669.18401079041, 446520.3107575243)], [70, 2, (84511.71855341281, 448279.6820707427)]]]
[1.8, 9.175983190536499, 0.042174283087576515, 0.04247618807195677, 0.039689569194887184, 0, [[114, 2, (84321.7806164654, 448354.19495508034)], [118, 2, (84168.73520731303, 448418.73266481044)], [161, 2, (85014.62799713778, 447197.8441528263)], [163, 2, (85103.85770371312, 447346.7084731901)], [226, 2, (84560.50398411034, 446806.73360668455)], [26, 2, (84057.45199692005, 447189.4312589713)], [60, 2, (84669.18401079041, 446520.3107575243)], [61, 2, (84701.79549288675, 446442.3202262279)], [70, 2, (84511.71855341281, 448279.6820707427)]]]
[2.0, 9.693982601165771, 0.04512803494884909, 0.04544870156424409, 0.04286172104193101, 0, [[114, 2, (84321.7806164654, 448354.19495508034)], [115, 2, (84381.3512677924, 448293.185272455)], [118, 2, (84168.73520731303, 448418.73266481044)], [161, 2, (85014.62799713778, 447197.8441528263)], [163, 2, (85103.85770371312, 447346.7084731901)], [226, 2, (84560.50398411034, 446806.73360668455)], [26, 2, (84057.45199692005, 447189.4312589713)], [60, 2, (84669.18401079041, 446520.3107575243)], [61, 2, (84701.79549288675, 446442.3202262279)], [70, 2, (84511.71855341281, 448279.6820707427)]]]
[2.2, 11.535979986190796, 0.04774501274568916, 0.048085503955672376, 0.04523300395246263, 0, [[114, 2, (84321.7806164654, 448354.19495508034)], [115, 2, (84381.3512677924, 448293.185272455)], [118, 2, (84168.73520731303, 448418.73266481044)], [161, 2, (85014.62799713778, 447197.8441528263)], [163, 2, (85103.85770371312, 447346.7084731901)], [226, 2, (84560.50398411034, 446806.73360668455)], [26, 2, (84057.45199692005, 447189.4312589713)], [31, 2, (84318.82415941388, 446995.7004732543)], [60, 2, (84669.18401079041, 446520.3107575243)], [61, 2, (84701.79549288675, 446442.3202262279)], [70, 2, (84511.71855341281, 448279.6820707427)]]]
[2.4000000000000004, 13.69397497177124, 0.05082028471662306, 0.05118448916441223, 0.047422073419373295, 0, [[114, 2, (84321.7806164654, 448354.19495508034)], [161, 2, (85014.62799713778, 447197.8441528263)], [163, 2, (85103.85770371312, 447346.7084731901)], [226, 2, (84560.50398411034, 446806.73360668455)], [60, 2, (84669.18401079041, 446520.3107575243)], [61, 2, (84701.79549288675, 446442.3202262279)], [70, 1, (84511.71855341281, 448279.6820707427)]]]
[2.6000000000000005, 16.024041175842285, 0.05374923682688261, 0.05413058831253681, 0.04908470376147214, 0, [[114, 2, (84321.7806164654, 448354.19495508034)], [161, 2, (85014.62799713778, 447197.8441528263)], [163, 2, (85103.85770371312, 447346.7084731901)], [226, 2, (84560.50398411034, 446806.73360668455)], [261, 2, (83884.42612877121, 448433.36499306577)], [26, 2, (84057.45199692005, 447189.4312589713)], [60, 2, (84669.18401079041, 446520.3107575243)], [61, 2, (84701.79549288675, 446442.3202262279)], [70, 1, (84511.71855341281, 448279.6820707427)]]]
[2.8000000000000003, 26.00395131111145, 0.05636619059533747, 0.056767366670854566, 0.05084781401478737, 0, [[114, 2, (84321.7806164654, 448354.19495508034)], [161, 2, (85014.62799713778, 447197.8441528263)], [163, 2, (85103.85770371312, 447346.7084731901)], [226, 2, (84560.50398411034, 446806.73360668455)], [261, 2, (83884.42612877121, 448433.36499306577)], [26, 2, (84057.45199692005, 447189.4312589713)], [31, 2, (84318.82415941388, 446995.7004732543)], [60, 2, (84669.18401079041, 446520.3107575243)], [61, 2, (84701.79549288675, 446442.3202262279)], [70, 1, (84511.71855341281, 448279.6820707427)]]]
[3.0000000000000004, 32.182939291000366, 0.05898095342807428, 0.05940146448510693, 0.052627119802202554, 0, [[114, 2, (84321.7806164654, 448354.19495508034)], [161, 2, (85014.62799713778, 447197.8441528263)], [163, 2, (85103.85770371312, 447346.7084731901)], [226, 2, (84560.50398411034, 446806.73360668455)], [25, 2, (83984.76110470721, 447138.6254235093)], [261, 2, (83884.42612877121, 448433.36499306577)], [26, 2, (84057.45199692005, 447189.4312589713)], [31, 2, (84318.82415941388, 446995.7004732543)], [60, 2, (84669.18401079041, 446520.3107575243)], [61, 2, (84701.79549288675, 446442.3202262279)], [70, 1, (84511.71855341281, 448279.6820707427)]]]
[3.2, 36.43093204498291, 0.06154784108057085, 0.061987325439241736, 0.05470260149981504, 0, [[114, 2, (84321.7806164654, 448354.19495508034)], [158, 2, (84785.11046605089, 447028.95647427486)], [161, 2, (85014.62799713778, 447197.8441528263)], [163, 2, (85103.85770371312, 447346.7084731901)], [226, 2, (84560.50398411034, 446806.73360668455)], [25, 2, (83984.76110470721, 447138.6254235093)], [261, 2, (83884.42612877121, 448433.36499306577)], [26, 2, (84057.45199692005, 447189.4312589713)], [31, 2, (84318.82415941388, 446995.7004732543)], [60, 2, (84669.18401079041, 446520.3107575243)], [61, 2, (84701.79549288675, 446442.3202262279)], [70, 1, (84511.71855341281, 448279.6820707427)]]]
[3.4000000000000004, 113.8337914943695, 0.06408017683566926, 0.06453903171352335, 0.05707956245152293, 0, [[114, 2, (84321.7806164654, 448354.19495508034)], [158, 2, (84785.11046605089, 447028.95647427486)], [161, 2, (85014.62799713778, 447197.8441528263)], [163, 2, (85103.85770371312, 447346.7084731901)], [226, 2, (84560.50398411034, 446806.73360668455)], [25, 2, (83984.76110470721, 447138.6254235093)], [261, 2, (83884.42612877121, 448433.36499306577)], [26, 2, (84057.45199692005, 447189.4312589713)], [31, 2, (84318.82415941388, 446995.7004732543)], [60, 2, (84669.18401079041, 446520.3107575243)], [61, 2, (84701.79549288675, 446442.3202262279)], [62, 2, (84734.4069749831, 446364.3296949315)], [70, 1, (84511.71855341281, 448279.6820707427)]]]
[3.6000000000000005, 82.68391680717468, 0.0664727312419437, 0.06695070872759379, 0.05877291972687088, 0, [[114, 2, (84321.7806164654, 448354.19495508034)], [158, 2, (84785.11046605089, 447028.95647427486)], [161, 2, (85014.62799713778, 447197.8441528263)], [163, 2, (85103.85770371312, 447346.7084731901)], [226, 2, (84560.50398411034, 446806.73360668455)], [248, 2, (84519.52680965864, 446766.45736599696)], [25, 2, (83984.76110470721, 447138.6254235093)], [261, 2, (83884.42612877121, 448433.36499306577)], [26, 2, (84057.45199692005, 447189.4312589713)], [31, 2, (84318.82415941388, 446995.7004732543)], [60, 2, (84669.18401079041, 446520.3107575243)], [61, 2, (84701.79549288675, 446442.3202262279)], [62, 2, (84734.4069749831, 446364.3296949315)], [70, 1, (84511.71855341281, 448279.6820707427)]]]
[3.8000000000000003, 114.08678984642029, 0.06894012885944657, 0.06943793590338054, 0.06056464364841975, 0, [[114, 2, (84321.7806164654, 448354.19495508034)], [161, 2, (85014.62799713778, 447197.8441528263)], [163, 2, (85103.85770371312, 447346.7084731901)], [226, 1, (84560.50398411034, 446806.73360668455)], [25, 2, (83984.76110470721, 447138.6254235093)], [261, 2, (83884.42612877121, 448433.36499306577)], [26, 2, (84057.45199692005, 447189.4312589713)], [31, 2, (84318.82415941388, 446995.7004732543)], [61, 2, (84701.79549288675, 446442.3202262279)], [62, 2, (84734.4069749831, 446364.3296949315)], [70, 1, (84511.71855341281, 448279.6820707427)]]]
[4.0, 90.22983717918396, 0.07131682986327625, 0.07183335588859596, 0.06390482723864901, 0, [[114, 2, (84321.7806164654, 448354.19495508034)], [115, 2, (84381.3512677924, 448293.185272455)], [161, 2, (85014.62799713778, 447197.8441528263)], [163, 2, (85103.85770371312, 447346.7084731901)], [226, 1, (84560.50398411034, 446806.73360668455)], [25, 2, (83984.76110470721, 447138.6254235093)], [261, 2, (83884.42612877121, 448433.36499306577)], [26, 2, (84057.45199692005, 447189.4312589713)], [31, 2, (84318.82415941388, 446995.7004732543)], [61, 2, (84701.79549288675, 446442.3202262279)], [62, 2, (84734.4069749831, 446364.3296949315)], [70, 1, (84511.71855341281, 448279.6820707427)]]]
