['budget', 'runtime', 'objective_value', 'flow_caught_optimal', 'flow_caught_fixed_solution', 'flow_impact_area', ['solution']]
[0.2, 5.651882171630859, 0.0023622930588738204, 0.002519036076481939, 0.002145739122232222, 0, [[226, 2, (84560.50398411034, 446806.73360668455)]]]
[0.4, 5.449457883834839, 0.004827212713836372, 0.0050024684936441875, 0.004664775185213193, 0, [[114, 2, (84321.7806164654, 448354.19495508034)], [226, 2, (84560.50398411034, 446806.73360668455)]]]
[0.6000000000000001, 5.455441236495972, 0.0068693429067459965, 0.007064418476049843, 0.007064418612037358, 0, [[114, 2, (84321.7806164654, 448354.19495508034)], [226, 2, (84560.50398411034, 446806.73360668455)], [70, 2, (84511.71855341281, 448279.6820707427)]]]
[0.8, 5.451452970504761, 0.008614823233410224, 0.00882840544002176, 0.008430523012382151, 0, [[114, 2, (84321.7806164654, 448354.19495508034)], [226, 2, (84560.50398411034, 446806.73360668455)], [259, 2, (84168.62205857776, 448415.7347993425)], [70, 2, (84511.71855341281, 448279.6820707427)]]]
[1.0, 5.805665969848633, 0.020126363274846026, 0.02036218917407011, 0.009900836192756517, 0, [[70, 1, (84511.71855341281, 448279.6820707427)]]]
[1.2, 5.590046167373657, 0.022626275778601917, 0.02288122512243334, 0.011181156036281838, 0, [[226, 2, (84560.50398411034, 446806.73360668455)], [70, 1, (84511.71855341281, 448279.6820707427)]]]
[1.4000000000000001, 5.710758686065674, 0.024303563392733225, 0.024577108864553863, 0.012039648157510793, 0, [[114, 2, (84321.7806164654, 448354.19495508034)], [226, 2, (84560.50398411034, 446806.73360668455)], [70, 1, (84511.71855341281, 448279.6820707427)]]]
[1.6, 5.907196760177612, 0.025966171773700655, 0.0262588985861595, 0.012974876150905644, 0, [[114, 2, (84321.7806164654, 448354.19495508034)], [226, 2, (84560.50398411034, 446806.73360668455)], [60, 2, (84669.18401079041, 446520.3107575243)], [70, 1, (84511.71855341281, 448279.6820707427)]]]
[1.8, 5.675031423568726, 0.027416725628483164, 0.027729211306860437, 0.013744198237902044, 0, [[114, 2, (84321.7806164654, 448354.19495508034)], [226, 2, (84560.50398411034, 446806.73360668455)], [26, 2, (84057.45199692005, 447189.4312589713)], [60, 2, (84669.18401079041, 446520.3107575243)], [70, 1, (84511.71855341281, 448279.6820707427)]]]
[2.0, 5.550182104110718, 0.038899525578332934, 0.0392287864193778, 0.014947409084229694, 0, [[226, 1, (84560.50398411034, 446806.73360668455)], [70, 1, (84511.71855341281, 448279.6820707427)]]]
[2.2, 5.769593000411987, 0.04057681318292763, 0.0409246701519695, 0.01579786691690776, 0, [[114, 2, (84321.7806164654, 448354.19495508034)], [226, 1, (84560.50398411034, 446806.73360668455)], [70, 1, (84511.71855341281, 448279.6820707427)]]]
[2.4000000000000004, 5.741173982620239, 0.04202752857610449, 0.04239514439970431, 0.016547047980114218, 0, [[114, 2, (84321.7806164654, 448354.19495508034)], [226, 1, (84560.50398411034, 446806.73360668455)], [26, 2, (84057.45199692005, 447189.4312589713)], [70, 1, (84511.71855341281, 448279.6820707427)]]]
[2.6000000000000005, 5.87730598449707, 0.043309549204460625, 0.04369572539787497, 0.0170649942364784, 0, [[114, 2, (84321.7806164654, 448354.19495508034)], [226, 1, (84560.50398411034, 446806.73360668455)], [259, 2, (84168.62205857776, 448415.7347993425)], [26, 2, (84057.45199692005, 447189.4312589713)], [70, 1, (84511.71855341281, 448279.6820707427)]]]
[2.8000000000000003, 5.920349836349487, 0.044566007832915026, 0.04497207003073658, 0.017634353320456327, 0, [[114, 2, (84321.7806164654, 448354.19495508034)], [163, 2, (85103.85770371312, 447346.7084731901)], [226, 1, (84560.50398411034, 446806.73360668455)], [259, 2, (84168.62205857776, 448415.7347993425)], [26, 2, (84057.45199692005, 447189.4312589713)], [70, 1, (84511.71855341281, 448279.6820707427)]]]
[3.0000000000000004, 5.6999571323394775, 0.05085820404155348, 0.051286387653631346, 0.01821105649659447, 0, [[163, 1, (85103.85770371312, 447346.7084731901)], [226, 1, (84560.50398411034, 446806.73360668455)], [70, 1, (84511.71855341281, 448279.6820707427)]]]
[3.2, 5.609023809432983, 0.05253550521067273, 0.05298228494803035, 0.018936619091711543, 0, [[114, 2, (84321.7806164654, 448354.19495508034)], [163, 1, (85103.85770371312, 447346.7084731901)], [226, 1, (84560.50398411034, 446806.73360668455)], [70, 1, (84511.71855341281, 448279.6820707427)]]]
[3.4000000000000004, 5.807493448257446, 0.053986031715981736, 0.05445257032593128, 0.01981468703809713, 0, [[114, 2, (84321.7806164654, 448354.19495508034)], [163, 1, (85103.85770371312, 447346.7084731901)], [226, 1, (84560.50398411034, 446806.73360668455)], [26, 2, (84057.45199692005, 447189.4312589713)], [70, 1, (84511.71855341281, 448279.6820707427)]]]
[3.6000000000000005, 5.85496711730957, 0.055267726314272146, 0.05575282535692523, 0.020363459464322796, 0, [[114, 2, (84321.7806164654, 448354.19495508034)], [163, 1, (85103.85770371312, 447346.7084731901)], [226, 1, (84560.50398411034, 446806.73360668455)], [259, 2, (84168.62205857776, 448415.7347993425)], [26, 2, (84057.45199692005, 447189.4312589713)], [70, 1, (84511.71855341281, 448279.6820707427)]]]
[3.8000000000000003, 5.851375102996826, 0.056422422585681344, 0.0569270786448843, 0.02096208419874658, 0, [[114, 2, (84321.7806164654, 448354.19495508034)], [163, 1, (85103.85770371312, 447346.7084731901)], [226, 1, (84560.50398411034, 446806.73360668455)], [259, 2, (84168.62205857776, 448415.7347993425)], [26, 2, (84057.45199692005, 447189.4312589713)], [61, 2, (84701.79549288675, 446442.3202262279)], [70, 1, (84511.71855341281, 448279.6820707427)]]]
[4.0, 5.863474130630493, 0.062258158581503804, 0.06277683030723408, 0.022408879760916288, 0, [[114, 1, (84321.7806164654, 448354.19495508034)], [163, 1, (85103.85770371312, 447346.7084731901)], [226, 1, (84560.50398411034, 446806.73360668455)], [70, 1, (84511.71855341281, 448279.6820707427)]]]
