['budget', 'runtime', 'objective_value', 'flow_caught_optimal', 'flow_caught_fixed_solution', 'flow_impact_area', ['solution']]
[0.2, 4.038060188293457, 0.024602519603087392, 0.024752604176022985, 0.024752604176022985, 0, [[94, 2, (84494.01939483944, 448267.8054505144)]]]
[0.4, 7.272287845611572, 0.040311365685334284, 0.04047924611880662, 0.03941215564349332, 0, [[94, 2, (84494.01939483944, 448267.8054505144)], [222, 2, (85099.61641608654, 447315.85233068565)]]]
[0.6000000000000001, 11.752727508544922, 0.054071697711424886, 0.0542434872612665, 0.053176396848781914, 0, [[94, 2, (84494.01939483944, 448267.8054505144)], [152, 2, (84306.88795363365, 448369.44737573666)], [222, 2, (85099.61641608654, 447315.85233068565)]]]
[0.8, 15.438393354415894, 0.0674684053843715, 0.06765510064467868, 0.061776139713746916, 0, [[94, 2, (84494.01939483944, 448267.8054505144)], [152, 2, (84306.88795363365, 448369.44737573666)], [222, 2, (85099.61641608654, 447315.85233068565)], [315, 2, (84560.50398411034, 446806.73360668455)]]]
[1.0, 21.12971258163452, 0.07908047126722631, 0.07928573136558145, 0.07234264475998375, 0, [[35, 2, (84081.68229432433, 447206.3665374586)], [94, 2, (84494.01939483944, 448267.8054505144)], [152, 2, (84306.88795363365, 448369.44737573666)], [222, 2, (85099.61641608654, 447315.85233068565)], [315, 2, (84560.50398411034, 446806.73360668455)]]]
[1.2, 25.968650579452515, 0.08597895547450884, 0.08620135302995555, 0.07825571600360373, 0, [[35, 2, (84081.68229432433, 447206.3665374586)], [81, 2, (84693.64262236269, 446461.817859052)], [94, 2, (84494.01939483944, 448267.8054505144)], [152, 2, (84306.88795363365, 448369.44737573666)], [222, 2, (85099.61641608654, 447315.85233068565)], [315, 2, (84560.50398411034, 446806.73360668455)]]]
[1.4000000000000001, 30.75033736228943, 0.09258835321463615, 0.09282792579933932, 0.08335666495827783, 0, [[35, 2, (84081.68229432433, 447206.3665374586)], [81, 2, (84693.64262236269, 446461.817859052)], [94, 2, (84494.01939483944, 448267.8054505144)], [152, 2, (84306.88795363365, 448369.44737573666)], [222, 2, (85099.61641608654, 447315.85233068565)], [315, 2, (84560.50398411034, 446806.73360668455)], [377, 2, (83642.6364134917, 448865.3994836554)]]]
[1.6, 37.89688444137573, 0.0986125505877895, 0.09887182684882191, 0.08941365954401426, 0, [[35, 2, (84081.68229432433, 447206.3665374586)], [81, 2, (84693.64262236269, 446461.817859052)], [94, 2, (84494.01939483944, 448267.8054505144)], [152, 2, (84306.88795363365, 448369.44737573666)], [222, 2, (85099.61641608654, 447315.85233068565)], [315, 2, (84560.50398411034, 446806.73360668455)], [377, 2, (83642.6364134917, 448865.3994836554)], [383, 2, (84389.84434163553, 448192.60396211274)]]]
[1.8, 48.03669333457947, 0.1045214161843923, 0.10479798419232664, 0.09314041307327836, 0, [[35, 2, (84081.68229432433, 447206.3665374586)], [81, 2, (84693.64262236269, 446461.817859052)], [94, 2, (84494.01939483944, 448267.8054505144)], [152, 2, (84306.88795363365, 448369.44737573666)], [216, 2, (84823.3633878987, 447057.1044207001)], [222, 2, (85099.61641608654, 447315.85233068565)], [315, 2, (84560.50398411034, 446806.73360668455)], [377, 2, (83642.6364134917, 448865.3994836554)], [383, 2, (84389.84434163553, 448192.60396211274)]]]
[2.0, 54.38613939285278, 0.11025043060772298, 0.11054594923213021, 0.10193896539735862, 0, [[35, 2, (84081.68229432433, 447206.3665374586)], [81, 2, (84693.64262236269, 446461.817859052)], [87, 2, (84958.38042789267, 446114.9160599387)], [94, 2, (84494.01939483944, 448267.8054505144)], [152, 2, (84306.88795363365, 448369.44737573666)], [216, 2, (84823.3633878987, 447057.1044207001)], [222, 2, (85099.61641608654, 447315.85233068565)], [315, 2, (84560.50398411034, 446806.73360668455)], [377, 2, (83642.6364134917, 448865.3994836554)], [383, 2, (84389.84434163553, 448192.60396211274)]]]
