['budget', 'runtime', 'objective_value', 'flow_caught_optimal', 'flow_caught_fixed_solution', 'flow_impact_area', ['solution']]
[0.2, 68.90068435668945, 0.0315939334660294, 0.03175543930912333, 0.005244151322697453, 0, [[324, 2, (84282.06684891407, 448394.8680768305)]]]
[0.4, 135.4117615222931, 0.05866712638222885, 0.058845769627776524, 0.029407344281765998, 0, [[324, 2, (84282.06684891407, 448394.8680768305)], [487, 2, (85112.94617719861, 447412.82877855666)]]]
[0.6000000000000001, 204.53136730194092, 0.07919470501100062, 0.07937443736813724, 0.05629509145262182, 0, [[324, 2, (84282.06684891407, 448394.8680768305)], [487, 2, (85112.94617719861, 447412.82877855666)], [716, 2, (84564.4431414947, 446780.2869956071)]]]
[0.8, 270.98217129707336, 0.09197770899072263, 0.09217696011511649, 0.07435474061795413, 0, [[197, 2, (84464.52079721719, 448248.01108346734)], [324, 2, (84282.06684891407, 448394.8680768305)], [487, 2, (85112.94617719861, 447412.82877855666)], [716, 2, (84564.4431414947, 446780.2869956071)]]]
[1.0, 408.84393668174744, 0.10245028572615254, 0.10266892779310352, 0.0842977105748609, 0, [[197, 2, (84464.52079721719, 448248.01108346734)], [324, 2, (84282.06684891407, 448394.8680768305)], [414, 2, (85141.17516866863, 447427.9920012702)], [487, 2, (85112.94617719861, 447412.82877855666)], [716, 2, (84564.4431414947, 446780.2869956071)]]]
[1.2, 478.17067193984985, 0.1126438137417561, 0.11288174742691325, 0.09099946008073123, 0, [[75, 2, (84081.68229432433, 447206.3665374586)], [197, 2, (84464.52079721719, 448248.01108346734)], [324, 2, (84282.06684891407, 448394.8680768305)], [414, 2, (85141.17516866863, 447427.9920012702)], [487, 2, (85112.94617719861, 447412.82877855666)], [716, 2, (84564.4431414947, 446780.2869956071)]]]
[1.4000000000000001, 531.7999014854431, 0.12034101526736994, 0.12059644118493874, 0.0931931773420077, 0, [[75, 2, (84081.68229432433, 447206.3665374586)], [197, 2, (84464.52079721719, 448248.01108346734)], [324, 2, (84282.06684891407, 448394.8680768305)], [414, 2, (85141.17516866863, 447427.9920012702)], [487, 2, (85112.94617719861, 447412.82877855666)], [716, 2, (84564.4431414947, 446780.2869956071)], [877, 2, (83641.43937204473, 448870.12416623736)]]]
[1.6, 637.2968990802765, 0.12802770179680933, 0.12829816399159072, 0.09408048781691061, 0, [[75, 2, (84081.68229432433, 447206.3665374586)], [197, 2, (84464.52079721719, 448248.01108346734)], [324, 2, (84282.06684891407, 448394.8680768305)], [414, 2, (85141.17516866863, 447427.9920012702)], [469, 2, (84811.72119429288, 447048.5376543967)], [487, 2, (85112.94617719861, 447412.82877855666)], [716, 2, (84564.4431414947, 446780.2869956071)], [877, 2, (83641.43937204473, 448870.12416623736)]]]
[1.8, 744.3619649410248, 0.13494404248650743, 0.13522895492510406, 0.09586336179270201, 0, [[75, 2, (84081.68229432433, 447206.3665374586)], [179, 2, (84755.5085222219, 446313.86523350445)], [197, 2, (84464.52079721719, 448248.01108346734)], [324, 2, (84282.06684891407, 448394.8680768305)], [414, 2, (85141.17516866863, 447427.9920012702)], [469, 2, (84811.72119429288, 447048.5376543967)], [487, 2, (85112.94617719861, 447412.82877855666)], [716, 2, (84564.4431414947, 446780.2869956071)], [877, 2, (83641.43937204473, 448870.12416623736)]]]
[2.0, 852.4042611122131, 0.14088064899655386, 0.1411827053463698, 0.10203095927347502, 0, [[75, 2, (84081.68229432433, 447206.3665374586)], [179, 2, (84755.5085222219, 446313.86523350445)], [197, 2, (84464.52079721719, 448248.01108346734)], [324, 2, (84282.06684891407, 448394.8680768305)], [414, 2, (85141.17516866863, 447427.9920012702)], [469, 2, (84811.72119429288, 447048.5376543967)], [483, 2, (85098.40461962183, 447307.0362899701)], [487, 2, (85112.94617719861, 447412.82877855666)], [716, 2, (84564.4431414947, 446780.2869956071)], [877, 2, (83641.43937204473, 448870.12416623736)]]]
