['budget', 'runtime', 'objective_value', 'flow_caught_optimal', 'flow_caught_fixed_solution', 'flow_impact_area', ['solution']]
[0.2, 5.978829383850098, 0.024653292670522874, 0.024794434487601148, 0.010172242963647814, 0, [[173, 2, (84297.9523559346, 448378.59882813046)]]]
[0.4, 10.598697185516357, 0.042379187740641026, 0.04253765775036396, 0.025400847867705877, 0, [[173, 2, (84297.9523559346, 448378.59882813046)], [255, 2, (85097.49577227327, 447300.4242594334)]]]
[0.6000000000000001, 16.636525630950928, 0.0561300800524585, 0.05630770204504923, 0.04317079274836178, 0, [[106, 2, (84488.119675315, 448263.846577105)], [173, 2, (84297.9523559346, 448378.59882813046)], [255, 2, (85097.49577227327, 447300.4242594334)]]]
[0.8, 24.100239038467407, 0.06966947175360438, 0.06986056734117782, 0.055695735494531134, 0, [[106, 2, (84488.119675315, 448263.846577105)], [173, 2, (84297.9523559346, 448378.59882813046)], [255, 2, (85097.49577227327, 447300.4242594334)], [366, 2, (84560.50398411034, 446806.73360668455)]]]
[1.0, 36.97836995124817, 0.07965863196219534, 0.07986857470089422, 0.064776271769616, 0, [[41, 2, (84081.68229432433, 447206.3665374586)], [106, 2, (84488.119675315, 448263.846577105)], [173, 2, (84297.9523559346, 448378.59882813046)], [255, 2, (85097.49577227327, 447300.4242594334)], [366, 2, (84560.50398411034, 446806.73360668455)]]]
[1.2, 47.250473737716675, 0.08832163635090304, 0.08854891161218709, 0.07347677626128762, 0, [[41, 2, (84081.68229432433, 447206.3665374586)], [94, 2, (84723.53648095099, 446390.32653869694)], [106, 2, (84488.119675315, 448263.846577105)], [173, 2, (84297.9523559346, 448378.59882813046)], [255, 2, (85097.49577227327, 447300.4242594334)], [366, 2, (84560.50398411034, 446806.73360668455)]]]
[1.4000000000000001, 58.429001808166504, 0.09483433452446897, 0.09507887684824648, 0.07787623001852323, 0, [[41, 2, (84081.68229432433, 447206.3665374586)], [94, 2, (84723.53648095099, 446390.32653869694)], [106, 2, (84488.119675315, 448263.846577105)], [173, 2, (84297.9523559346, 448378.59882813046)], [255, 2, (85097.49577227327, 447300.4242594334)], [366, 2, (84560.50398411034, 446806.73360668455)], [441, 2, (83640.41333651874, 448874.17389416473)]]]
[1.6, 70.82403254508972, 0.10118607938427258, 0.1014473411415556, 0.08512041119253255, 0, [[41, 2, (84081.68229432433, 447206.3665374586)], [94, 2, (84723.53648095099, 446390.32653869694)], [106, 2, (84488.119675315, 448263.846577105)], [173, 2, (84297.9523559346, 448378.59882813046)], [248, 2, (84823.36338789869, 447057.1044207001)], [255, 2, (85097.49577227327, 447300.4242594334)], [366, 2, (84560.50398411034, 446806.73360668455)], [441, 2, (83640.41333651874, 448874.17389416473)]]]
[1.8, 90.08339071273804, 0.10692811414588381, 0.10720910632018274, 0.08895092983911979, 0, [[41, 2, (84081.68229432433, 447206.3665374586)], [94, 2, (84723.53648095099, 446390.32653869694)], [106, 2, (84488.119675315, 448263.846577105)], [173, 2, (84297.9523559346, 448378.59882813046)], [248, 2, (84823.36338789869, 447057.1044207001)], [255, 2, (85097.49577227327, 447300.4242594334)], [366, 2, (84560.50398411034, 446806.73360668455)], [441, 2, (83640.41333651874, 448874.17389416473)], [449, 2, (84398.64480959202, 448198.7901836679)]]]
[2.0, 95.70531821250916, 0.11217498057607679, 0.11247500843378307, 0.09462245698489657, 0, [[41, 2, (84081.68229432433, 447206.3665374586)], [94, 2, (84723.53648095099, 446390.32653869694)], [99, 2, (84958.38042789267, 446114.9160599387)], [106, 2, (84488.119675315, 448263.846577105)], [173, 2, (84297.9523559346, 448378.59882813046)], [248, 2, (84823.36338789869, 447057.1044207001)], [255, 2, (85097.49577227327, 447300.4242594334)], [366, 2, (84560.50398411034, 446806.73360668455)], [441, 2, (83640.41333651874, 448874.17389416473)], [449, 2, (84398.64480959202, 448198.7901836679)]]]
