['budget', 'runtime', 'objective_value', 'flow_caught_optimal', 'flow_caught_fixed_solution', 'flow_impact_area', ['solution']]
[0.2, 0.4906880855560303, 0.01647755195318549, 0.016602138009739094, 0.015487371612780573, 0, [[226, 2, (84560.50398411034, 446806.73360668455)]]]
[0.4, 1.0601634979248047, 0.03194548022123106, 0.032089509622518025, 0.032089509622518025, 0, [[70, 2, (84511.71855341281, 448279.6820707427)], [226, 2, (84560.50398411034, 446806.73360668455)]]]
[0.6000000000000001, 1.4959979057312012, 0.043155040265019234, 0.04331071305191028, 0.04331071305191028, 0, [[70, 2, (84511.71855341281, 448279.6820707427)], [114, 2, (84321.7806164654, 448354.19495508034)], [226, 2, (84560.50398411034, 446806.73360668455)]]]
[0.8, 2.0225894451141357, 0.05351568232473829, 0.05369053550832813, 0.05369053550832813, 0, [[70, 2, (84511.71855341281, 448279.6820707427)], [114, 2, (84321.7806164654, 448354.19495508034)], [163, 2, (85103.85770371312, 447346.7084731901)], [226, 2, (84560.50398411034, 446806.73360668455)]]]
[1.0, 3.2532973289489746, 0.06330742940950142, 0.06350104897245067, 0.06350104897245067, 0, [[26, 2, (84057.45199692005, 447189.4312589713)], [70, 2, (84511.71855341281, 448279.6820707427)], [114, 2, (84321.7806164654, 448354.19495508034)], [163, 2, (85103.85770371312, 447346.7084731901)], [226, 2, (84560.50398411034, 446806.73360668455)]]]
[1.2, 4.143914699554443, 0.07172107591699303, 0.07193253588878569, 0.07193253588878569, 0, [[26, 2, (84057.45199692005, 447189.4312589713)], [62, 2, (84734.4069749831, 446364.3296949315)], [70, 2, (84511.71855341281, 448279.6820707427)], [114, 2, (84321.7806164654, 448354.19495508034)], [163, 2, (85103.85770371312, 447346.7084731901)], [226, 2, (84560.50398411034, 446806.73360668455)]]]
[1.4000000000000001, 5.108335256576538, 0.07726621665944287, 0.07749583190144578, 0.07615740195980233, 0, [[26, 2, (84057.45199692005, 447189.4312589713)], [62, 2, (84734.4069749831, 446364.3296949315)], [70, 2, (84511.71855341281, 448279.6820707427)], [114, 2, (84321.7806164654, 448354.19495508034)], [161, 2, (85014.62799713778, 447197.8441528263)], [163, 2, (85103.85770371312, 447346.7084731901)], [226, 2, (84560.50398411034, 446806.73360668455)]]]
[1.6, 6.2492828369140625, 0.08268043938516659, 0.08292987212711281, 0.08159144218547107, 0, [[26, 2, (84057.45199692005, 447189.4312589713)], [62, 2, (84734.4069749831, 446364.3296949315)], [70, 2, (84511.71855341281, 448279.6820707427)], [114, 2, (84321.7806164654, 448354.19495508034)], [161, 2, (85014.62799713778, 447197.8441528263)], [163, 2, (85103.85770371312, 447346.7084731901)], [226, 2, (84560.50398411034, 446806.73360668455)], [270, 2, (84376.6436397008, 448183.32462977996)]]]
[1.8, 7.1758036613464355, 0.08795928828125467, 0.08822604248203736, 0.08471646510540438, 0, [[26, 2, (84057.45199692005, 447189.4312589713)], [62, 2, (84734.4069749831, 446364.3296949315)], [70, 2, (84511.71855341281, 448279.6820707427)], [114, 2, (84321.7806164654, 448354.19495508034)], [161, 2, (85014.62799713778, 447197.8441528263)], [163, 2, (85103.85770371312, 447346.7084731901)], [226, 2, (84560.50398411034, 446806.73360668455)], [262, 2, (83752.93210630848, 448501.4754733475)], [270, 2, (84376.6436397008, 448183.32462977996)]]]
[2.0, 8.078389644622803, 0.09272178564792934, 0.09300738512971374, 0.09027975733575232, 0, [[26, 2, (84057.45199692005, 447189.4312589713)], [62, 2, (84734.4069749831, 446364.3296949315)], [65, 2, (84935.46094662073, 446105.53507511714)], [70, 2, (84511.71855341281, 448279.6820707427)], [114, 2, (84321.7806164654, 448354.19495508034)], [161, 2, (85014.62799713778, 447197.8441528263)], [163, 2, (85103.85770371312, 447346.7084731901)], [226, 2, (84560.50398411034, 446806.73360668455)], [262, 2, (83752.93210630848, 448501.4754733475)], [270, 2, (84376.6436397008, 448183.32462977996)]]]
