['budget', 'runtime', 'objective_value', 'flow_caught_optimal', 'flow_caught_fixed_solution', 'flow_impact_area', ['solution']]
[0.2, 0.782904863357544, 0.01374998799041948, 0.013901152441273502, 0.0107282924716834, 0, [[226, 2, (84560.50398411034, 446806.73360668455)]]]
[0.4, 1.5159447193145752, 0.0272652406664237, 0.02742713500958119, 0.024629444889449657, 0, [[226, 2, (84560.50398411034, 446806.73360668455)], [261, 2, (83884.42612877121, 448433.36499306577)]]]
[0.6000000000000001, 2.404569149017334, 0.0378080774940813, 0.037987389388273604, 0.033995677775413236, 0, [[62, 2, (84734.4069749831, 446364.3296949315)], [226, 2, (84560.50398411034, 446806.73360668455)], [261, 2, (83884.42612877121, 448433.36499306577)]]]
[0.8, 3.1396007537841797, 0.04793975172515255, 0.04813685900781471, 0.04057507950353142, 0, [[26, 2, (84057.45199692005, 447189.4312589713)], [62, 2, (84734.4069749831, 446364.3296949315)], [226, 2, (84560.50398411034, 446806.73360668455)], [261, 2, (83884.42612877121, 448433.36499306577)]]]
[1.0, 4.638592720031738, 0.05792402774628319, 0.05814012874266393, 0.05072456412896907, 0, [[26, 2, (84057.45199692005, 447189.4312589713)], [62, 2, (84734.4069749831, 446364.3296949315)], [70, 2, (84511.71855341281, 448279.6820707427)], [226, 2, (84560.50398411034, 446806.73360668455)], [261, 2, (83884.42612877121, 448433.36499306577)]]]
[1.2, 6.250281095504761, 0.06539871169623165, 0.06563431059579261, 0.0612808328534349, 0, [[26, 2, (84057.45199692005, 447189.4312589713)], [62, 2, (84734.4069749831, 446364.3296949315)], [70, 2, (84511.71855341281, 448279.6820707427)], [226, 2, (84560.50398411034, 446806.73360668455)], [261, 2, (83884.42612877121, 448433.36499306577)], [270, 2, (84376.6436397008, 448183.32462977996)]]]
[1.4000000000000001, 7.72832465171814, 0.07283926531720958, 0.07309437994523826, 0.06874049997488713, 0, [[26, 2, (84057.45199692005, 447189.4312589713)], [31, 2, (84318.82415941388, 446995.7004732543)], [62, 2, (84734.4069749831, 446364.3296949315)], [70, 2, (84511.71855341281, 448279.6820707427)], [226, 2, (84560.50398411034, 446806.73360668455)], [261, 2, (83884.42612877121, 448433.36499306577)], [270, 2, (84376.6436397008, 448183.32462977996)]]]
[1.6, 9.397860050201416, 0.08012387244450245, 0.08039657555620577, 0.07537869379570622, 0, [[26, 2, (84057.45199692005, 447189.4312589713)], [31, 2, (84318.82415941388, 446995.7004732543)], [62, 2, (84734.4069749831, 446364.3296949315)], [70, 2, (84511.71855341281, 448279.6820707427)], [226, 2, (84560.50398411034, 446806.73360668455)], [248, 2, (84519.52680965864, 446766.45736599696)], [261, 2, (83884.42612877121, 448433.36499306577)], [270, 2, (84376.6436397008, 448183.32462977996)]]]
[1.8, 10.664472103118896, 0.0866553278758494, 0.08694730805820057, 0.0808448674763281, 0, [[26, 2, (84057.45199692005, 447189.4312589713)], [31, 2, (84318.82415941388, 446995.7004732543)], [62, 2, (84734.4069749831, 446364.3296949315)], [70, 2, (84511.71855341281, 448279.6820707427)], [163, 2, (85103.85770371312, 447346.7084731901)], [226, 2, (84560.50398411034, 446806.73360668455)], [248, 2, (84519.52680965864, 446766.45736599696)], [261, 2, (83884.42612877121, 448433.36499306577)], [270, 2, (84376.6436397008, 448183.32462977996)]]]
[2.0, 12.562392950057983, 0.09243479386050854, 0.09274576561384486, 0.0854825614133152, 0, [[26, 2, (84057.45199692005, 447189.4312589713)], [31, 2, (84318.82415941388, 446995.7004732543)], [62, 2, (84734.4069749831, 446364.3296949315)], [70, 2, (84511.71855341281, 448279.6820707427)], [163, 2, (85103.85770371312, 447346.7084731901)], [226, 2, (84560.50398411034, 446806.73360668455)], [247, 2, (84514.4775682969, 446819.97348758427)], [248, 2, (84519.52680965864, 446766.45736599696)], [261, 2, (83884.42612877121, 448433.36499306577)], [270, 2, (84376.6436397008, 448183.32462977996)]]]
[2.2, 13.88485598564148, 0.09802066683559749, 0.09834996735229164, 0.09304351690708088, 0, [[26, 2, (84057.45199692005, 447189.4312589713)], [31, 2, (84318.82415941388, 446995.7004732543)], [62, 2, (84734.4069749831, 446364.3296949315)], [65, 2, (84935.46094662073, 446105.53507511714)], [70, 2, (84511.71855341281, 448279.6820707427)], [163, 2, (85103.85770371312, 447346.7084731901)], [226, 2, (84560.50398411034, 446806.73360668455)], [247, 2, (84514.4775682969, 446819.97348758427)], [248, 2, (84519.52680965864, 446766.45736599696)], [261, 2, (83884.42612877121, 448433.36499306577)], [270, 2, (84376.6436397008, 448183.32462977996)]]]
[2.4000000000000004, 15.30357027053833, 0.10355503421292508, 0.10390395293633345, 0.09839221149063565, 0, [[26, 2, (84057.45199692005, 447189.4312589713)], [31, 2, (84318.82415941388, 446995.7004732543)], [62, 2, (84734.4069749831, 446364.3296949315)], [65, 2, (84935.46094662073, 446105.53507511714)], [70, 2, (84511.71855341281, 448279.6820707427)], [163, 2, (85103.85770371312, 447346.7084731901)], [226, 2, (84560.50398411034, 446806.73360668455)], [239, 2, (85032.16813787172, 447385.608266497)], [247, 2, (84514.4775682969, 446819.97348758427)], [248, 2, (84519.52680965864, 446766.45736599696)], [261, 2, (83884.42612877121, 448433.36499306577)], [270, 2, (84376.6436397008, 448183.32462977996)]]]
[2.6000000000000005, 17.06335425376892, 0.10898304631758239, 0.1093516233977843, 0.10478851411256117, 0, [[26, 2, (84057.45199692005, 447189.4312589713)], [31, 2, (84318.82415941388, 446995.7004732543)], [62, 2, (84734.4069749831, 446364.3296949315)], [65, 2, (84935.46094662073, 446105.53507511714)], [70, 2, (84511.71855341281, 448279.6820707427)], [163, 2, (85103.85770371312, 447346.7084731901)], [207, 2, (84230.3564312548, 447162.8424262521)], [226, 2, (84560.50398411034, 446806.73360668455)], [239, 2, (85032.16813787172, 447385.608266497)], [247, 2, (84514.4775682969, 446819.97348758427)], [248, 2, (84519.52680965864, 446766.45736599696)], [261, 2, (83884.42612877121, 448433.36499306577)], [270, 2, (84376.6436397008, 448183.32462977996)]]]
[2.8000000000000003, 18.730891942977905, 0.11409575103309866, 0.11448383366488915, 0.10913594898573287, 0, [[26, 2, (84057.45199692005, 447189.4312589713)], [31, 2, (84318.82415941388, 446995.7004732543)], [62, 2, (84734.4069749831, 446364.3296949315)], [65, 2, (84935.46094662073, 446105.53507511714)], [70, 2, (84511.71855341281, 448279.6820707427)], [163, 2, (85103.85770371312, 447346.7084731901)], [207, 2, (84230.3564312548, 447162.8424262521)], [226, 2, (84560.50398411034, 446806.73360668455)], [239, 2, (85032.16813787172, 447385.608266497)], [247, 2, (84514.4775682969, 446819.97348758427)], [248, 2, (84519.52680965864, 446766.45736599696)], [261, 2, (83884.42612877121, 448433.36499306577)], [270, 2, (84376.6436397008, 448183.32462977996)], [281, 2, (84637.4790410537, 447861.5734633781)]]]
[3.0000000000000004, 19.821863889694214, 0.11920269672190364, 0.11961044847505245, 0.11400996517050208, 0, [[26, 2, (84057.45199692005, 447189.4312589713)], [31, 2, (84318.82415941388, 446995.7004732543)], [62, 2, (84734.4069749831, 446364.3296949315)], [65, 2, (84935.46094662073, 446105.53507511714)], [70, 2, (84511.71855341281, 448279.6820707427)], [163, 2, (85103.85770371312, 447346.7084731901)], [205, 2, (84316.15073994012, 446994.3392868904)], [207, 2, (84230.3564312548, 447162.8424262521)], [226, 2, (84560.50398411034, 446806.73360668455)], [239, 2, (85032.16813787172, 447385.608266497)], [247, 2, (84514.4775682969, 446819.97348758427)], [248, 2, (84519.52680965864, 446766.45736599696)], [261, 2, (83884.42612877121, 448433.36499306577)], [270, 2, (84376.6436397008, 448183.32462977996)], [281, 2, (84637.4790410537, 447861.5734633781)]]]
[3.2, 22.60455083847046, 0.12423215837428969, 0.12465554344108368, 0.1196434906372252, 0, [[26, 2, (84057.45199692005, 447189.4312589713)], [31, 2, (84318.82415941388, 446995.7004732543)], [62, 2, (84734.4069749831, 446364.3296949315)], [65, 2, (84935.46094662073, 446105.53507511714)], [70, 2, (84511.71855341281, 448279.6820707427)], [114, 2, (84321.7806164654, 448354.19495508034)], [163, 2, (85103.85770371312, 447346.7084731901)], [205, 2, (84316.15073994012, 446994.3392868904)], [207, 2, (84230.3564312548, 447162.8424262521)], [226, 2, (84560.50398411034, 446806.73360668455)], [239, 2, (85032.16813787172, 447385.608266497)], [247, 2, (84514.4775682969, 446819.97348758427)], [248, 2, (84519.52680965864, 446766.45736599696)], [261, 2, (83884.42612877121, 448433.36499306577)], [270, 2, (84376.6436397008, 448183.32462977996)], [281, 2, (84637.4790410537, 447861.5734633781)]]]
[3.4000000000000004, 24.22670340538025, 0.12908073367827033, 0.12952381685353248, 0.12467994749446176, 0, [[26, 2, (84057.45199692005, 447189.4312589713)], [31, 2, (84318.82415941388, 446995.7004732543)], [62, 2, (84734.4069749831, 446364.3296949315)], [65, 2, (84935.46094662073, 446105.53507511714)], [70, 2, (84511.71855341281, 448279.6820707427)], [114, 2, (84321.7806164654, 448354.19495508034)], [163, 2, (85103.85770371312, 447346.7084731901)], [205, 2, (84316.15073994012, 446994.3392868904)], [207, 2, (84230.3564312548, 447162.8424262521)], [226, 2, (84560.50398411034, 446806.73360668455)], [239, 2, (85032.16813787172, 447385.608266497)], [242, 2, (84327.3224162179, 447843.85148106195)], [247, 2, (84514.4775682969, 446819.97348758427)], [248, 2, (84519.52680965864, 446766.45736599696)], [261, 2, (83884.42612877121, 448433.36499306577)], [270, 2, (84376.6436397008, 448183.32462977996)], [281, 2, (84637.4790410537, 447861.5734633781)]]]
[3.6000000000000005, 24.313464879989624, 0.1338903012290935, 0.13435308564346796, 0.12947053445748313, 0, [[26, 2, (84057.45199692005, 447189.4312589713)], [31, 2, (84318.82415941388, 446995.7004732543)], [62, 2, (84734.4069749831, 446364.3296949315)], [65, 2, (84935.46094662073, 446105.53507511714)], [70, 2, (84511.71855341281, 448279.6820707427)], [114, 2, (84321.7806164654, 448354.19495508034)], [163, 2, (85103.85770371312, 447346.7084731901)], [205, 2, (84316.15073994012, 446994.3392868904)], [207, 2, (84230.3564312548, 447162.8424262521)], [226, 2, (84560.50398411034, 446806.73360668455)], [239, 2, (85032.16813787172, 447385.608266497)], [242, 2, (84327.3224162179, 447843.85148106195)], [247, 2, (84514.4775682969, 446819.97348758427)], [248, 2, (84519.52680965864, 446766.45736599696)], [261, 2, (83884.42612877121, 448433.36499306577)], [270, 2, (84376.6436397008, 448183.32462977996)], [279, 2, (84668.5749869018, 447597.5261040959)], [281, 2, (84637.4790410537, 447861.5734633781)]]]
[3.8000000000000003, 26.172985076904297, 0.1386825698307661, 0.1391634242882358, 0.13393028986859132, 0, [[26, 2, (84057.45199692005, 447189.4312589713)], [31, 2, (84318.82415941388, 446995.7004732543)], [61, 2, (84701.79549288675, 446442.3202262279)], [62, 2, (84734.4069749831, 446364.3296949315)], [65, 2, (84935.46094662073, 446105.53507511714)], [70, 2, (84511.71855341281, 448279.6820707427)], [114, 2, (84321.7806164654, 448354.19495508034)], [163, 2, (85103.85770371312, 447346.7084731901)], [205, 2, (84316.15073994012, 446994.3392868904)], [207, 2, (84230.3564312548, 447162.8424262521)], [226, 2, (84560.50398411034, 446806.73360668455)], [239, 2, (85032.16813787172, 447385.608266497)], [242, 2, (84327.3224162179, 447843.85148106195)], [247, 2, (84514.4775682969, 446819.97348758427)], [248, 2, (84519.52680965864, 446766.45736599696)], [261, 2, (83884.42612877121, 448433.36499306577)], [270, 2, (84376.6436397008, 448183.32462977996)], [279, 2, (84668.5749869018, 447597.5261040959)], [281, 2, (84637.4790410537, 447861.5734633781)]]]
[4.0, 27.150370836257935, 0.14341901885694858, 0.14391769501103904, 0.13938854376622278, 0, [[26, 2, (84057.45199692005, 447189.4312589713)], [31, 2, (84318.82415941388, 446995.7004732543)], [61, 2, (84701.79549288675, 446442.3202262279)], [62, 2, (84734.4069749831, 446364.3296949315)], [65, 2, (84935.46094662073, 446105.53507511714)], [70, 2, (84511.71855341281, 448279.6820707427)], [114, 2, (84321.7806164654, 448354.19495508034)], [158, 2, (84785.11046605089, 447028.95647427486)], [163, 2, (85103.85770371312, 447346.7084731901)], [205, 2, (84316.15073994012, 446994.3392868904)], [207, 2, (84230.3564312548, 447162.8424262521)], [226, 2, (84560.50398411034, 446806.73360668455)], [239, 2, (85032.16813787172, 447385.608266497)], [242, 2, (84327.3224162179, 447843.85148106195)], [247, 2, (84514.4775682969, 446819.97348758427)], [248, 2, (84519.52680965864, 446766.45736599696)], [261, 2, (83884.42612877121, 448433.36499306577)], [270, 2, (84376.6436397008, 448183.32462977996)], [279, 2, (84668.5749869018, 447597.5261040959)], [281, 2, (84637.4790410537, 447861.5734633781)]]]
