['budget', 'runtime', 'objective_value', 'flow_caught_optimal', 'flow_caught_fixed_solution', 'flow_impact_area', ['solution']]
[0.2, 4.935441255569458, -0.04033504740320942, 0.005193435839962528, 0.017845858724250173, 0.022754241622370972, [[265, 2, (83650.41718289697, 448834.68904687284)]]]
[0.4, 5.485064744949341, -0.022536238788899418, 0.02298420086501079, 0.03487676437692841, 0.022740219826955104, [[265, 2, (83650.41718289697, 448834.68904687284)], [70, 2, (84511.71855341281, 448279.6820707427)]]]
[0.6000000000000001, 5.363265752792358, -0.005525336517123329, 0.040015103054677856, 0.045954420916307706, 0.022740219785900594, [[226, 2, (84560.50398411034, 446806.73360668455)], [265, 2, (83650.41718289697, 448834.68904687284)], [70, 2, (84511.71855341281, 448279.6820707427)]]]
[0.8, 5.409301519393921, 0.007611760924378035, 0.04273538550891013, 0.05661208673791272, 0.01752181229226605, [[226, 2, (84560.50398411034, 446806.73360668455)], [264, 2, (83673.7594911128, 448742.5577365252)], [265, 2, (83650.41718289697, 448834.68904687284)], [70, 2, (84511.71855341281, 448279.6820707427)]]]
[1.0, 5.856707811355591, 0.01893903712129663, 0.053475468711533074, 0.06686751797958163, 0.017218215795118223, [[114, 2, (84321.7806164654, 448354.19495508034)], [226, 2, (84560.50398411034, 446806.73360668455)], [264, 2, (83673.7594911128, 448742.5577365252)], [265, 2, (83650.41718289697, 448834.68904687284)], [70, 2, (84511.71855341281, 448279.6820707427)]]]
[1.2, 5.707844495773315, 0.029576542162606828, 0.06413297371551893, 0.07532438867784685, 0.017218215776456033, [[114, 2, (84321.7806164654, 448354.19495508034)], [163, 2, (85103.85770371312, 447346.7084731901)], [226, 2, (84560.50398411034, 446806.73360668455)], [264, 2, (83673.7594911128, 448742.5577365252)], [265, 2, (83650.41718289697, 448834.68904687284)], [70, 2, (84511.71855341281, 448279.6820707427)]]]
[1.4000000000000001, 5.991567850112915, 0.03981197340514139, 0.07438840495576501, 0.08248743607757293, 0.01721821577531179, [[114, 2, (84321.7806164654, 448354.19495508034)], [163, 2, (85103.85770371312, 447346.7084731901)], [226, 2, (84560.50398411034, 446806.73360668455)], [26, 2, (84057.45199692005, 447189.4312589713)], [264, 2, (83673.7594911128, 448742.5577365252)], [265, 2, (83650.41718289697, 448834.68904687284)], [70, 2, (84511.71855341281, 448279.6820707427)]]]
[1.6, 6.860785245895386, 0.04912631848924663, 0.07588951382748482, 0.08830268720480994, 0.013301597669119071, [[114, 2, (84321.7806164654, 448354.19495508034)], [123, 2, (83653.32529735257, 448835.425844208)], [163, 2, (85103.85770371312, 447346.7084731901)], [226, 2, (84560.50398411034, 446806.73360668455)], [26, 2, (84057.45199692005, 447189.4312589713)], [264, 2, (83673.7594911128, 448742.5577365252)], [265, 2, (83650.41718289697, 448834.68904687284)], [70, 2, (84511.71855341281, 448279.6820707427)]]]
[1.8, 8.87709903717041, 0.05756321939414299, 0.08434641473232231, 0.09409619623990743, 0.013301597669089633, [[114, 2, (84321.7806164654, 448354.19495508034)], [123, 2, (83653.32529735257, 448835.425844208)], [163, 2, (85103.85770371312, 447346.7084731901)], [226, 2, (84560.50398411034, 446806.73360668455)], [26, 2, (84057.45199692005, 447189.4312589713)], [264, 2, (83673.7594911128, 448742.5577365252)], [265, 2, (83650.41718289697, 448834.68904687284)], [62, 2, (84734.4069749831, 446364.3296949315)], [70, 2, (84511.71855341281, 448279.6820707427)]]]
[2.0, 9.559057712554932, 0.06470623956366484, 0.0915094349016767, 0.09977759248392667, 0.013301597669005901, [[114, 2, (84321.7806164654, 448354.19495508034)], [123, 2, (83653.32529735257, 448835.425844208)], [163, 2, (85103.85770371312, 447346.7084731901)], [226, 2, (84560.50398411034, 446806.73360668455)], [26, 2, (84057.45199692005, 447189.4312589713)], [264, 2, (83673.7594911128, 448742.5577365252)], [265, 2, (83650.41718289697, 448834.68904687284)], [31, 2, (84318.82415941388, 446995.7004732543)], [62, 2, (84734.4069749831, 446364.3296949315)], [70, 2, (84511.71855341281, 448279.6820707427)]]]
[2.2, 8.201883554458618, 0.07089568371165861, 0.09557133012372644, 0.10508126635731932, 0.01222782320603388, [[114, 2, (84321.7806164654, 448354.19495508034)], [123, 2, (83653.32529735257, 448835.425844208)], [163, 2, (85103.85770371312, 447346.7084731901)], [226, 2, (84560.50398411034, 446806.73360668455)], [26, 2, (84057.45199692005, 447189.4312589713)], [262, 2, (83752.93210630848, 448501.4754733475)], [264, 2, (83673.7594911128, 448742.5577365252)], [265, 2, (83650.41718289697, 448834.68904687284)], [31, 2, (84318.82415941388, 446995.7004732543)], [62, 2, (84734.4069749831, 446364.3296949315)], [70, 2, (84511.71855341281, 448279.6820707427)]]]
[2.4000000000000004, 21.887842655181885, 0.07667036330146688, 0.10136600971294915, 0.11032003101215003, 0.012227823205741098, [[114, 2, (84321.7806164654, 448354.19495508034)], [123, 2, (83653.32529735257, 448835.425844208)], [163, 2, (85103.85770371312, 447346.7084731901)], [207, 2, (84230.3564312548, 447162.8424262521)], [226, 2, (84560.50398411034, 446806.73360668455)], [26, 2, (84057.45199692005, 447189.4312589713)], [262, 2, (83752.93210630848, 448501.4754733475)], [264, 2, (83673.7594911128, 448742.5577365252)], [265, 2, (83650.41718289697, 448834.68904687284)], [31, 2, (84318.82415941388, 446995.7004732543)], [62, 2, (84734.4069749831, 446364.3296949315)], [70, 2, (84511.71855341281, 448279.6820707427)]]]
[2.6000000000000005, 33.19601035118103, 0.08238858935509175, 0.10710275234716139, 0.1153457999397521, 0.012227081496034785, [[114, 2, (84321.7806164654, 448354.19495508034)], [123, 2, (83653.32529735257, 448835.425844208)], [163, 2, (85103.85770371312, 447346.7084731901)], [207, 2, (84230.3564312548, 447162.8424262521)], [226, 2, (84560.50398411034, 446806.73360668455)], [26, 2, (84057.45199692005, 447189.4312589713)], [262, 2, (83752.93210630848, 448501.4754733475)], [264, 2, (83673.7594911128, 448742.5577365252)], [265, 2, (83650.41718289697, 448834.68904687284)], [270, 2, (84376.6436397008, 448183.32462977996)], [31, 2, (84318.82415941388, 446995.7004732543)], [62, 2, (84734.4069749831, 446364.3296949315)], [70, 2, (84511.71855341281, 448279.6820707427)]]]
[2.8000000000000003, 39.52119994163513, 0.08804998558831904, 0.11278414857347085, 0.12022206213759087, 0.012227081492575863, [[114, 2, (84321.7806164654, 448354.19495508034)], [123, 2, (83653.32529735257, 448835.425844208)], [161, 2, (85014.62799713778, 447197.8441528263)], [163, 2, (85103.85770371312, 447346.7084731901)], [207, 2, (84230.3564312548, 447162.8424262521)], [226, 2, (84560.50398411034, 446806.73360668455)], [26, 2, (84057.45199692005, 447189.4312589713)], [262, 2, (83752.93210630848, 448501.4754733475)], [264, 2, (83673.7594911128, 448742.5577365252)], [265, 2, (83650.41718289697, 448834.68904687284)], [270, 2, (84376.6436397008, 448183.32462977996)], [31, 2, (84318.82415941388, 446995.7004732543)], [62, 2, (84734.4069749831, 446364.3296949315)], [70, 2, (84511.71855341281, 448279.6820707427)]]]
[3.0000000000000004, 25.369645595550537, 0.09326875024315867, 0.11802291322828634, 0.1250965631930871, 0.012227081492563786, [[114, 2, (84321.7806164654, 448354.19495508034)], [123, 2, (83653.32529735257, 448835.425844208)], [161, 2, (85014.62799713778, 447197.8441528263)], [163, 2, (85103.85770371312, 447346.7084731901)], [205, 2, (84316.15073994012, 446994.3392868904)], [207, 2, (84230.3564312548, 447162.8424262521)], [226, 2, (84560.50398411034, 446806.73360668455)], [26, 2, (84057.45199692005, 447189.4312589713)], [262, 2, (83752.93210630848, 448501.4754733475)], [264, 2, (83673.7594911128, 448742.5577365252)], [265, 2, (83650.41718289697, 448834.68904687284)], [270, 2, (84376.6436397008, 448183.32462977996)], [31, 2, (84318.82415941388, 446995.7004732543)], [62, 2, (84734.4069749831, 446364.3296949315)], [70, 2, (84511.71855341281, 448279.6820707427)]]]
[3.2, 24.200072288513184, 0.09827451915550472, 0.12304868213631968, 0.1298774228422077, 0.012227081490407432, [[114, 2, (84321.7806164654, 448354.19495508034)], [123, 2, (83653.32529735257, 448835.425844208)], [158, 2, (84785.11046605089, 447028.95647427486)], [163, 2, (85103.85770371312, 447346.7084731901)], [205, 2, (84316.15073994012, 446994.3392868904)], [207, 2, (84230.3564312548, 447162.8424262521)], [226, 2, (84560.50398411034, 446806.73360668455)], [239, 2, (85032.16813787172, 447385.608266497)], [26, 2, (84057.45199692005, 447189.4312589713)], [262, 2, (83752.93210630848, 448501.4754733475)], [264, 2, (83673.7594911128, 448742.5577365252)], [265, 2, (83650.41718289697, 448834.68904687284)], [270, 2, (84376.6436397008, 448183.32462977996)], [31, 2, (84318.82415941388, 446995.7004732543)], [62, 2, (84734.4069749831, 446364.3296949315)], [70, 2, (84511.71855341281, 448279.6820707427)]]]
[3.4000000000000004, 68.8996114730835, 0.10313182849658742, 0.12792599147534786, 0.1345588286953226, 0.012227081489380284, [[104, 2, (84740.8489725257, 447494.64730339433)], [114, 2, (84321.7806164654, 448354.19495508034)], [123, 2, (83653.32529735257, 448835.425844208)], [158, 2, (84785.11046605089, 447028.95647427486)], [163, 2, (85103.85770371312, 447346.7084731901)], [205, 2, (84316.15073994012, 446994.3392868904)], [207, 2, (84230.3564312548, 447162.8424262521)], [226, 2, (84560.50398411034, 446806.73360668455)], [239, 2, (85032.16813787172, 447385.608266497)], [26, 2, (84057.45199692005, 447189.4312589713)], [262, 2, (83752.93210630848, 448501.4754733475)], [264, 2, (83673.7594911128, 448742.5577365252)], [265, 2, (83650.41718289697, 448834.68904687284)], [270, 2, (84376.6436397008, 448183.32462977996)], [31, 2, (84318.82415941388, 446995.7004732543)], [62, 2, (84734.4069749831, 446364.3296949315)], [70, 2, (84511.71855341281, 448279.6820707427)]]]
[3.6000000000000005, 162.85152339935303, 0.10798528281574742, 0.13279944392651907, 0.1391991093442894, 0.012227080555385898, [[104, 2, (84740.8489725257, 447494.64730339433)], [114, 2, (84321.7806164654, 448354.19495508034)], [123, 2, (83653.32529735257, 448835.425844208)], [158, 2, (84785.11046605089, 447028.95647427486)], [163, 2, (85103.85770371312, 447346.7084731901)], [205, 2, (84316.15073994012, 446994.3392868904)], [207, 2, (84230.3564312548, 447162.8424262521)], [226, 2, (84560.50398411034, 446806.73360668455)], [239, 2, (85032.16813787172, 447385.608266497)], [242, 2, (84327.3224162179, 447843.85148106195)], [26, 2, (84057.45199692005, 447189.4312589713)], [262, 2, (83752.93210630848, 448501.4754733475)], [264, 2, (83673.7594911128, 448742.5577365252)], [265, 2, (83650.41718289697, 448834.68904687284)], [270, 2, (84376.6436397008, 448183.32462977996)], [31, 2, (84318.82415941388, 446995.7004732543)], [62, 2, (84734.4069749831, 446364.3296949315)], [70, 2, (84511.71855341281, 448279.6820707427)]]]
[3.8000000000000003, 201.2587115764618, 0.11274614246487094, 0.13758030357564152, 0.14375868269144715, 0.012227080555385364, [[104, 2, (84740.8489725257, 447494.64730339433)], [114, 2, (84321.7806164654, 448354.19495508034)], [123, 2, (83653.32529735257, 448835.425844208)], [158, 2, (84785.11046605089, 447028.95647427486)], [163, 2, (85103.85770371312, 447346.7084731901)], [205, 2, (84316.15073994012, 446994.3392868904)], [207, 2, (84230.3564312548, 447162.8424262521)], [226, 2, (84560.50398411034, 446806.73360668455)], [239, 2, (85032.16813787172, 447385.608266497)], [242, 2, (84327.3224162179, 447843.85148106195)], [26, 2, (84057.45199692005, 447189.4312589713)], [262, 2, (83752.93210630848, 448501.4754733475)], [264, 2, (83673.7594911128, 448742.5577365252)], [265, 2, (83650.41718289697, 448834.68904687284)], [270, 2, (84376.6436397008, 448183.32462977996)], [31, 2, (84318.82415941388, 446995.7004732543)], [62, 2, (84734.4069749831, 446364.3296949315)], [65, 2, (84935.46094662073, 446105.53507511714)], [70, 2, (84511.71855341281, 448279.6820707427)]]]
[4.0, 346.2502317428589, 0.11740754831981103, 0.14226170942688576, 0.14828265448480743, 0.012227080553537448, [[104, 2, (84740.8489725257, 447494.64730339433)], [114, 2, (84321.7806164654, 448354.19495508034)], [123, 2, (83653.32529735257, 448835.425844208)], [161, 2, (85014.62799713778, 447197.8441528263)], [163, 2, (85103.85770371312, 447346.7084731901)], [205, 2, (84316.15073994012, 446994.3392868904)], [207, 2, (84230.3564312548, 447162.8424262521)], [226, 2, (84560.50398411034, 446806.73360668455)], [239, 2, (85032.16813787172, 447385.608266497)], [242, 2, (84327.3224162179, 447843.85148106195)], [26, 2, (84057.45199692005, 447189.4312589713)], [262, 2, (83752.93210630848, 448501.4754733475)], [264, 2, (83673.7594911128, 448742.5577365252)], [265, 2, (83650.41718289697, 448834.68904687284)], [270, 2, (84376.6436397008, 448183.32462977996)], [31, 2, (84318.82415941388, 446995.7004732543)], [62, 2, (84734.4069749831, 446364.3296949315)], [65, 2, (84935.46094662073, 446105.53507511714)], [70, 2, (84511.71855341281, 448279.6820707427)], [99, 2, (84512.49811524196, 446822.22776476404)]]]
