['budget', 'runtime', 'objective_value', 'flow_caught_optimal', 'flow_caught_fixed_solution', 'flow_impact_area', ['solution']]
[0.2, 8.578302383422852, -0.9228764559241097, 0.017030906411789812, 0.017845858724250173, 1.0443192914843333, [[226, 2, (84560.50398411034, 446806.73360668455)]]]
[0.4, 9.092581510543823, -0.9030167518653837, 0.0323502357519021, 0.03487676437692841, 1.0392522084636515, [[114, 2, (84321.7806164654, 448354.19495508034)], [226, 2, (84560.50398411034, 446806.73360668455)]]]
[0.6000000000000001, 10.039414882659912, -0.8869300056449092, 0.04237504524821002, 0.045954420916307706, 1.0324945009923543, [[226, 2, (84560.50398411034, 446806.73360668455)], [270, 2, (84376.6436397008, 448183.32462977996)], [70, 2, (84511.71855341281, 448279.6820707427)]]]
[0.8, 12.052973747253418, -0.8723585889877549, 0.04724965567903103, 0.05661208673791272, 1.0216980496297627, [[226, 2, (84560.50398411034, 446806.73360668455)], [242, 2, (84327.3224162179, 447843.85148106195)], [270, 2, (84376.6436397008, 448183.32462977996)], [70, 2, (84511.71855341281, 448279.6820707427)]]]
[1.0, 8.382956504821777, -0.8578991941758395, 0.0521277018152635, 0.06686751797958163, 1.0110298844345593, [[104, 2, (84740.8489725257, 447494.64730339433)], [226, 2, (84560.50398411034, 446806.73360668455)], [242, 2, (84327.3224162179, 447843.85148106195)], [270, 2, (84376.6436397008, 448183.32462977996)], [70, 2, (84511.71855341281, 448279.6820707427)]]]
[1.2, 10.238746881484985, -0.8440612955945649, 0.05676864073494494, 0.07532438867784685, 1.0007888181439, [[104, 2, (84740.8489725257, 447494.64730339433)], [226, 2, (84560.50398411034, 446806.73360668455)], [242, 2, (84327.3224162179, 447843.85148106195)], [270, 2, (84376.6436397008, 448183.32462977996)], [279, 2, (84668.5749869018, 447597.5261040959)], [70, 2, (84511.71855341281, 448279.6820707427)]]]
[1.4000000000000001, 10.533761978149414, -0.8311379042071463, 0.06067937349998441, 0.08248743607757293, 0.9907525307857005, [[104, 2, (84740.8489725257, 447494.64730339433)], [217, 2, (84115.36331444263, 447892.89766792266)], [226, 2, (84560.50398411034, 446806.73360668455)], [242, 2, (84327.3224162179, 447843.85148106195)], [270, 2, (84376.6436397008, 448183.32462977996)], [279, 2, (84668.5749869018, 447597.5261040959)], [70, 2, (84511.71855341281, 448279.6820707427)]]]
[1.6, 12.728482007980347, -0.8183709290918711, 0.06524259176417176, 0.08830268720480994, 0.9816150231733808, [[104, 2, (84740.8489725257, 447494.64730339433)], [112, 2, (83980.35094895505, 448017.53443806164)], [217, 2, (84115.36331444263, 447892.89766792266)], [226, 2, (84560.50398411034, 446806.73360668455)], [242, 2, (84327.3224162179, 447843.85148106195)], [270, 2, (84376.6436397008, 448183.32462977996)], [279, 2, (84668.5749869018, 447597.5261040959)], [70, 2, (84511.71855341281, 448279.6820707427)]]]
[1.8, 12.26297664642334, -0.8056978292310906, 0.07075053345479383, 0.09409619623990743, 0.9736315140954266, [[104, 2, (84740.8489725257, 447494.64730339433)], [112, 2, (83980.35094895505, 448017.53443806164)], [217, 2, (84115.36331444263, 447892.89766792266)], [226, 2, (84560.50398411034, 446806.73360668455)], [239, 2, (85032.16813787172, 447385.608266497)], [242, 2, (84327.3224162179, 447843.85148106195)], [270, 2, (84376.6436397008, 448183.32462977996)], [279, 2, (84668.5749869018, 447597.5261040959)], [70, 2, (84511.71855341281, 448279.6820707427)]]]
[2.0, 13.018632650375366, -0.7931757385751336, 0.075034173509178, 0.09977759248392667, 0.9644554578714574, [[104, 2, (84740.8489725257, 447494.64730339433)], [112, 2, (83980.35094895505, 448017.53443806164)], [144, 2, (84880.85876114457, 447505.5634201066)], [217, 2, (84115.36331444263, 447892.89766792266)], [226, 2, (84560.50398411034, 446806.73360668455)], [239, 2, (85032.16813787172, 447385.608266497)], [242, 2, (84327.3224162179, 447843.85148106195)], [270, 2, (84376.6436397008, 448183.32462977996)], [279, 2, (84668.5749869018, 447597.5261040959)], [70, 2, (84511.71855341281, 448279.6820707427)]]]
[2.2, 8.876718044281006, -0.7810355713407606, 0.07910516448435648, 0.10508126635731932, 0.9554674842501303, [[104, 2, (84740.8489725257, 447494.64730339433)], [112, 2, (83980.35094895505, 448017.53443806164)], [144, 2, (84880.85876114457, 447505.5634201066)], [147, 2, (84669.68286794862, 447600.31404232804)], [217, 2, (84115.36331444263, 447892.89766792266)], [226, 2, (84560.50398411034, 446806.73360668455)], [239, 2, (85032.16813787172, 447385.608266497)], [242, 2, (84327.3224162179, 447843.85148106195)], [270, 2, (84376.6436397008, 448183.32462977996)], [279, 2, (84668.5749869018, 447597.5261040959)], [70, 2, (84511.71855341281, 448279.6820707427)]]]
[2.4000000000000004, 11.227439880371094, -0.7690416442303574, 0.08342543109494918, 0.11032003101215003, 0.946918972583674, [[104, 2, (84740.8489725257, 447494.64730339433)], [112, 2, (83980.35094895505, 448017.53443806164)], [144, 2, (84880.85876114457, 447505.5634201066)], [147, 2, (84669.68286794862, 447600.31404232804)], [217, 2, (84115.36331444263, 447892.89766792266)], [226, 2, (84560.50398411034, 446806.73360668455)], [239, 2, (85032.16813787172, 447385.608266497)], [242, 2, (84327.3224162179, 447843.85148106195)], [270, 2, (84376.6436397008, 448183.32462977996)], [279, 2, (84668.5749869018, 447597.5261040959)], [49, 2, (84272.60498463939, 447595.0860036524)], [70, 2, (84511.71855341281, 448279.6820707427)]]]
[2.6000000000000005, 11.363983154296875, -0.7572718639929825, 0.0874030760303715, 0.1153457999397521, 0.9382388222481718, [[104, 2, (84740.8489725257, 447494.64730339433)], [112, 2, (83980.35094895505, 448017.53443806164)], [144, 2, (84880.85876114457, 447505.5634201066)], [147, 2, (84669.68286794862, 447600.31404232804)], [193, 2, (84314.29577371474, 447285.6396724997)], [217, 2, (84115.36331444263, 447892.89766792266)], [226, 2, (84560.50398411034, 446806.73360668455)], [239, 2, (85032.16813787172, 447385.608266497)], [242, 2, (84327.3224162179, 447843.85148106195)], [270, 2, (84376.6436397008, 448183.32462977996)], [279, 2, (84668.5749869018, 447597.5261040959)], [49, 2, (84272.60498463939, 447595.0860036524)], [70, 2, (84511.71855341281, 448279.6820707427)]]]
[2.8000000000000003, 11.699592113494873, -0.7455693327251001, 0.09131926956105241, 0.12022206213759087, 0.9295651136512805, [[104, 2, (84740.8489725257, 447494.64730339433)], [112, 2, (83980.35094895505, 448017.53443806164)], [144, 2, (84880.85876114457, 447505.5634201066)], [147, 2, (84669.68286794862, 447600.31404232804)], [193, 2, (84314.29577371474, 447285.6396724997)], [217, 2, (84115.36331444263, 447892.89766792266)], [226, 2, (84560.50398411034, 446806.73360668455)], [239, 2, (85032.16813787172, 447385.608266497)], [242, 2, (84327.3224162179, 447843.85148106195)], [270, 2, (84376.6436397008, 448183.32462977996)], [279, 2, (84668.5749869018, 447597.5261040959)], [49, 2, (84272.60498463939, 447595.0860036524)], [70, 2, (84511.71855341281, 448279.6820707427)], [92, 2, (84329.71031787788, 447845.667500242)]]]
[3.0000000000000004, 11.156542778015137, -0.7340511711156772, 0.10070881367772747, 0.1250965631930871, 0.9271777608815601, [[104, 2, (84740.8489725257, 447494.64730339433)], [112, 2, (83980.35094895505, 448017.53443806164)], [114, 2, (84321.7806164654, 448354.19495508034)], [144, 2, (84880.85876114457, 447505.5634201066)], [147, 2, (84669.68286794862, 447600.31404232804)], [193, 2, (84314.29577371474, 447285.6396724997)], [217, 2, (84115.36331444263, 447892.89766792266)], [226, 2, (84560.50398411034, 446806.73360668455)], [239, 2, (85032.16813787172, 447385.608266497)], [242, 2, (84327.3224162179, 447843.85148106195)], [270, 2, (84376.6436397008, 448183.32462977996)], [279, 2, (84668.5749869018, 447597.5261040959)], [49, 2, (84272.60498463939, 447595.0860036524)], [70, 2, (84511.71855341281, 448279.6820707427)], [92, 2, (84329.71031787788, 447845.667500242)]]]
[3.2, 17.089833974838257, -0.7228989325905697, 0.10444147107973946, 0.1298774228422077, 0.9189115596336765, [[103, 2, (84671.53492633377, 447444.8050783249)], [104, 2, (84740.8489725257, 447494.64730339433)], [112, 2, (83980.35094895505, 448017.53443806164)], [114, 2, (84321.7806164654, 448354.19495508034)], [144, 2, (84880.85876114457, 447505.5634201066)], [147, 2, (84669.68286794862, 447600.31404232804)], [193, 2, (84314.29577371474, 447285.6396724997)], [217, 2, (84115.36331444263, 447892.89766792266)], [226, 2, (84560.50398411034, 446806.73360668455)], [239, 2, (85032.16813787172, 447385.608266497)], [242, 2, (84327.3224162179, 447843.85148106195)], [270, 2, (84376.6436397008, 448183.32462977996)], [279, 2, (84668.5749869018, 447597.5261040959)], [49, 2, (84272.60498463939, 447595.0860036524)], [70, 2, (84511.71855341281, 448279.6820707427)], [92, 2, (84329.71031787788, 447845.667500242)]]]
[3.4000000000000004, 16.00147032737732, -0.7118199549029209, 0.10826938209351401, 0.1345588286953226, 0.910832596662706, [[103, 2, (84671.53492633377, 447444.8050783249)], [104, 2, (84740.8489725257, 447494.64730339433)], [112, 2, (83980.35094895505, 448017.53443806164)], [114, 2, (84321.7806164654, 448354.19495508034)], [144, 2, (84880.85876114457, 447505.5634201066)], [147, 2, (84669.68286794862, 447600.31404232804)], [193, 2, (84314.29577371474, 447285.6396724997)], [217, 2, (84115.36331444263, 447892.89766792266)], [226, 2, (84560.50398411034, 446806.73360668455)], [239, 2, (85032.16813787172, 447385.608266497)], [242, 2, (84327.3224162179, 447843.85148106195)], [270, 2, (84376.6436397008, 448183.32462977996)], [279, 2, (84668.5749869018, 447597.5261040959)], [37, 2, (84507.71425457207, 446985.2886868867)], [49, 2, (84272.60498463939, 447595.0860036524)], [70, 2, (84511.71855341281, 448279.6820707427)], [92, 2, (84329.71031787788, 447845.667500242)]]]
[3.6000000000000005, 25.364147663116455, -0.7009339287176642, 0.11852018515007999, 0.1391991093442894, 0.9101045709641599, [[103, 2, (84671.53492633377, 447444.8050783249)], [104, 2, (84740.8489725257, 447494.64730339433)], [112, 2, (83980.35094895505, 448017.53443806164)], [114, 2, (84321.7806164654, 448354.19495508034)], [144, 2, (84880.85876114457, 447505.5634201066)], [147, 2, (84669.68286794862, 447600.31404232804)], [163, 2, (85103.85770371312, 447346.7084731901)], [193, 2, (84314.29577371474, 447285.6396724997)], [217, 2, (84115.36331444263, 447892.89766792266)], [226, 2, (84560.50398411034, 446806.73360668455)], [239, 2, (85032.16813787172, 447385.608266497)], [242, 2, (84327.3224162179, 447843.85148106195)], [270, 2, (84376.6436397008, 448183.32462977996)], [279, 2, (84668.5749869018, 447597.5261040959)], [37, 2, (84507.71425457207, 446985.2886868867)], [49, 2, (84272.60498463939, 447595.0860036524)], [70, 2, (84511.71855341281, 448279.6820707427)], [92, 2, (84329.71031787788, 447845.667500242)]]]
[3.8000000000000003, 14.05597710609436, -0.6902143412550606, 0.12238855727033388, 0.14375868269144715, 0.9024698872504381, [[103, 2, (84671.53492633377, 447444.8050783249)], [104, 2, (84740.8489725257, 447494.64730339433)], [112, 2, (83980.35094895505, 448017.53443806164)], [114, 2, (84321.7806164654, 448354.19495508034)], [144, 2, (84880.85876114457, 447505.5634201066)], [147, 2, (84669.68286794862, 447600.31404232804)], [163, 2, (85103.85770371312, 447346.7084731901)], [193, 2, (84314.29577371474, 447285.6396724997)], [212, 2, (84376.27569209447, 447363.1208682743)], [217, 2, (84115.36331444263, 447892.89766792266)], [226, 2, (84560.50398411034, 446806.73360668455)], [239, 2, (85032.16813787172, 447385.608266497)], [242, 2, (84327.3224162179, 447843.85148106195)], [270, 2, (84376.6436397008, 448183.32462977996)], [279, 2, (84668.5749869018, 447597.5261040959)], [37, 2, (84507.71425457207, 446985.2886868867)], [49, 2, (84272.60498463939, 447595.0860036524)], [70, 2, (84511.71855341281, 448279.6820707427)], [92, 2, (84329.71031787788, 447845.667500242)]]]
[4.0, 19.46388530731201, -0.6796686549170166, 0.12596954594652648, 0.14828265448480743, 0.8947091120706036, [[103, 2, (84671.53492633377, 447444.8050783249)], [104, 2, (84740.8489725257, 447494.64730339433)], [112, 2, (83980.35094895505, 448017.53443806164)], [114, 2, (84321.7806164654, 448354.19495508034)], [144, 2, (84880.85876114457, 447505.5634201066)], [147, 2, (84669.68286794862, 447600.31404232804)], [163, 2, (85103.85770371312, 447346.7084731901)], [193, 2, (84314.29577371474, 447285.6396724997)], [212, 2, (84376.27569209447, 447363.1208682743)], [217, 2, (84115.36331444263, 447892.89766792266)], [226, 2, (84560.50398411034, 446806.73360668455)], [239, 2, (85032.16813787172, 447385.608266497)], [242, 2, (84327.3224162179, 447843.85148106195)], [270, 2, (84376.6436397008, 448183.32462977996)], [279, 2, (84668.5749869018, 447597.5261040959)], [37, 2, (84507.71425457207, 446985.2886868867)], [49, 2, (84272.60498463939, 447595.0860036524)], [6, 2, (84210.03195830931, 447523.815616936)], [70, 2, (84511.71855341281, 448279.6820707427)], [92, 2, (84329.71031787788, 447845.667500242)]]]
