['budget', 'runtime', 'objective_value', 'flow_caught_optimal', 'flow_caught_fixed_solution', 'flow_impact_area', ['solution']]
[0.2, 4.854816913604736, -0.06308928934949097, 0.005193435517621953, 0.017845858724250173, 0.022754241622370972, [[265, 2, (83650.41718289697, 448834.68904687284)]]]
[0.4, 5.045916795730591, -0.044674062633868285, 0.00795868667019018, 0.03487676437692841, 0.017530916434686156, [[264, 2, (83673.7594911128, 448742.5577365252)], [265, 2, (83650.41718289697, 448834.68904687284)]]]
[0.6000000000000001, 5.454997301101685, -0.026921104576436716, 0.025704330966888424, 0.045954420916307706, 0.017521811847775046, [[264, 2, (83673.7594911128, 448742.5577365252)], [265, 2, (83650.41718289697, 448834.68904687284)], [70, 2, (84511.71855341281, 448279.6820707427)]]]
[0.8, 5.10037088394165, -0.009909912844034474, 0.04273553256829185, 0.05661208673791272, 0.01752181513744211, [[226, 2, (84560.50398411034, 446806.73360668455)], [264, 2, (83673.7594911128, 448742.5577365252)], [265, 2, (83650.41718289697, 448834.68904687284)], [70, 2, (84511.71855341281, 448279.6820707427)]]]
[1.0, 5.409492015838623, 0.0035497327845263604, 0.04427933176586212, 0.06686751797958163, 0.013543199660445256, [[123, 2, (83653.32529735257, 448835.425844208)], [226, 2, (84560.50398411034, 446806.73360668455)], [264, 2, (83673.7594911128, 448742.5577365252)], [265, 2, (83650.41718289697, 448834.68904687284)], [70, 2, (84511.71855341281, 448279.6820707427)]]]
[1.2, 5.701768636703491, 0.014951853951869765, 0.05497664700659753, 0.07532438867784685, 0.013301597684909258, [[114, 2, (84321.7806164654, 448354.19495508034)], [123, 2, (83653.32529735257, 448835.425844208)], [226, 2, (84560.50398411034, 446806.73360668455)], [264, 2, (83673.7594911128, 448742.5577365252)], [265, 2, (83650.41718289697, 448834.68904687284)], [70, 2, (84511.71855341281, 448279.6820707427)]]]
[1.4000000000000001, 5.533167600631714, 0.025589289576606042, 0.06563408258670016, 0.08248743607757293, 0.013301597670031359, [[114, 2, (84321.7806164654, 448354.19495508034)], [123, 2, (83653.32529735257, 448835.425844208)], [163, 2, (85103.85770371312, 447346.7084731901)], [226, 2, (84560.50398411034, 446806.73360668455)], [264, 2, (83673.7594911128, 448742.5577365252)], [265, 2, (83650.41718289697, 448834.68904687284)], [70, 2, (84511.71855341281, 448279.6820707427)]]]
[1.6, 6.2872560024261475, 0.03582472082193481, 0.07588951382929314, 0.08830268720480994, 0.013301597669119427, [[114, 2, (84321.7806164654, 448354.19495508034)], [123, 2, (83653.32529735257, 448835.425844208)], [163, 2, (85103.85770371312, 447346.7084731901)], [226, 2, (84560.50398411034, 446806.73360668455)], [26, 2, (84057.45199692005, 447189.4312589713)], [264, 2, (83673.7594911128, 448742.5577365252)], [265, 2, (83650.41718289697, 448834.68904687284)], [70, 2, (84511.71855341281, 448279.6820707427)]]]
[1.8, 7.826390743255615, 0.04426159151881416, 0.08434638452602898, 0.09409619623990743, 0.013301597669071588, [[114, 2, (84321.7806164654, 448354.19495508034)], [123, 2, (83653.32529735257, 448835.425844208)], [163, 2, (85103.85770371312, 447346.7084731901)], [226, 2, (84560.50398411034, 446806.73360668455)], [26, 2, (84057.45199692005, 447189.4312589713)], [264, 2, (83673.7594911128, 448742.5577365252)], [265, 2, (83650.41718289697, 448834.68904687284)], [62, 2, (84734.4069749831, 446364.3296949315)], [70, 2, (84511.71855341281, 448279.6820707427)]]]
[2.0, 7.672001838684082, 0.051525052870966655, 0.08840852246794878, 0.09977759248392667, 0.012227823198994021, [[114, 2, (84321.7806164654, 448354.19495508034)], [123, 2, (83653.32529735257, 448835.425844208)], [163, 2, (85103.85770371312, 447346.7084731901)], [226, 2, (84560.50398411034, 446806.73360668455)], [26, 2, (84057.45199692005, 447189.4312589713)], [262, 2, (83752.93210630848, 448501.4754733475)], [264, 2, (83673.7594911128, 448742.5577365252)], [265, 2, (83650.41718289697, 448834.68904687284)], [62, 2, (84734.4069749831, 446364.3296949315)], [70, 2, (84511.71855341281, 448279.6820707427)]]]
[2.2, 10.600886344909668, 0.05866844739777431, 0.09557191701587699, 0.10508126635731932, 0.012227823206034202, [[114, 2, (84321.7806164654, 448354.19495508034)], [123, 2, (83653.32529735257, 448835.425844208)], [163, 2, (85103.85770371312, 447346.7084731901)], [226, 2, (84560.50398411034, 446806.73360668455)], [26, 2, (84057.45199692005, 447189.4312589713)], [262, 2, (83752.93210630848, 448501.4754733475)], [264, 2, (83673.7594911128, 448742.5577365252)], [265, 2, (83650.41718289697, 448834.68904687284)], [31, 2, (84318.82415941388, 446995.7004732543)], [62, 2, (84734.4069749831, 446364.3296949315)], [70, 2, (84511.71855341281, 448279.6820707427)]]]
[2.4000000000000004, 16.21209979057312, 0.06444138041319261, 0.10136484735956294, 0.11032003101215003, 0.012227822315456752, [[114, 2, (84321.7806164654, 448354.19495508034)], [123, 2, (83653.32529735257, 448835.425844208)], [163, 2, (85103.85770371312, 447346.7084731901)], [207, 2, (84230.3564312548, 447162.8424262521)], [226, 2, (84560.50398411034, 446806.73360668455)], [26, 2, (84057.45199692005, 447189.4312589713)], [262, 2, (83752.93210630848, 448501.4754733475)], [264, 2, (83673.7594911128, 448742.5577365252)], [265, 2, (83650.41718289697, 448834.68904687284)], [31, 2, (84318.82415941388, 446995.7004732543)], [62, 2, (84734.4069749831, 446364.3296949315)], [70, 2, (84511.71855341281, 448279.6820707427)]]]
[2.6000000000000005, 23.733851671218872, 0.07016150785905695, 0.10710275234716139, 0.1153457999397521, 0.012227081496034785, [[114, 2, (84321.7806164654, 448354.19495508034)], [123, 2, (83653.32529735257, 448835.425844208)], [163, 2, (85103.85770371312, 447346.7084731901)], [207, 2, (84230.3564312548, 447162.8424262521)], [226, 2, (84560.50398411034, 446806.73360668455)], [26, 2, (84057.45199692005, 447189.4312589713)], [262, 2, (83752.93210630848, 448501.4754733475)], [264, 2, (83673.7594911128, 448742.5577365252)], [265, 2, (83650.41718289697, 448834.68904687284)], [270, 2, (84376.6436397008, 448183.32462977996)], [31, 2, (84318.82415941388, 446995.7004732543)], [62, 2, (84734.4069749831, 446364.3296949315)], [70, 2, (84511.71855341281, 448279.6820707427)]]]
[2.8000000000000003, 33.234570026397705, 0.07582290409574319, 0.11278414857347085, 0.12022206213759087, 0.012227081492575863, [[114, 2, (84321.7806164654, 448354.19495508034)], [123, 2, (83653.32529735257, 448835.425844208)], [161, 2, (85014.62799713778, 447197.8441528263)], [163, 2, (85103.85770371312, 447346.7084731901)], [207, 2, (84230.3564312548, 447162.8424262521)], [226, 2, (84560.50398411034, 446806.73360668455)], [26, 2, (84057.45199692005, 447189.4312589713)], [262, 2, (83752.93210630848, 448501.4754733475)], [264, 2, (83673.7594911128, 448742.5577365252)], [265, 2, (83650.41718289697, 448834.68904687284)], [270, 2, (84376.6436397008, 448183.32462977996)], [31, 2, (84318.82415941388, 446995.7004732543)], [62, 2, (84734.4069749831, 446364.3296949315)], [70, 2, (84511.71855341281, 448279.6820707427)]]]
[3.0000000000000004, 58.64835739135742, 0.08110196807665054, 0.11357000232625639, 0.1250965631930871, 0.010722678083201915, [[114, 2, (84321.7806164654, 448354.19495508034)], [123, 2, (83653.32529735257, 448835.425844208)], [124, 2, (83676.6676055684, 448743.29453386035)], [161, 2, (85014.62799713778, 447197.8441528263)], [163, 2, (85103.85770371312, 447346.7084731901)], [207, 2, (84230.3564312548, 447162.8424262521)], [226, 2, (84560.50398411034, 446806.73360668455)], [26, 2, (84057.45199692005, 447189.4312589713)], [262, 2, (83752.93210630848, 448501.4754733475)], [264, 2, (83673.7594911128, 448742.5577365252)], [265, 2, (83650.41718289697, 448834.68904687284)], [270, 2, (84376.6436397008, 448183.32462977996)], [31, 2, (84318.82415941388, 446995.7004732543)], [62, 2, (84734.4069749831, 446364.3296949315)], [70, 2, (84511.71855341281, 448279.6820707427)]]]
[3.2, 91.17943930625916, 0.08632181476961748, 0.11880915029552747, 0.1298774228422077, 0.010722445175303295, [[114, 2, (84321.7806164654, 448354.19495508034)], [123, 2, (83653.32529735257, 448835.425844208)], [124, 2, (83676.6676055684, 448743.29453386035)], [161, 2, (85014.62799713778, 447197.8441528263)], [163, 2, (85103.85770371312, 447346.7084731901)], [205, 2, (84316.15073994012, 446994.3392868904)], [207, 2, (84230.3564312548, 447162.8424262521)], [226, 2, (84560.50398411034, 446806.73360668455)], [26, 2, (84057.45199692005, 447189.4312589713)], [262, 2, (83752.93210630848, 448501.4754733475)], [264, 2, (83673.7594911128, 448742.5577365252)], [265, 2, (83650.41718289697, 448834.68904687284)], [270, 2, (84376.6436397008, 448183.32462977996)], [31, 2, (84318.82415941388, 446995.7004732543)], [62, 2, (84734.4069749831, 446364.3296949315)], [70, 2, (84511.71855341281, 448279.6820707427)]]]
[3.4000000000000004, 65.77147507667542, 0.09132650164241056, 0.12383453588628288, 0.1345588286953226, 0.010722678081290737, [[114, 2, (84321.7806164654, 448354.19495508034)], [123, 2, (83653.32529735257, 448835.425844208)], [124, 2, (83676.6676055684, 448743.29453386035)], [158, 2, (84785.11046605089, 447028.95647427486)], [163, 2, (85103.85770371312, 447346.7084731901)], [205, 2, (84316.15073994012, 446994.3392868904)], [207, 2, (84230.3564312548, 447162.8424262521)], [226, 2, (84560.50398411034, 446806.73360668455)], [239, 2, (85032.16813787172, 447385.608266497)], [26, 2, (84057.45199692005, 447189.4312589713)], [262, 2, (83752.93210630848, 448501.4754733475)], [264, 2, (83673.7594911128, 448742.5577365252)], [265, 2, (83650.41718289697, 448834.68904687284)], [270, 2, (84376.6436397008, 448183.32462977996)], [31, 2, (84318.82415941388, 446995.7004732543)], [62, 2, (84734.4069749831, 446364.3296949315)], [70, 2, (84511.71855341281, 448279.6820707427)]]]
[3.6000000000000005, 51.13542318344116, 0.09618276384181897, 0.12871079808297534, 0.1391991093442894, 0.010722678080385503, [[104, 2, (84740.8489725257, 447494.64730339433)], [114, 2, (84321.7806164654, 448354.19495508034)], [123, 2, (83653.32529735257, 448835.425844208)], [124, 2, (83676.6676055684, 448743.29453386035)], [158, 2, (84785.11046605089, 447028.95647427486)], [163, 2, (85103.85770371312, 447346.7084731901)], [205, 2, (84316.15073994012, 446994.3392868904)], [207, 2, (84230.3564312548, 447162.8424262521)], [226, 2, (84560.50398411034, 446806.73360668455)], [239, 2, (85032.16813787172, 447385.608266497)], [26, 2, (84057.45199692005, 447189.4312589713)], [262, 2, (83752.93210630848, 448501.4754733475)], [264, 2, (83673.7594911128, 448742.5577365252)], [265, 2, (83650.41718289697, 448834.68904687284)], [270, 2, (84376.6436397008, 448183.32462977996)], [31, 2, (84318.82415941388, 446995.7004732543)], [62, 2, (84734.4069749831, 446364.3296949315)], [70, 2, (84511.71855341281, 448279.6820707427)]]]
[3.8000000000000003, 350.40802550315857, 0.10103726575530912, 0.1335852975268971, 0.14375868269144715, 0.010722677257196042, [[104, 2, (84740.8489725257, 447494.64730339433)], [114, 2, (84321.7806164654, 448354.19495508034)], [123, 2, (83653.32529735257, 448835.425844208)], [124, 2, (83676.6676055684, 448743.29453386035)], [158, 2, (84785.11046605089, 447028.95647427486)], [163, 2, (85103.85770371312, 447346.7084731901)], [205, 2, (84316.15073994012, 446994.3392868904)], [207, 2, (84230.3564312548, 447162.8424262521)], [226, 2, (84560.50398411034, 446806.73360668455)], [239, 2, (85032.16813787172, 447385.608266497)], [242, 2, (84327.3224162179, 447843.85148106195)], [26, 2, (84057.45199692005, 447189.4312589713)], [262, 2, (83752.93210630848, 448501.4754733475)], [264, 2, (83673.7594911128, 448742.5577365252)], [265, 2, (83650.41718289697, 448834.68904687284)], [270, 2, (84376.6436397008, 448183.32462977996)], [31, 2, (84318.82415941388, 446995.7004732543)], [62, 2, (84734.4069749831, 446364.3296949315)], [70, 2, (84511.71855341281, 448279.6820707427)]]]
[4.0, 361.31761956214905, 0.10579812540443292, 0.1383661571760195, 0.14828265448480743, 0.010722677257195574, [[104, 2, (84740.8489725257, 447494.64730339433)], [114, 2, (84321.7806164654, 448354.19495508034)], [123, 2, (83653.32529735257, 448835.425844208)], [124, 2, (83676.6676055684, 448743.29453386035)], [158, 2, (84785.11046605089, 447028.95647427486)], [163, 2, (85103.85770371312, 447346.7084731901)], [205, 2, (84316.15073994012, 446994.3392868904)], [207, 2, (84230.3564312548, 447162.8424262521)], [226, 2, (84560.50398411034, 446806.73360668455)], [239, 2, (85032.16813787172, 447385.608266497)], [242, 2, (84327.3224162179, 447843.85148106195)], [26, 2, (84057.45199692005, 447189.4312589713)], [262, 2, (83752.93210630848, 448501.4754733475)], [264, 2, (83673.7594911128, 448742.5577365252)], [265, 2, (83650.41718289697, 448834.68904687284)], [270, 2, (84376.6436397008, 448183.32462977996)], [31, 2, (84318.82415941388, 446995.7004732543)], [62, 2, (84734.4069749831, 446364.3296949315)], [65, 2, (84935.46094662073, 446105.53507511714)], [70, 2, (84511.71855341281, 448279.6820707427)]]]
