['budget', 'runtime', 'objective_value', 'flow_caught_optimal', 'flow_caught_fixed_solution', 'flow_impact_area', ['solution']]
[0.2, 6.591978311538696, 0.017633991530229324, 0.017784205953517825, 0.01693288803125088, 0, [[226, 2, (84560.50398411034, 446806.73360668455)]]]
[0.4, 6.307979106903076, 0.034548366346838486, 0.03471708915153736, 0.03471709319204755, 0, [[226, 2, (84560.50398411034, 446806.73360668455)], [70, 2, (84511.71855341281, 448279.6820707427)]]]
[0.6000000000000001, 6.541064023971558, 0.04510817500817806, 0.04528855709120956, 0.04528855709120958, 0, [[114, 2, (84321.7806164654, 448354.19495508034)], [226, 2, (84560.50398411034, 446806.73360668455)], [70, 2, (84511.71855341281, 448279.6820707427)]]]
[0.8, 6.418983221054077, 0.05538328388267673, 0.05558197783599955, 0.05532487702984147, 0, [[114, 2, (84321.7806164654, 448354.19495508034)], [226, 2, (84560.50398411034, 446806.73360668455)], [26, 2, (84057.45199692005, 447189.4312589713)], [70, 2, (84511.71855341281, 448279.6820707427)]]]
[1.0, 6.816982269287109, 0.06540049135861804, 0.0656182886351308, 0.06561828863513079, 0, [[114, 2, (84321.7806164654, 448354.19495508034)], [163, 2, (85103.85770371312, 447346.7084731901)], [226, 2, (84560.50398411034, 446806.73360668455)], [26, 2, (84057.45199692005, 447189.4312589713)], [70, 2, (84511.71855341281, 448279.6820707427)]]]
[1.2, 6.720982313156128, 0.07400208914743156, 0.0742366401534346, 0.07393230850326671, 0, [[114, 2, (84321.7806164654, 448354.19495508034)], [163, 2, (85103.85770371312, 447346.7084731901)], [226, 2, (84560.50398411034, 446806.73360668455)], [26, 2, (84057.45199692005, 447189.4312589713)], [61, 2, (84701.79549288675, 446442.3202262279)], [70, 2, (84511.71855341281, 448279.6820707427)]]]
[1.4000000000000001, 6.777981996536255, 0.0813698299044313, 0.0816239049313904, 0.08027369157332512, 0, [[114, 2, (84321.7806164654, 448354.19495508034)], [163, 2, (85103.85770371312, 447346.7084731901)], [206, 2, (84273.25358559746, 447078.5908565712)], [226, 2, (84560.50398411034, 446806.73360668455)], [26, 2, (84057.45199692005, 447189.4312589713)], [61, 2, (84701.79549288675, 446442.3202262279)], [70, 2, (84511.71855341281, 448279.6820707427)]]]
[1.6, 7.754977226257324, 0.08736466789042058, 0.08763835542156792, 0.08628814206941098, 0, [[114, 2, (84321.7806164654, 448354.19495508034)], [163, 2, (85103.85770371312, 447346.7084731901)], [206, 2, (84273.25358559746, 447078.5908565712)], [226, 2, (84560.50398411034, 446806.73360668455)], [26, 2, (84057.45199692005, 447189.4312589713)], [270, 2, (84376.6436397008, 448183.32462977996)], [61, 2, (84701.79549288675, 446442.3202262279)], [70, 2, (84511.71855341281, 448279.6820707427)]]]
[1.8, 8.67797589302063, 0.09272547797525854, 0.09301882221813239, 0.09251372820040227, 0, [[114, 2, (84321.7806164654, 448354.19495508034)], [163, 2, (85103.85770371312, 447346.7084731901)], [206, 2, (84273.25358559746, 447078.5908565712)], [207, 2, (84230.3564312548, 447162.8424262521)], [226, 2, (84560.50398411034, 446806.73360668455)], [26, 2, (84057.45199692005, 447189.4312589713)], [270, 2, (84376.6436397008, 448183.32462977996)], [61, 2, (84701.79549288675, 446442.3202262279)], [70, 2, (84511.71855341281, 448279.6820707427)]]]
[2.0, 9.802056550979614, 0.09808173293463976, 0.09839234622599925, 0.09781421411120798, 0, [[114, 2, (84321.7806164654, 448354.19495508034)], [163, 2, (85103.85770371312, 447346.7084731901)], [206, 2, (84273.25358559746, 447078.5908565712)], [207, 2, (84230.3564312548, 447162.8424262521)], [226, 2, (84560.50398411034, 446806.73360668455)], [26, 2, (84057.45199692005, 447189.4312589713)], [262, 2, (83752.93210630848, 448501.4754733475)], [270, 2, (84376.6436397008, 448183.32462977996)], [61, 2, (84701.79549288675, 446442.3202262279)], [70, 2, (84511.71855341281, 448279.6820707427)]]]
[2.2, 11.481968402862549, 0.10335462408323029, 0.10368294251747166, 0.10318773810590466, 0, [[114, 2, (84321.7806164654, 448354.19495508034)], [158, 2, (84785.11046605089, 447028.95647427486)], [163, 2, (85103.85770371312, 447346.7084731901)], [206, 2, (84273.25358559746, 447078.5908565712)], [207, 2, (84230.3564312548, 447162.8424262521)], [226, 2, (84560.50398411034, 446806.73360668455)], [26, 2, (84057.45199692005, 447189.4312589713)], [262, 2, (83752.93210630848, 448501.4754733475)], [270, 2, (84376.6436397008, 448183.32462977996)], [61, 2, (84701.79549288675, 446442.3202262279)], [70, 2, (84511.71855341281, 448279.6820707427)]]]
[2.4000000000000004, 24.41993021965027, 0.10852779076825592, 0.10887577903001565, 0.10770161128607733, 0, [[103, 2, (84671.53492633377, 447444.8050783249)], [114, 2, (84321.7806164654, 448354.19495508034)], [158, 2, (84785.11046605089, 447028.95647427486)], [163, 2, (85103.85770371312, 447346.7084731901)], [206, 2, (84273.25358559746, 447078.5908565712)], [207, 2, (84230.3564312548, 447162.8424262521)], [226, 2, (84560.50398411034, 446806.73360668455)], [26, 2, (84057.45199692005, 447189.4312589713)], [262, 2, (83752.93210630848, 448501.4754733475)], [270, 2, (84376.6436397008, 448183.32462977996)], [61, 2, (84701.79549288675, 446442.3202262279)], [70, 2, (84511.71855341281, 448279.6820707427)]]]
[2.6000000000000005, 34.46290063858032, 0.11364233397769033, 0.11400999550496628, 0.11209544024982208, 0, [[103, 2, (84671.53492633377, 447444.8050783249)], [114, 2, (84321.7806164654, 448354.19495508034)], [147, 2, (84669.68286794862, 447600.31404232804)], [158, 2, (84785.11046605089, 447028.95647427486)], [163, 2, (85103.85770371312, 447346.7084731901)], [206, 2, (84273.25358559746, 447078.5908565712)], [207, 2, (84230.3564312548, 447162.8424262521)], [226, 2, (84560.50398411034, 446806.73360668455)], [26, 2, (84057.45199692005, 447189.4312589713)], [262, 2, (83752.93210630848, 448501.4754733475)], [270, 2, (84376.6436397008, 448183.32462977996)], [61, 2, (84701.79549288675, 446442.3202262279)], [70, 2, (84511.71855341281, 448279.6820707427)]]]
[2.8000000000000003, 15.052955389022827, 0.11875241262817483, 0.11913974665549502, 0.11705415352925243, 0, [[103, 2, (84671.53492633377, 447444.8050783249)], [114, 2, (84321.7806164654, 448354.19495508034)], [147, 2, (84669.68286794862, 447600.31404232804)], [158, 2, (84785.11046605089, 447028.95647427486)], [163, 2, (85103.85770371312, 447346.7084731901)], [206, 2, (84273.25358559746, 447078.5908565712)], [207, 2, (84230.3564312548, 447162.8424262521)], [226, 2, (84560.50398411034, 446806.73360668455)], [26, 2, (84057.45199692005, 447189.4312589713)], [262, 2, (83752.93210630848, 448501.4754733475)], [270, 2, (84376.6436397008, 448183.32462977996)], [61, 2, (84701.79549288675, 446442.3202262279)], [70, 2, (84511.71855341281, 448279.6820707427)], [92, 2, (84329.71031787788, 447845.667500242)]]]
[3.0000000000000004, 16.482953548431396, 0.12364484679303192, 0.12405167204632374, 0.12116866585115578, 0, [[103, 2, (84671.53492633377, 447444.8050783249)], [114, 2, (84321.7806164654, 448354.19495508034)], [147, 2, (84669.68286794862, 447600.31404232804)], [161, 2, (85014.62799713778, 447197.8441528263)], [163, 2, (85103.85770371312, 447346.7084731901)], [206, 2, (84273.25358559746, 447078.5908565712)], [207, 2, (84230.3564312548, 447162.8424262521)], [226, 2, (84560.50398411034, 446806.73360668455)], [26, 2, (84057.45199692005, 447189.4312589713)], [262, 2, (83752.93210630848, 448501.4754733475)], [270, 2, (84376.6436397008, 448183.32462977996)], [61, 2, (84701.79549288675, 446442.3202262279)], [70, 2, (84511.71855341281, 448279.6820707427)], [92, 2, (84329.71031787788, 447845.667500242)], [99, 2, (84512.49811524196, 446822.22776476404)]]]
[3.2, 33.62698769569397, 0.12829315553606319, 0.1287188522947139, 0.12549407148710007, 0, [[103, 2, (84671.53492633377, 447444.8050783249)], [114, 2, (84321.7806164654, 448354.19495508034)], [147, 2, (84669.68286794862, 447600.31404232804)], [161, 2, (85014.62799713778, 447197.8441528263)], [163, 2, (85103.85770371312, 447346.7084731901)], [206, 2, (84273.25358559746, 447078.5908565712)], [207, 2, (84230.3564312548, 447162.8424262521)], [226, 2, (84560.50398411034, 446806.73360668455)], [26, 2, (84057.45199692005, 447189.4312589713)], [262, 2, (83752.93210630848, 448501.4754733475)], [270, 2, (84376.6436397008, 448183.32462977996)], [61, 2, (84701.79549288675, 446442.3202262279)], [62, 2, (84734.4069749831, 446364.3296949315)], [70, 2, (84511.71855341281, 448279.6820707427)], [92, 2, (84329.71031787788, 447845.667500242)], [99, 2, (84512.49811524196, 446822.22776476404)]]]
[3.4000000000000004, 54.426841020584106, 0.13270718117235725, 0.13315262091635136, 0.13032879299285027, 0, [[103, 2, (84671.53492633377, 447444.8050783249)], [114, 2, (84321.7806164654, 448354.19495508034)], [147, 2, (84669.68286794862, 447600.31404232804)], [161, 2, (85014.62799713778, 447197.8441528263)], [163, 2, (85103.85770371312, 447346.7084731901)], [206, 2, (84273.25358559746, 447078.5908565712)], [207, 2, (84230.3564312548, 447162.8424262521)], [226, 2, (84560.50398411034, 446806.73360668455)], [26, 2, (84057.45199692005, 447189.4312589713)], [262, 2, (83752.93210630848, 448501.4754733475)], [270, 2, (84376.6436397008, 448183.32462977996)], [51, 2, (84229.92821995473, 447316.6735784422)], [61, 2, (84701.79549288675, 446442.3202262279)], [62, 2, (84734.4069749831, 446364.3296949315)], [70, 2, (84511.71855341281, 448279.6820707427)], [92, 2, (84329.71031787788, 447845.667500242)], [99, 2, (84512.49811524196, 446822.22776476404)]]]
[3.6000000000000005, 44.3138701915741, 0.1370663793420412, 0.13753141409491812, 0.13472765744449378, 0, [[103, 2, (84671.53492633377, 447444.8050783249)], [112, 2, (83980.35094895505, 448017.53443806164)], [114, 2, (84321.7806164654, 448354.19495508034)], [147, 2, (84669.68286794862, 447600.31404232804)], [161, 2, (85014.62799713778, 447197.8441528263)], [163, 2, (85103.85770371312, 447346.7084731901)], [206, 2, (84273.25358559746, 447078.5908565712)], [207, 2, (84230.3564312548, 447162.8424262521)], [226, 2, (84560.50398411034, 446806.73360668455)], [26, 2, (84057.45199692005, 447189.4312589713)], [262, 2, (83752.93210630848, 448501.4754733475)], [270, 2, (84376.6436397008, 448183.32462977996)], [51, 2, (84229.92821995473, 447316.6735784422)], [61, 2, (84701.79549288675, 446442.3202262279)], [62, 2, (84734.4069749831, 446364.3296949315)], [70, 2, (84511.71855341281, 448279.6820707427)], [92, 2, (84329.71031787788, 447845.667500242)], [99, 2, (84512.49811524196, 446822.22776476404)]]]
[3.8000000000000003, 74.25478219985962, 0.1413726460616653, 0.14185737633470166, 0.13910663978445303, 0, [[103, 2, (84671.53492633377, 447444.8050783249)], [112, 2, (83980.35094895505, 448017.53443806164)], [114, 2, (84321.7806164654, 448354.19495508034)], [147, 2, (84669.68286794862, 447600.31404232804)], [161, 2, (85014.62799713778, 447197.8441528263)], [163, 2, (85103.85770371312, 447346.7084731901)], [206, 2, (84273.25358559746, 447078.5908565712)], [207, 2, (84230.3564312548, 447162.8424262521)], [226, 2, (84560.50398411034, 446806.73360668455)], [26, 2, (84057.45199692005, 447189.4312589713)], [262, 2, (83752.93210630848, 448501.4754733475)], [270, 2, (84376.6436397008, 448183.32462977996)], [32, 2, (84361.72131375656, 446911.44890357344)], [51, 2, (84229.92821995473, 447316.6735784422)], [61, 2, (84701.79549288675, 446442.3202262279)], [62, 2, (84734.4069749831, 446364.3296949315)], [70, 2, (84511.71855341281, 448279.6820707427)], [92, 2, (84329.71031787788, 447845.667500242)], [99, 2, (84512.49811524196, 446822.22776476404)]]]
[4.0, 363.6009318828583, 0.14565676960677762, 0.14616122377630414, 0.14385520033396718, 0, [[103, 2, (84671.53492633377, 447444.8050783249)], [112, 2, (83980.35094895505, 448017.53443806164)], [114, 2, (84321.7806164654, 448354.19495508034)], [144, 2, (84880.85876114457, 447505.5634201066)], [147, 2, (84669.68286794862, 447600.31404232804)], [161, 2, (85014.62799713778, 447197.8441528263)], [163, 2, (85103.85770371312, 447346.7084731901)], [206, 2, (84273.25358559746, 447078.5908565712)], [207, 2, (84230.3564312548, 447162.8424262521)], [226, 2, (84560.50398411034, 446806.73360668455)], [26, 2, (84057.45199692005, 447189.4312589713)], [262, 2, (83752.93210630848, 448501.4754733475)], [270, 2, (84376.6436397008, 448183.32462977996)], [32, 2, (84361.72131375656, 446911.44890357344)], [51, 2, (84229.92821995473, 447316.6735784422)], [61, 2, (84701.79549288675, 446442.3202262279)], [62, 2, (84734.4069749831, 446364.3296949315)], [70, 2, (84511.71855341281, 448279.6820707427)], [92, 2, (84329.71031787788, 447845.667500242)], [99, 2, (84512.49811524196, 446822.22776476404)]]]
