['budget', 'runtime', 'objective_value', 'flow_caught_optimal', 'flow_caught_fixed_solution', 'flow_impact_area', ['solution']]
[0.2, 7.039984226226807, 0.01757272469818926, 0.017726868761512554, 0.017726868761512558, 0, [[70, 2, (84511.71855341281, 448279.6820707427)]]]
[0.4, 6.31398344039917, 0.03411411348652578, 0.03428249661693271, 0.03428249732689088, 0, [[226, 2, (84560.50398411034, 446806.73360668455)], [70, 2, (84511.71855341281, 448279.6820707427)]]]
[0.6000000000000001, 6.542983293533325, 0.04497689826407015, 0.045164309206044334, 0.044976845877644694, 0, [[163, 2, (85103.85770371312, 447346.7084731901)], [226, 2, (84560.50398411034, 446806.73360668455)], [70, 2, (84511.71855341281, 448279.6820707427)]]]
[0.8, 6.609060525894165, 0.055659683968109115, 0.055858657207599915, 0.05585865720759992, 0, [[114, 2, (84321.7806164654, 448354.19495508034)], [163, 2, (85103.85770371312, 447346.7084731901)], [226, 2, (84560.50398411034, 446806.73360668455)], [70, 2, (84511.71855341281, 448279.6820707427)]]]
[1.0, 7.580981492996216, 0.06516374118556043, 0.06538115272710117, 0.06538115272710118, 0, [[114, 2, (84321.7806164654, 448354.19495508034)], [163, 2, (85103.85770371312, 447346.7084731901)], [226, 2, (84560.50398411034, 446806.73360668455)], [26, 2, (84057.45199692005, 447189.4312589713)], [70, 2, (84511.71855341281, 448279.6820707427)]]]
[1.2, 6.9689836502075195, 0.07327933528407382, 0.07351465098057525, 0.0735146509805753, 0, [[114, 2, (84321.7806164654, 448354.19495508034)], [163, 2, (85103.85770371312, 447346.7084731901)], [226, 2, (84560.50398411034, 446806.73360668455)], [26, 2, (84057.45199692005, 447189.4312589713)], [62, 2, (84734.4069749831, 446364.3296949315)], [70, 2, (84511.71855341281, 448279.6820707427)]]]
[1.4000000000000001, 7.028981924057007, 0.08083119991667824, 0.08108602766600898, 0.08052163980217833, 0, [[114, 2, (84321.7806164654, 448354.19495508034)], [163, 2, (85103.85770371312, 447346.7084731901)], [206, 2, (84273.25358559746, 447078.5908565712)], [226, 2, (84560.50398411034, 446806.73360668455)], [26, 2, (84057.45199692005, 447189.4312589713)], [62, 2, (84734.4069749831, 446364.3296949315)], [70, 2, (84511.71855341281, 448279.6820707427)]]]
[1.6, 7.182981729507446, 0.08661528439593867, 0.08688813543785323, 0.08610588978401473, 0, [[114, 2, (84321.7806164654, 448354.19495508034)], [161, 2, (85014.62799713778, 447197.8441528263)], [163, 2, (85103.85770371312, 447346.7084731901)], [206, 2, (84273.25358559746, 447078.5908565712)], [226, 2, (84560.50398411034, 446806.73360668455)], [26, 2, (84057.45199692005, 447189.4312589713)], [62, 2, (84734.4069749831, 446364.3296949315)], [70, 2, (84511.71855341281, 448279.6820707427)]]]
[1.8, 8.071053266525269, 0.09224066964516728, 0.09253315697223652, 0.09187865924923047, 0, [[114, 2, (84321.7806164654, 448354.19495508034)], [161, 2, (85014.62799713778, 447197.8441528263)], [163, 2, (85103.85770371312, 447346.7084731901)], [206, 2, (84273.25358559746, 447078.5908565712)], [226, 2, (84560.50398411034, 446806.73360668455)], [26, 2, (84057.45199692005, 447189.4312589713)], [30, 2, (84275.92700507122, 447079.9520429351)], [62, 2, (84734.4069749831, 446364.3296949315)], [70, 2, (84511.71855341281, 448279.6820707427)]]]
[2.0, 10.331976175308228, 0.09780526708171829, 0.09811739463503147, 0.09767974014493692, 0, [[114, 2, (84321.7806164654, 448354.19495508034)], [161, 2, (85014.62799713778, 447197.8441528263)], [163, 2, (85103.85770371312, 447346.7084731901)], [206, 2, (84273.25358559746, 447078.5908565712)], [226, 2, (84560.50398411034, 446806.73360668455)], [26, 2, (84057.45199692005, 447189.4312589713)], [270, 2, (84376.6436397008, 448183.32462977996)], [30, 2, (84275.92700507122, 447079.9520429351)], [62, 2, (84734.4069749831, 446364.3296949315)], [70, 2, (84511.71855341281, 448279.6820707427)]]]
[2.2, 11.94297170639038, 0.10301562316235896, 0.10334509387574026, 0.10290743938517931, 0, [[114, 2, (84321.7806164654, 448354.19495508034)], [161, 2, (85014.62799713778, 447197.8441528263)], [163, 2, (85103.85770371312, 447346.7084731901)], [206, 2, (84273.25358559746, 447078.5908565712)], [226, 2, (84560.50398411034, 446806.73360668455)], [26, 2, (84057.45199692005, 447189.4312589713)], [262, 2, (83752.93210630848, 448501.4754733475)], [270, 2, (84376.6436397008, 448183.32462977996)], [30, 2, (84275.92700507122, 447079.9520429351)], [62, 2, (84734.4069749831, 446364.3296949315)], [70, 2, (84511.71855341281, 448279.6820707427)]]]
[2.4000000000000004, 11.62297248840332, 0.10822150733195253, 0.10857060354412602, 0.10850780048159414, 0, [[114, 2, (84321.7806164654, 448354.19495508034)], [161, 2, (85014.62799713778, 447197.8441528263)], [163, 2, (85103.85770371312, 447346.7084731901)], [206, 2, (84273.25358559746, 447078.5908565712)], [226, 2, (84560.50398411034, 446806.73360668455)], [239, 2, (85032.16813787172, 447385.608266497)], [26, 2, (84057.45199692005, 447189.4312589713)], [262, 2, (83752.93210630848, 448501.4754733475)], [270, 2, (84376.6436397008, 448183.32462977996)], [30, 2, (84275.92700507122, 447079.9520429351)], [62, 2, (84734.4069749831, 446364.3296949315)], [70, 2, (84511.71855341281, 448279.6820707427)]]]
[2.6000000000000005, 29.200998544692993, 0.11339947189387822, 0.11376822196735353, 0.11346158803345603, 0, [[114, 2, (84321.7806164654, 448354.19495508034)], [161, 2, (85014.62799713778, 447197.8441528263)], [163, 2, (85103.85770371312, 447346.7084731901)], [205, 2, (84316.15073994012, 446994.3392868904)], [206, 2, (84273.25358559746, 447078.5908565712)], [226, 2, (84560.50398411034, 446806.73360668455)], [239, 2, (85032.16813787172, 447385.608266497)], [26, 2, (84057.45199692005, 447189.4312589713)], [262, 2, (83752.93210630848, 448501.4754733475)], [270, 2, (84376.6436397008, 448183.32462977996)], [30, 2, (84275.92700507122, 447079.9520429351)], [62, 2, (84734.4069749831, 446364.3296949315)], [70, 2, (84511.71855341281, 448279.6820707427)]]]
[2.8000000000000003, 36.3249089717865, 0.11855586104320057, 0.11894428039319607, 0.11817740586844802, 0, [[114, 2, (84321.7806164654, 448354.19495508034)], [161, 2, (85014.62799713778, 447197.8441528263)], [163, 2, (85103.85770371312, 447346.7084731901)], [205, 2, (84316.15073994012, 446994.3392868904)], [206, 2, (84273.25358559746, 447078.5908565712)], [226, 2, (84560.50398411034, 446806.73360668455)], [239, 2, (85032.16813787172, 447385.608266497)], [242, 2, (84327.3224162179, 447843.85148106195)], [26, 2, (84057.45199692005, 447189.4312589713)], [262, 2, (83752.93210630848, 448501.4754733475)], [270, 2, (84376.6436397008, 448183.32462977996)], [30, 2, (84275.92700507122, 447079.9520429351)], [62, 2, (84734.4069749831, 446364.3296949315)], [70, 2, (84511.71855341281, 448279.6820707427)]]]
[3.0000000000000004, 13.588967084884644, 0.12347690935112647, 0.1238850142925035, 0.12335410620237566, 0, [[114, 2, (84321.7806164654, 448354.19495508034)], [147, 2, (84669.68286794862, 447600.31404232804)], [161, 2, (85014.62799713778, 447197.8441528263)], [163, 2, (85103.85770371312, 447346.7084731901)], [205, 2, (84316.15073994012, 446994.3392868904)], [206, 2, (84273.25358559746, 447078.5908565712)], [226, 2, (84560.50398411034, 446806.73360668455)], [239, 2, (85032.16813787172, 447385.608266497)], [242, 2, (84327.3224162179, 447843.85148106195)], [26, 2, (84057.45199692005, 447189.4312589713)], [262, 2, (83752.93210630848, 448501.4754733475)], [270, 2, (84376.6436397008, 448183.32462977996)], [30, 2, (84275.92700507122, 447079.9520429351)], [62, 2, (84734.4069749831, 446364.3296949315)], [70, 2, (84511.71855341281, 448279.6820707427)]]]
[3.2, 34.26791286468506, 0.12829468498137975, 0.1287224796979679, 0.1281442698814259, 0, [[114, 2, (84321.7806164654, 448354.19495508034)], [144, 2, (84880.85876114457, 447505.5634201066)], [147, 2, (84669.68286794862, 447600.31404232804)], [161, 2, (85014.62799713778, 447197.8441528263)], [163, 2, (85103.85770371312, 447346.7084731901)], [205, 2, (84316.15073994012, 446994.3392868904)], [206, 2, (84273.25358559746, 447078.5908565712)], [226, 2, (84560.50398411034, 446806.73360668455)], [239, 2, (85032.16813787172, 447385.608266497)], [242, 2, (84327.3224162179, 447843.85148106195)], [26, 2, (84057.45199692005, 447189.4312589713)], [262, 2, (83752.93210630848, 448501.4754733475)], [270, 2, (84376.6436397008, 448183.32462977996)], [30, 2, (84275.92700507122, 447079.9520429351)], [62, 2, (84734.4069749831, 446364.3296949315)], [70, 2, (84511.71855341281, 448279.6820707427)]]]
[3.4000000000000004, 48.63087725639343, 0.13306660357036462, 0.1335132408077633, 0.13283882548988654, 0, [[114, 2, (84321.7806164654, 448354.19495508034)], [144, 2, (84880.85876114457, 447505.5634201066)], [147, 2, (84669.68286794862, 447600.31404232804)], [161, 2, (85014.62799713778, 447197.8441528263)], [163, 2, (85103.85770371312, 447346.7084731901)], [205, 2, (84316.15073994012, 446994.3392868904)], [206, 2, (84273.25358559746, 447078.5908565712)], [226, 2, (84560.50398411034, 446806.73360668455)], [239, 2, (85032.16813787172, 447385.608266497)], [242, 2, (84327.3224162179, 447843.85148106195)], [26, 2, (84057.45199692005, 447189.4312589713)], [262, 2, (83752.93210630848, 448501.4754733475)], [270, 2, (84376.6436397008, 448183.32462977996)], [30, 2, (84275.92700507122, 447079.9520429351)], [62, 2, (84734.4069749831, 446364.3296949315)], [65, 2, (84935.46094662073, 446105.53507511714)], [70, 2, (84511.71855341281, 448279.6820707427)]]]
[3.6000000000000005, 61.12884521484375, 0.1377458817687153, 0.13821225112147584, 0.1377181373391427, 0, [[114, 2, (84321.7806164654, 448354.19495508034)], [144, 2, (84880.85876114457, 447505.5634201066)], [147, 2, (84669.68286794862, 447600.31404232804)], [161, 2, (85014.62799713778, 447197.8441528263)], [163, 2, (85103.85770371312, 447346.7084731901)], [205, 2, (84316.15073994012, 446994.3392868904)], [206, 2, (84273.25358559746, 447078.5908565712)], [226, 2, (84560.50398411034, 446806.73360668455)], [239, 2, (85032.16813787172, 447385.608266497)], [242, 2, (84327.3224162179, 447843.85148106195)], [26, 2, (84057.45199692005, 447189.4312589713)], [262, 2, (83752.93210630848, 448501.4754733475)], [270, 2, (84376.6436397008, 448183.32462977996)], [30, 2, (84275.92700507122, 447079.9520429351)], [49, 2, (84272.60498463939, 447595.0860036524)], [62, 2, (84734.4069749831, 446364.3296949315)], [65, 2, (84935.46094662073, 446105.53507511714)], [70, 2, (84511.71855341281, 448279.6820707427)]]]
[3.8000000000000003, 235.77639436721802, 0.1422719462205217, 0.14275626610859146, 0.14208803565130357, 0, [[114, 2, (84321.7806164654, 448354.19495508034)], [144, 2, (84880.85876114457, 447505.5634201066)], [147, 2, (84669.68286794862, 447600.31404232804)], [161, 2, (85014.62799713778, 447197.8441528263)], [163, 2, (85103.85770371312, 447346.7084731901)], [205, 2, (84316.15073994012, 446994.3392868904)], [206, 2, (84273.25358559746, 447078.5908565712)], [226, 2, (84560.50398411034, 446806.73360668455)], [239, 2, (85032.16813787172, 447385.608266497)], [242, 2, (84327.3224162179, 447843.85148106195)], [26, 2, (84057.45199692005, 447189.4312589713)], [262, 2, (83752.93210630848, 448501.4754733475)], [270, 2, (84376.6436397008, 448183.32462977996)], [30, 2, (84275.92700507122, 447079.9520429351)], [49, 2, (84272.60498463939, 447595.0860036524)], [61, 2, (84701.79549288675, 446442.3202262279)], [62, 2, (84734.4069749831, 446364.3296949315)], [65, 2, (84935.46094662073, 446105.53507511714)], [70, 2, (84511.71855341281, 448279.6820707427)]]]
[4.0, 75.31081128120422, 0.1466977981225635, 0.14720183731320752, 0.1464953922277486, 0, [[104, 2, (84740.8489725257, 447494.64730339433)], [114, 2, (84321.7806164654, 448354.19495508034)], [144, 2, (84880.85876114457, 447505.5634201066)], [147, 2, (84669.68286794862, 447600.31404232804)], [161, 2, (85014.62799713778, 447197.8441528263)], [163, 2, (85103.85770371312, 447346.7084731901)], [205, 2, (84316.15073994012, 446994.3392868904)], [206, 2, (84273.25358559746, 447078.5908565712)], [226, 2, (84560.50398411034, 446806.73360668455)], [239, 2, (85032.16813787172, 447385.608266497)], [242, 2, (84327.3224162179, 447843.85148106195)], [26, 2, (84057.45199692005, 447189.4312589713)], [262, 2, (83752.93210630848, 448501.4754733475)], [270, 2, (84376.6436397008, 448183.32462977996)], [30, 2, (84275.92700507122, 447079.9520429351)], [49, 2, (84272.60498463939, 447595.0860036524)], [61, 2, (84701.79549288675, 446442.3202262279)], [62, 2, (84734.4069749831, 446364.3296949315)], [65, 2, (84935.46094662073, 446105.53507511714)], [70, 2, (84511.71855341281, 448279.6820707427)]]]
