['budget', 'runtime', 'objective_value', 'flow_caught_optimal', 'flow_caught_fixed_solution', 'flow_impact_area', ['solution']]
[0.2, 6.282732248306274, 0.016477551953146895, 0.01660213800970048, 0.015487371612780573, 0, [[226, 2, (84560.50398411034, 446806.73360668455)]]]
[0.4, 6.487096548080444, 0.031945480460838616, 0.03208950954431886, 0.032089509622518025, 0, [[226, 2, (84560.50398411034, 446806.73360668455)], [70, 2, (84511.71855341281, 448279.6820707427)]]]
[0.6000000000000001, 6.496833324432373, 0.04315504052996721, 0.043310713051108174, 0.04331071305191028, 0, [[114, 2, (84321.7806164654, 448354.19495508034)], [226, 2, (84560.50398411034, 446806.73360668455)], [70, 2, (84511.71855341281, 448279.6820707427)]]]
[0.8, 6.63419771194458, 0.053515701016780444, 0.053690553976555186, 0.05369053550832813, 0, [[114, 2, (84321.7806164654, 448354.19495508034)], [163, 2, (85103.85770371312, 447346.7084731901)], [226, 2, (84560.50398411034, 446806.73360668455)], [70, 2, (84511.71855341281, 448279.6820707427)]]]
[1.0, 6.795214891433716, 0.06330742965457792, 0.06350104897238866, 0.06350104897245067, 0, [[114, 2, (84321.7806164654, 448354.19495508034)], [163, 2, (85103.85770371312, 447346.7084731901)], [226, 2, (84560.50398411034, 446806.73360668455)], [26, 2, (84057.45199692005, 447189.4312589713)], [70, 2, (84511.71855341281, 448279.6820707427)]]]
[1.2, 6.725236415863037, 0.07172107703564803, 0.07193253700709147, 0.07193253588878569, 0, [[114, 2, (84321.7806164654, 448354.19495508034)], [163, 2, (85103.85770371312, 447346.7084731901)], [226, 2, (84560.50398411034, 446806.73360668455)], [62, 2, (84734.4069749831, 446364.3296949315)], [70, 2, (84511.71855341281, 448279.6820707427)]]]
[1.4000000000000001, 6.781811237335205, 0.0772662196190981, 0.07749583485351774, 0.07615740195980233, 0, [[114, 2, (84321.7806164654, 448354.19495508034)], [161, 2, (85014.62799713778, 447197.8441528263)], [163, 2, (85103.85770371312, 447346.7084731901)], [226, 2, (84560.50398411034, 446806.73360668455)], [62, 2, (84734.4069749831, 446364.3296949315)], [70, 2, (84511.71855341281, 448279.6820707427)]]]
[1.6, 7.379159450531006, 0.08268043938510294, 0.08292987212704918, 0.08159144218547107, 0, [[114, 2, (84321.7806164654, 448354.19495508034)], [161, 2, (85014.62799713778, 447197.8441528263)], [163, 2, (85103.85770371312, 447346.7084731901)], [226, 2, (84560.50398411034, 446806.73360668455)], [26, 2, (84057.45199692005, 447189.4312589713)], [270, 2, (84376.6436397008, 448183.32462977996)], [62, 2, (84734.4069749831, 446364.3296949315)], [70, 2, (84511.71855341281, 448279.6820707427)]]]
[1.8, 8.706353187561035, 0.08795928976485437, 0.08822604397078347, 0.08471646510540438, 0, [[114, 2, (84321.7806164654, 448354.19495508034)], [161, 2, (85014.62799713778, 447197.8441528263)], [163, 2, (85103.85770371312, 447346.7084731901)], [226, 2, (84560.50398411034, 446806.73360668455)], [26, 2, (84057.45199692005, 447189.4312589713)], [262, 2, (83752.93210630848, 448501.4754733475)], [270, 2, (84376.6436397008, 448183.32462977996)], [62, 2, (84734.4069749831, 446364.3296949315)], [70, 2, (84511.71855341281, 448279.6820707427)]]]
[2.0, 13.58228850364685, 0.09272221608220538, 0.09300781549230908, 0.09027975733575232, 0, [[114, 2, (84321.7806164654, 448354.19495508034)], [161, 2, (85014.62799713778, 447197.8441528263)], [163, 2, (85103.85770371312, 447346.7084731901)], [226, 2, (84560.50398411034, 446806.73360668455)], [26, 2, (84057.45199692005, 447189.4312589713)], [262, 2, (83752.93210630848, 448501.4754733475)], [270, 2, (84376.6436397008, 448183.32462977996)], [62, 2, (84734.4069749831, 446364.3296949315)], [65, 2, (84935.46094662073, 446105.53507511714)], [70, 2, (84511.71855341281, 448279.6820707427)]]]
[2.2, 17.755894422531128, 0.09736564634921771, 0.09766917055760647, 0.09557592769067685, 0, [[114, 2, (84321.7806164654, 448354.19495508034)], [161, 2, (85014.62799713778, 447197.8441528263)], [163, 2, (85103.85770371312, 447346.7084731901)], [226, 2, (84560.50398411034, 446806.73360668455)], [26, 2, (84057.45199692005, 447189.4312589713)], [262, 2, (83752.93210630848, 448501.4754733475)], [270, 2, (84376.6436397008, 448183.32462977996)], [61, 2, (84701.79549288675, 446442.3202262279)], [62, 2, (84734.4069749831, 446364.3296949315)], [65, 2, (84935.46094662073, 446105.53507511714)], [70, 2, (84511.71855341281, 448279.6820707427)]]]
[2.4000000000000004, 20.950443506240845, 0.10169499038838963, 0.10201657084566779, 0.09963816393152602, 0, [[114, 2, (84321.7806164654, 448354.19495508034)], [158, 2, (84785.11046605089, 447028.95647427486)], [161, 2, (85014.62799713778, 447197.8441528263)], [163, 2, (85103.85770371312, 447346.7084731901)], [226, 2, (84560.50398411034, 446806.73360668455)], [26, 2, (84057.45199692005, 447189.4312589713)], [262, 2, (83752.93210630848, 448501.4754733475)], [270, 2, (84376.6436397008, 448183.32462977996)], [61, 2, (84701.79549288675, 446442.3202262279)], [62, 2, (84734.4069749831, 446364.3296949315)], [65, 2, (84935.46094662073, 446105.53507511714)], [70, 2, (84511.71855341281, 448279.6820707427)]]]
[2.6000000000000005, 25.110291004180908, 0.10600530819413359, 0.10634251994755504, 0.10345717191006541, 0, [[114, 2, (84321.7806164654, 448354.19495508034)], [158, 2, (84785.11046605089, 447028.95647427486)], [161, 2, (85014.62799713778, 447197.8441528263)], [163, 2, (85103.85770371312, 447346.7084731901)], [226, 2, (84560.50398411034, 446806.73360668455)], [261, 2, (83884.42612877121, 448433.36499306577)], [26, 2, (84057.45199692005, 447189.4312589713)], [265, 2, (83650.41718289697, 448834.68904687284)], [270, 2, (84376.6436397008, 448183.32462977996)], [61, 2, (84701.79549288675, 446442.3202262279)], [62, 2, (84734.4069749831, 446364.3296949315)], [65, 2, (84935.46094662073, 446105.53507511714)], [70, 2, (84511.71855341281, 448279.6820707427)]]]
[2.8000000000000003, 20.589893341064453, 0.11020999180781188, 0.1105670687006245, 0.10572585681309847, 0, [[114, 2, (84321.7806164654, 448354.19495508034)], [158, 2, (84785.11046605089, 447028.95647427486)], [161, 2, (85014.62799713778, 447197.8441528263)], [163, 2, (85103.85770371312, 447346.7084731901)], [226, 2, (84560.50398411034, 446806.73360668455)], [261, 2, (83884.42612877121, 448433.36499306577)], [26, 2, (84057.45199692005, 447189.4312589713)], [265, 2, (83650.41718289697, 448834.68904687284)], [270, 2, (84376.6436397008, 448183.32462977996)], [31, 2, (84318.82415941388, 446995.7004732543)], [61, 2, (84701.79549288675, 446442.3202262279)], [62, 2, (84734.4069749831, 446364.3296949315)], [65, 2, (84935.46094662073, 446105.53507511714)], [70, 2, (84511.71855341281, 448279.6820707427)]]]
[3.0000000000000004, 24.461909770965576, 0.1142591680677271, 0.11463611499651682, 0.10854407474349613, 0, [[114, 2, (84321.7806164654, 448354.19495508034)], [158, 2, (84785.11046605089, 447028.95647427486)], [161, 2, (85014.62799713778, 447197.8441528263)], [163, 2, (85103.85770371312, 447346.7084731901)], [205, 2, (84316.15073994012, 446994.3392868904)], [226, 2, (84560.50398411034, 446806.73360668455)], [261, 2, (83884.42612877121, 448433.36499306577)], [26, 2, (84057.45199692005, 447189.4312589713)], [265, 2, (83650.41718289697, 448834.68904687284)], [270, 2, (84376.6436397008, 448183.32462977996)], [31, 2, (84318.82415941388, 446995.7004732543)], [61, 2, (84701.79549288675, 446442.3202262279)], [62, 2, (84734.4069749831, 446364.3296949315)], [65, 2, (84935.46094662073, 446105.53507511714)], [70, 2, (84511.71855341281, 448279.6820707427)]]]
[3.2, 26.474246501922607, 0.11823292598084764, 0.11862916785805508, 0.11332482165478137, 0, [[114, 2, (84321.7806164654, 448354.19495508034)], [158, 2, (84785.11046605089, 447028.95647427486)], [161, 2, (85014.62799713778, 447197.8441528263)], [163, 2, (85103.85770371312, 447346.7084731901)], [205, 2, (84316.15073994012, 446994.3392868904)], [226, 2, (84560.50398411034, 446806.73360668455)], [261, 2, (83884.42612877121, 448433.36499306577)], [26, 2, (84057.45199692005, 447189.4312589713)], [265, 2, (83650.41718289697, 448834.68904687284)], [270, 2, (84376.6436397008, 448183.32462977996)], [31, 2, (84318.82415941388, 446995.7004732543)], [61, 2, (84701.79549288675, 446442.3202262279)], [62, 2, (84734.4069749831, 446364.3296949315)], [65, 2, (84935.46094662073, 446105.53507511714)], [70, 2, (84511.71855341281, 448279.6820707427)], [99, 2, (84512.49811524196, 446822.22776476404)]]]
[3.4000000000000004, 34.155956745147705, 0.12209172090760394, 0.12250782189508877, 0.11763559383199687, 0, [[112, 2, (83980.35094895505, 448017.53443806164)], [114, 2, (84321.7806164654, 448354.19495508034)], [158, 2, (84785.11046605089, 447028.95647427486)], [161, 2, (85014.62799713778, 447197.8441528263)], [163, 2, (85103.85770371312, 447346.7084731901)], [205, 2, (84316.15073994012, 446994.3392868904)], [226, 2, (84560.50398411034, 446806.73360668455)], [261, 2, (83884.42612877121, 448433.36499306577)], [26, 2, (84057.45199692005, 447189.4312589713)], [265, 2, (83650.41718289697, 448834.68904687284)], [270, 2, (84376.6436397008, 448183.32462977996)], [31, 2, (84318.82415941388, 446995.7004732543)], [61, 2, (84701.79549288675, 446442.3202262279)], [62, 2, (84734.4069749831, 446364.3296949315)], [65, 2, (84935.46094662073, 446105.53507511714)], [70, 2, (84511.71855341281, 448279.6820707427)], [99, 2, (84512.49811524196, 446822.22776476404)]]]
[3.6000000000000005, 47.405561685562134, 0.12586861305968558, 0.1263045853766815, 0.12062514602333549, 0, [[112, 2, (83980.35094895505, 448017.53443806164)], [114, 2, (84321.7806164654, 448354.19495508034)], [158, 2, (84785.11046605089, 447028.95647427486)], [161, 2, (85014.62799713778, 447197.8441528263)], [163, 2, (85103.85770371312, 447346.7084731901)], [205, 2, (84316.15073994012, 446994.3392868904)], [226, 2, (84560.50398411034, 446806.73360668455)], [239, 2, (85032.16813787172, 447385.608266497)], [261, 2, (83884.42612877121, 448433.36499306577)], [26, 2, (84057.45199692005, 447189.4312589713)], [265, 2, (83650.41718289697, 448834.68904687284)], [270, 2, (84376.6436397008, 448183.32462977996)], [31, 2, (84318.82415941388, 446995.7004732543)], [61, 2, (84701.79549288675, 446442.3202262279)], [62, 2, (84734.4069749831, 446364.3296949315)], [65, 2, (84935.46094662073, 446105.53507511714)], [70, 2, (84511.71855341281, 448279.6820707427)], [99, 2, (84512.49811524196, 446822.22776476404)]]]
[3.8000000000000003, 24.169820070266724, 0.12957924274051363, 0.1300350961920163, 0.12450724645507628, 0, [[112, 2, (83980.35094895505, 448017.53443806164)], [114, 2, (84321.7806164654, 448354.19495508034)], [158, 2, (84785.11046605089, 447028.95647427486)], [161, 2, (85014.62799713778, 447197.8441528263)], [163, 2, (85103.85770371312, 447346.7084731901)], [205, 2, (84316.15073994012, 446994.3392868904)], [226, 2, (84560.50398411034, 446806.73360668455)], [239, 2, (85032.16813787172, 447385.608266497)], [261, 2, (83884.42612877121, 448433.36499306577)], [26, 2, (84057.45199692005, 447189.4312589713)], [265, 2, (83650.41718289697, 448834.68904687284)], [270, 2, (84376.6436397008, 448183.32462977996)], [30, 2, (84275.92700507122, 447079.9520429351)], [31, 2, (84318.82415941388, 446995.7004732543)], [61, 2, (84701.79549288675, 446442.3202262279)], [62, 2, (84734.4069749831, 446364.3296949315)], [65, 2, (84935.46094662073, 446105.53507511714)], [70, 2, (84511.71855341281, 448279.6820707427)], [99, 2, (84512.49811524196, 446822.22776476404)]]]
[4.0, 83.31621956825256, 0.1331708397304779, 0.13364657787052114, 0.12904010751649478, 0, [[112, 2, (83980.35094895505, 448017.53443806164)], [114, 2, (84321.7806164654, 448354.19495508034)], [158, 2, (84785.11046605089, 447028.95647427486)], [161, 2, (85014.62799713778, 447197.8441528263)], [163, 2, (85103.85770371312, 447346.7084731901)], [205, 2, (84316.15073994012, 446994.3392868904)], [206, 2, (84273.25358559746, 447078.5908565712)], [226, 2, (84560.50398411034, 446806.73360668455)], [239, 2, (85032.16813787172, 447385.608266497)], [261, 2, (83884.42612877121, 448433.36499306577)], [26, 2, (84057.45199692005, 447189.4312589713)], [265, 2, (83650.41718289697, 448834.68904687284)], [270, 2, (84376.6436397008, 448183.32462977996)], [30, 2, (84275.92700507122, 447079.9520429351)], [31, 2, (84318.82415941388, 446995.7004732543)], [61, 2, (84701.79549288675, 446442.3202262279)], [62, 2, (84734.4069749831, 446364.3296949315)], [65, 2, (84935.46094662073, 446105.53507511714)], [70, 2, (84511.71855341281, 448279.6820707427)], [99, 2, (84512.49811524196, 446822.22776476404)]]]
