['budget', 'runtime', 'objective_value', 'flow_caught_optimal', 'flow_caught_fixed_solution', 'flow_impact_area', ['solution']]
[0.2, 4.338398456573486, 0.028357934023895234, 0.028724943737498863, 0.028070787567454982, 0, [[144, 2, (84880.85876114457, 447505.5634201066)]]]
[0.4, 4.2516467571258545, 0.056381950756349414, 0.05675971780656976, 0.04736371975505678, 0, [[144, 2, (84880.85876114457, 447505.5634201066)], [70, 2, (84511.71855341281, 448279.6820707427)]]]
[0.6000000000000001, 4.546128273010254, 0.07907572113705887, 0.07946484441489414, 0.058678264456138024, 0, [[144, 2, (84880.85876114457, 447505.5634201066)], [207, 2, (84230.3564312548, 447162.8424262521)], [70, 2, (84511.71855341281, 448279.6820707427)]]]
[0.8, 5.061303615570068, 0.09781483139339432, 0.09821601027221383, 0.07097360606528227, 0, [[144, 2, (84880.85876114457, 447505.5634201066)], [207, 2, (84230.3564312548, 447162.8424262521)], [226, 2, (84560.50398411034, 446806.73360668455)], [70, 2, (84511.71855341281, 448279.6820707427)]]]
[1.0, 5.153487920761108, 0.11393730310753898, 0.11435431903811924, 0.08338029808776828, 0, [[142, 2, (85273.88042519178, 447453.43639733037)], [144, 2, (84880.85876114457, 447505.5634201066)], [207, 2, (84230.3564312548, 447162.8424262521)], [226, 2, (84560.50398411034, 446806.73360668455)], [70, 2, (84511.71855341281, 448279.6820707427)]]]
[1.2, 5.006808519363403, 0.12957211032400903, 0.1300013630335261, 0.0919848852345286, 0, [[142, 2, (85273.88042519178, 447453.43639733037)], [144, 2, (84880.85876114457, 447505.5634201066)], [154, 2, (84688.10122435533, 447777.1268159442)], [207, 2, (84230.3564312548, 447162.8424262521)], [226, 2, (84560.50398411034, 446806.73360668455)], [70, 2, (84511.71855341281, 448279.6820707427)]]]
[1.4000000000000001, 5.82116436958313, 0.14479771715082607, 0.14524292604194675, 0.11029957270153219, 0, [[132, 2, (84242.91139009832, 448092.9856048382)], [142, 2, (85273.88042519178, 447453.43639733037)], [144, 2, (84880.85876114457, 447505.5634201066)], [154, 2, (84688.10122435533, 447777.1268159442)], [207, 2, (84230.3564312548, 447162.8424262521)], [226, 2, (84560.50398411034, 446806.73360668455)], [70, 2, (84511.71855341281, 448279.6820707427)]]]
[1.6, 6.2271764278411865, 0.1595583326445636, 0.16002084095258542, 0.11873386949032072, 0, [[132, 2, (84242.91139009832, 448092.9856048382)], [142, 2, (85273.88042519178, 447453.43639733037)], [144, 2, (84880.85876114457, 447505.5634201066)], [154, 2, (84688.10122435533, 447777.1268159442)], [207, 2, (84230.3564312548, 447162.8424262521)], [226, 2, (84560.50398411034, 446806.73360668455)], [70, 2, (84511.71855341281, 448279.6820707427)], [74, 2, (84794.90509058649, 448469.7079943947)]]]
[1.8, 10.872307062149048, 0.17262795709220272, 0.17310588103588584, 0.1296979223067462, 0, [[132, 2, (84242.91139009832, 448092.9856048382)], [142, 2, (85273.88042519178, 447453.43639733037)], [144, 2, (84880.85876114457, 447505.5634201066)], [154, 2, (84688.10122435533, 447777.1268159442)], [193, 2, (84314.29577371474, 447285.6396724997)], [207, 2, (84230.3564312548, 447162.8424262521)], [226, 2, (84560.50398411034, 446806.73360668455)], [70, 2, (84511.71855341281, 448279.6820707427)], [74, 2, (84794.90509058649, 448469.7079943947)]]]
[2.0, 29.27191734313965, 0.18520739610771453, 0.18569751315764332, 0.13594463760154185, 0, [[132, 2, (84242.91139009832, 448092.9856048382)], [142, 2, (85273.88042519178, 447453.43639733037)], [144, 2, (84880.85876114457, 447505.5634201066)], [151, 2, (84635.68524302474, 447863.97810235963)], [154, 2, (84688.10122435533, 447777.1268159442)], [193, 2, (84314.29577371474, 447285.6396724997)], [207, 2, (84230.3564312548, 447162.8424262521)], [226, 2, (84560.50398411034, 446806.73360668455)], [70, 2, (84511.71855341281, 448279.6820707427)], [74, 2, (84794.90509058649, 448469.7079943947)]]]
