[[84306.88795363365, 448369.44737573666]]
[[84306.88795363365, 448369.44737573666], [85099.61641608654, 447315.85233068565]]
[[84501.60474851374, 448272.89543061226], [84306.88795363365, 448369.44737573666], [85099.61641608654, 447315.85233068565]]
[[84501.60474851374, 448272.89543061226], [84306.88795363365, 448369.44737573666], [85099.61641608654, 447315.85233068565], [84560.50398411034, 446806.73360668455]]
[[84501.60474851374, 448272.89543061226], [84306.88795363365, 448369.44737573666], [85099.61641608654, 447315.85233068565], [84560.50398411034, 446806.73360668455], [84071.99017536262, 447199.59242606367]]
[[84501.60474851374, 448272.89543061226], [84306.88795363365, 448369.44737573666], [85099.61641608654, 447315.85233068565], [84560.50398411034, 446806.73360668455], [84071.99017536262, 447199.59242606367], [84711.1130592, 446420.03721728607]]
[[84501.60474851374, 448272.89543061226], [84306.88795363365, 448369.44737573666], [85099.61641608654, 447315.85233068565], [84560.50398411034, 446806.73360668455], [84071.99017536262, 447199.59242606367], [83645.7487212538, 448853.1153089424], [84711.1130592, 446420.03721728607]]
[[84501.60474851374, 448272.89543061226], [84306.88795363365, 448369.44737573666], [84853.11566044703, 447078.99726791965], [85099.61641608654, 447315.85233068565], [84560.50398411034, 446806.73360668455], [84071.99017536262, 447199.59242606367], [83645.7487212538, 448853.1153089424], [84711.1130592, 446420.03721728607]]
[[84501.60474851374, 448272.89543061226], [84306.88795363365, 448369.44737573666], [84853.11566044703, 447078.99726791965], [85099.61641608654, 447315.85233068565], [84560.50398411034, 446806.73360668455], [84071.99017536262, 447199.59242606367], [83645.7487212538, 448853.1153089424], [84389.84434163553, 448192.60396211274], [84711.1130592, 446420.03721728607]]
[[84501.60474851374, 448272.89543061226], [84306.88795363365, 448369.44737573666], [84853.11566044703, 447078.99726791965], [85099.61641608654, 447315.85233068565], [84560.50398411034, 446806.73360668455], [84071.99017536262, 447199.59242606367], [83645.7487212538, 448853.1153089424], [84389.84434163553, 448192.60396211274], [84711.1130592, 446420.03721728607], [84935.46094662073, 446105.53507511714]]
