[[238153.94134656095, 583509.7395630613]]
[[233401.18010818833, 582181.925058781], [238153.94134656095, 583509.7395630613]]
[[236806.9692919343, 582867.7777410428], [233401.18010818833, 582181.925058781], [238153.94134656095, 583509.7395630613]]
[[236806.9692919343, 582867.7777410428], [233401.18010818833, 582181.925058781], [235080.25205405895, 582006.7023897036], [238153.94134656095, 583509.7395630613]]
[[236806.9692919343, 582867.7777410428], [233401.18010818833, 582181.925058781], [235080.25205405895, 582006.7023897036], [233734.15812679892, 581241.6720703929], [238153.94134656095, 583509.7395630613]]
[[236806.9692919343, 582867.7777410428], [233401.18010818833, 582181.925058781], [235080.25205405895, 582006.7023897036], [233734.15812679892, 581241.6720703929], [238153.94134656095, 583509.7395630613], [235364.84353270615, 583090.9732960562]]
[[233299.29474781954, 581641.239661345], [236806.9692919343, 582867.7777410428], [233401.18010818833, 582181.925058781], [235080.25205405895, 582006.7023897036], [233734.15812679892, 581241.6720703929], [238153.94134656095, 583509.7395630613], [235364.84353270615, 583090.9732960562]]
[[233299.29474781954, 581641.239661345], [236806.9692919343, 582867.7777410428], [233401.18010818833, 582181.925058781], [235080.25205405895, 582006.7023897036], [233734.15812679892, 581241.6720703929], [238153.94134656095, 583509.7395630613], [235364.84353270615, 583090.9732960562], [238288.6385520236, 583573.9357452631]]
[[233299.29474781954, 581641.239661345], [236806.9692919343, 582867.7777410428], [233401.18010818833, 582181.925058781], [235080.25205405895, 582006.7023897036], [233734.15812679892, 581241.6720703929], [234557.8505954967, 581585.1904894632], [238153.94134656095, 583509.7395630613], [235364.84353270615, 583090.9732960562], [238288.6385520236, 583573.9357452631]]
[[233299.29474781954, 581641.239661345], [236806.9692919343, 582867.7777410428], [233401.18010818833, 582181.925058781], [234078.41491882695, 582169.1581217503], [235080.25205405895, 582006.7023897036], [233734.15812679892, 581241.6720703929], [234557.8505954967, 581585.1904894632], [238153.94134656095, 583509.7395630613], [235364.84353270615, 583090.9732960562], [238288.6385520236, 583573.9357452631]]
