[[238086.59274382962, 583477.6414719603]]
[[233467.21893577688, 582217.3355930749], [238086.59274382962, 583477.6414719603]]
[[236739.62068920297, 582835.6796499419], [233467.21893577688, 582217.3355930749], [238086.59274382962, 583477.6414719603]]
[[236739.62068920297, 582835.6796499419], [233467.21893577688, 582217.3355930749], [235143.44105346093, 582039.9655086068], [238086.59274382962, 583477.6414719603]]
[[236739.62068920297, 582835.6796499419], [233467.21893577688, 582217.3355930749], [235143.44105346093, 582039.9655086068], [233673.79934340192, 581239.5935321033], [238086.59274382962, 583477.6414719603]]
[[236739.62068920297, 582835.6796499419], [233467.21893577688, 582217.3355930749], [235143.44105346093, 582039.9655086068], [233673.79934340192, 581239.5935321033], [238086.59274382962, 583477.6414719603], [235341.06994599235, 583123.0003832193]]
[[233300.14399076242, 581601.1241526869], [236739.62068920297, 582835.6796499419], [233467.21893577688, 582217.3355930749], [235143.44105346093, 582039.9655086068], [233673.79934340192, 581239.5935321033], [238086.59274382962, 583477.6414719603], [235341.06994599235, 583123.0003832193]]
[[233300.14399076242, 581601.1241526869], [236739.62068920297, 582835.6796499419], [233467.21893577688, 582217.3355930749], [235143.44105346093, 582039.9655086068], [233673.79934340192, 581239.5935321033], [238086.59274382962, 583477.6414719603], [235341.06994599235, 583123.0003832193], [238288.63855202362, 583573.9357452631]]
[[233300.14399076242, 581601.1241526869], [236739.62068920297, 582835.6796499419], [233467.21893577688, 582217.3355930749], [235143.44105346093, 582039.9655086068], [233673.79934340192, 581239.5935321033], [234612.59486322556, 581540.7501338586], [238086.59274382962, 583477.6414719603], [235341.06994599235, 583123.0003832193], [238288.63855202362, 583573.9357452631]]
[[233300.14399076242, 581601.1241526869], [236739.62068920297, 582835.6796499419], [233467.21893577688, 582217.3355930749], [234043.34168545148, 582234.8439766492], [235143.44105346093, 582039.9655086068], [233673.79934340192, 581239.5935321033], [234612.59486322556, 581540.7501338586], [238086.59274382962, 583477.6414719603], [235341.06994599235, 583123.0003832193], [238288.63855202362, 583573.9357452631]]
