['budget', 'runtime', 'objective_value', 'flow_caught_optimal', 'flow_caught_fixed_solution', 'flow_impact_area', ['solution']]
[0.2, 67.50397634506226, 0.059142647047974346, 0.06597177555757737, 0.0659717755575774, 0, [[36, 2, (238086.59274382962, 583477.6414719603)]]]
[0.4, 74.19495105743408, 0.09657963342187989, 0.10334771726856723, 0.10334771726856723, 0, [[215, 2, (233467.21893577688, 582217.3355930749)], [36, 2, (238086.59274382962, 583477.6414719603)]]]
[0.6000000000000001, 70.81805515289307, 0.11894210827340623, 0.12557175871839082, 0.1099416294709335, 0, [[215, 2, (233467.21893577688, 582217.3355930749)], [239, 2, (235143.44105346093, 582039.9655086068)], [36, 2, (238086.59274382962, 583477.6414719603)]]]
[0.8, 70.85327744483948, 0.1356181179562713, 0.14213955072606316, 0.13210215162579636, 0, [[215, 2, (233467.21893577688, 582217.3355930749)], [239, 2, (235143.44105346093, 582039.9655086068)], [36, 2, (238086.59274382962, 583477.6414719603)], [389, 2, (235428.23976394287, 583005.5677302878)]]]
[1.0, 91.24648833274841, 0.15089407825890433, 0.1572457726175758, 0.14363847264307786, 0, [[215, 2, (233467.21893577688, 582217.3355930749)], [239, 2, (235143.44105346093, 582039.9655086068)], [35, 2, (238019.2441410983, 583445.5433808594)], [38, 2, (238221.2899492923, 583541.8376541622)], [389, 2, (235428.23976394287, 583005.5677302878)]]]
[1.2, 111.16620874404907, 0.16613121442262804, 0.17247214024955662, 0.15885442876172223, 0, [[215, 2, (233467.21893577688, 582217.3355930749)], [239, 2, (235143.44105346093, 582039.9655086068)], [263, 2, (233734.15812679892, 581241.6720703929)], [35, 2, (238019.2441410983, 583445.5433808594)], [38, 2, (238221.2899492923, 583541.8376541622)], [389, 2, (235428.23976394287, 583005.5677302878)]]]
[1.4000000000000001, 131.94375467300415, 0.17835641112183886, 0.18433996895950727, 0.17032639555153367, 0, [[215, 2, (233467.21893577688, 582217.3355930749)], [239, 2, (235143.44105346093, 582039.9655086068)], [263, 2, (233734.15812679892, 581241.6720703929)], [35, 2, (238019.2441410983, 583445.5433808594)], [38, 2, (238221.2899492923, 583541.8376541622)], [389, 2, (235428.23976394287, 583005.5677302878)], [561, 2, (233213.68974562996, 581939.1813824989)]]]
[1.6, 140.49673175811768, 0.19020422700329725, 0.19600330265237625, 0.18122285246999675, 0, [[215, 2, (233467.21893577688, 582217.3355930749)], [239, 2, (235143.44105346093, 582039.9655086068)], [263, 2, (233734.15812679892, 581241.6720703929)], [35, 2, (238019.2441410983, 583445.5433808594)], [38, 2, (238221.2899492923, 583541.8376541622)], [389, 2, (235428.23976394287, 583005.5677302878)], [561, 2, (233213.68974562996, 581939.1813824989)], [770, 2, (234989.98179602798, 583590.9428937181)]]]
[1.8, 480.5739803314209, 0.2017862439251124, 0.20754214705790264, 0.18882913346154168, 0, [[215, 2, (233467.21893577688, 582217.3355930749)], [239, 2, (235143.44105346093, 582039.9655086068)], [263, 2, (233734.15812679892, 581241.6720703929)], [35, 2, (238019.2441410983, 583445.5433808594)], [38, 2, (238221.2899492923, 583541.8376541622)], [389, 2, (235428.23976394287, 583005.5677302878)], [561, 2, (233213.68974562996, 581939.1813824989)], [757, 2, (235556.58561270655, 582827.6306496629)], [770, 2, (234989.98179602798, 583590.9428937181)]]]
[2.0, 957.2032527923584, 0.21173567911185204, 0.21723870287158178, 0.19447788909855468, 0, [[215, 2, (233467.21893577688, 582217.3355930749)], [239, 2, (235143.44105346093, 582039.9655086068)], [263, 2, (233734.15812679892, 581241.6720703929)], [35, 2, (238019.2441410983, 583445.5433808594)], [38, 2, (238221.2899492923, 583541.8376541622)], [389, 2, (235428.23976394287, 583005.5677302878)], [401, 2, (235813.4399184901, 582392.0475033316)], [561, 2, (233213.68974562996, 581939.1813824989)], [757, 2, (235556.58561270655, 582827.6306496629)], [770, 2, (234989.98179602798, 583590.9428937181)]]]
