['budget', 'runtime', 'objective_value', 'flow_caught_optimal', 'flow_caught_fixed_solution', 'flow_impact_area', ['solution']]
[0.2, 33.90993666648865, 0.039756046691875775, 0.04702275402016715, 0.0470227540201813, 0, [[28, 2, (238109.0422780733, 583488.3408356609)]]]
[0.4, 33.97994065284729, 0.0823514069860482, 0.0895025530827375, 0.08950255413536215, 0, [[164, 2, (233467.21893577688, 582217.3355930748)], [28, 2, (238109.0422780733, 583488.3408356609)]]]
[0.6000000000000001, 34.51693391799927, 0.1012823877603823, 0.10766375476903761, 0.10766374833050832, 0, [[13, 2, (236762.07022344664, 582846.3790136424)], [164, 2, (233467.21893577688, 582217.3355930748)], [28, 2, (238109.0422780733, 583488.3408356609)]]]
[0.8, 37.689932107925415, 0.11634537736681187, 0.122594228928691, 0.12259361137297631, 0, [[13, 2, (236762.07022344664, 582846.3790136424)], [164, 2, (233467.21893577688, 582217.3355930748)], [182, 2, (235122.3780536604, 582028.8778023054)], [28, 2, (238109.0422780733, 583488.3408356609)]]]
[1.0, 38.341007471084595, 0.12964298435007485, 0.13577598868009708, 0.13379815964100805, 0, [[128, 2, (233299.82552465884, 581616.1674684337)], [13, 2, (236762.07022344664, 582846.3790136424)], [164, 2, (233467.21893577688, 582217.3355930748)], [182, 2, (235122.3780536604, 582028.8778023054)], [28, 2, (238109.0422780733, 583488.3408356609)]]]
[1.2, 39.324928283691406, 0.14152406627684588, 0.14761026464611754, 0.1454640196187241, 0, [[128, 2, (233299.82552465884, 581616.1674684337)], [13, 2, (236762.07022344664, 582846.3790136424)], [164, 2, (233467.21893577688, 582217.3355930748)], [182, 2, (235122.3780536604, 582028.8778023054)], [28, 2, (238109.0422780733, 583488.3408356609)], [296, 2, (235406.44730945525, 583034.9258935207)]]]
[1.4000000000000001, 46.6849148273468, 0.15268970061486015, 0.15876799398916444, 0.15859938025897719, 0, [[128, 2, (233299.82552465884, 581616.1674684337)], [13, 2, (236762.07022344664, 582846.3790136424)], [164, 2, (233467.21893577688, 582217.3355930748)], [182, 2, (235122.3780536604, 582028.8778023054)], [200, 2, (233693.9189378676, 581240.2863781998)], [28, 2, (238109.0422780733, 583488.3408356609)], [296, 2, (235406.44730945525, 583034.9258935207)]]]
[1.6, 51.265904903411865, 0.1635060835192484, 0.16955962713296044, 0.16815687959221454, 0, [[128, 2, (233299.82552465884, 581616.1674684337)], [13, 2, (236762.07022344664, 582846.3790136424)], [164, 2, (233467.21893577688, 582217.3355930748)], [182, 2, (235122.3780536604, 582028.8778023054)], [200, 2, (233693.9189378676, 581240.2863781998)], [206, 2, (234594.3467739826, 581555.5635857269)], [28, 2, (238109.0422780733, 583488.3408356609)], [296, 2, (235406.44730945525, 583034.9258935207)]]]
[1.8, 54.15989899635315, 0.17407884271641752, 0.18012280669847427, 0.17894848565204996, 0, [[128, 2, (233299.82552465884, 581616.1674684337)], [13, 2, (236762.07022344664, 582846.3790136424)], [164, 2, (233467.21893577688, 582217.3355930748)], [168, 2, (234055.0327632433, 582212.9486916829)], [182, 2, (235122.3780536604, 582028.8778023054)], [200, 2, (233693.9189378676, 581240.2863781998)], [206, 2, (234594.3467739826, 581555.5635857269)], [28, 2, (238109.0422780733, 583488.3408356609)], [296, 2, (235406.44730945525, 583034.9258935207)]]]
[2.0, 115.13078737258911, 0.18365594063433488, 0.18956138834101732, 0.1895116643216161, 0, [[128, 2, (233299.82552465884, 581616.1674684337)], [13, 2, (236762.07022344664, 582846.3790136424)], [164, 2, (233467.21893577688, 582217.3355930748)], [168, 2, (234055.0327632433, 582212.9486916829)], [182, 2, (235122.3780536604, 582028.8778023054)], [200, 2, (233693.9189378676, 581240.2863781998)], [206, 2, (234594.3467739826, 581555.5635857269)], [28, 2, (238109.0422780733, 583488.3408356609)], [296, 2, (235406.44730945525, 583034.9258935207)], [577, 2, (235003.60208008275, 583572.5940416976)]]]
