['budget', 'runtime', 'objective_value', 'flow_caught_optimal', 'flow_caught_fixed_solution', 'flow_impact_area', ['solution']]
[0.2, 36.160009145736694, 0.042191835750763296, 0.04942354454980237, 0.04942354454980273, 0, [[28, 2, (238109.0422780733, 583488.3408356609)]]]
[0.4, 36.728277921676636, 0.0839444088576372, 0.09106321855689091, 0.09106321880909363, 0, [[164, 2, (233467.21893577688, 582217.3355930748)], [28, 2, (238109.0422780733, 583488.3408356609)]]]
[0.6000000000000001, 41.091177225112915, 0.1017075012327418, 0.1081052035810276, 0.10810518519326895, 0, [[13, 2, (236762.07022344664, 582846.3790136424)], [164, 2, (233467.21893577688, 582217.3355930748)], [28, 2, (238109.0422780733, 583488.3408356609)]]]
[0.8, 41.873926639556885, 0.11702488155376085, 0.12328749768361728, 0.12328734882103048, 0, [[13, 2, (236762.07022344664, 582846.3790136424)], [164, 2, (233467.21893577688, 582217.3355930748)], [182, 2, (235122.3780536604, 582028.8778023054)], [28, 2, (238109.0422780733, 583488.3408356609)]]]
[1.0, 40.66093611717224, 0.1299357428384143, 0.13608646193288806, 0.13463822059047506, 0, [[128, 2, (233299.82552465884, 581616.1674684337)], [13, 2, (236762.07022344664, 582846.3790136424)], [164, 2, (233467.21893577688, 582217.3355930748)], [182, 2, (235122.3780536604, 582028.8778023054)], [28, 2, (238109.0422780733, 583488.3408356609)]]]
[1.2, 39.60092735290527, 0.14222786525879005, 0.1482691653423522, 0.14682069108217813, 0, [[128, 2, (233299.82552465884, 581616.1674684337)], [13, 2, (236762.07022344664, 582846.3790136424)], [182, 2, (235122.3780536604, 582028.8778023054)], [28, 2, (238109.0422780733, 583488.3408356609)], [295, 2, (235349.24211642522, 583111.991072007)]]]
[1.4000000000000001, 48.32290983200073, 0.15354140596580249, 0.1595744329954919, 0.15957425212152102, 0, [[128, 2, (233299.82552465884, 581616.1674684337)], [13, 2, (236762.07022344664, 582846.3790136424)], [164, 2, (233467.21893577688, 582217.3355930748)], [182, 2, (235122.3780536604, 582028.8778023054)], [200, 2, (233693.9189378676, 581240.2863781998)], [28, 2, (238109.0422780733, 583488.3408356609)], [295, 2, (235349.24211642522, 583111.991072007)]]]
[1.6, 53.01106142997742, 0.16470730617349022, 0.17073015208458667, 0.1707295614900662, 0, [[128, 2, (233299.82552465884, 581616.1674684337)], [13, 2, (236762.07022344664, 582846.3790136424)], [164, 2, (233467.21893577688, 582217.3355930748)], [182, 2, (235122.3780536604, 582028.8778023054)], [200, 2, (233693.9189378676, 581240.2863781998)], [28, 2, (238109.0422780733, 583488.3408356609)], [295, 2, (235349.24211642522, 583111.991072007)], [30, 2, (238288.6385520235, 583573.9357452634)]]]
[1.8, 69.1849045753479, 0.17477224069480107, 0.18077343384654887, 0.18077343384655012, 0, [[128, 2, (233299.82552465884, 581616.1674684337)], [13, 2, (236762.07022344664, 582846.3790136424)], [164, 2, (233467.21893577688, 582217.3355930748)], [182, 2, (235122.3780536604, 582028.8778023054)], [200, 2, (233693.9189378676, 581240.2863781998)], [206, 2, (234594.3467739826, 581555.5635857269)], [28, 2, (238109.0422780733, 583488.3408356609)], [295, 2, (235349.24211642522, 583111.991072007)], [30, 2, (238288.6385520235, 583573.9357452634)]]]
[2.0, 201.3296983242035, 0.18381460394895763, 0.18973709875676614, 0.18956534571317057, 0, [[128, 2, (233299.82552465884, 581616.1674684337)], [13, 2, (236762.07022344664, 582846.3790136424)], [164, 2, (233467.21893577688, 582217.3355930748)], [182, 2, (235122.3780536604, 582028.8778023054)], [200, 2, (233693.9189378676, 581240.2863781998)], [206, 2, (234594.3467739826, 581555.5635857269)], [28, 2, (238109.0422780733, 583488.3408356609)], [296, 2, (235406.44730945525, 583034.9258935207)], [30, 2, (238288.6385520235, 583573.9357452634)], [577, 2, (235003.60208008275, 583572.5940416976)]]]
