['budget', 'runtime', 'objective_value', 'flow_caught_optimal', 'flow_caught_fixed_solution', 'flow_impact_area', ['solution']]
[0.2, 28.08353090286255, 0.04870471695985794, 0.056010779466486346, 0.05601077946650621, 0, [[28, 2, (238109.0422780733, 583488.3408356609)]]]
[0.4, 28.054706573486328, 0.07270038680792892, 0.079950046543524, 0.079950046543525, 0, [[164, 2, (233467.21893577688, 582217.3355930748)], [28, 2, (238109.0422780733, 583488.3408356609)]]]
[0.6000000000000001, 28.14995241165161, 0.09362243403880326, 0.10001933685170068, 0.1000193368517015, 0, [[13, 2, (236762.07022344664, 582846.3790136424)], [164, 2, (233467.21893577688, 582217.3355930748)], [28, 2, (238109.0422780733, 583488.3408356609)]]]
[0.8, 29.993714332580566, 0.11217474031464138, 0.11840383395912021, 0.11840381718315549, 0, [[13, 2, (236762.07022344664, 582846.3790136424)], [164, 2, (233467.21893577688, 582217.3355930748)], [182, 2, (235122.3780536604, 582028.8778023054)], [28, 2, (238109.0422780733, 583488.3408356609)]]]
[1.0, 36.841129302978516, 0.12680798468567828, 0.13283203800635004, 0.1257879836082723, 0, [[13, 2, (236762.07022344664, 582846.3790136424)], [164, 2, (233467.21893577688, 582217.3355930748)], [182, 2, (235122.3780536604, 582028.8778023054)], [28, 2, (238109.0422780733, 583488.3408356609)], [577, 2, (235003.60208008275, 583572.5940416976)]]]
[1.2, 35.231974601745605, 0.1390470950478141, 0.14505805826570867, 0.13828710223784677, 0, [[13, 2, (236762.07022344664, 582846.3790136424)], [164, 2, (233467.21893577688, 582217.3355930748)], [182, 2, (235122.3780536604, 582028.8778023054)], [28, 2, (238109.0422780733, 583488.3408356609)], [30, 2, (238288.6385520235, 583573.9357452634)], [577, 2, (235003.60208008275, 583572.5940416976)]]]
[1.4000000000000001, 45.519960165023804, 0.1488836582341747, 0.15482735895204794, 0.1446952954011358, 0, [[13, 2, (236762.07022344664, 582846.3790136424)], [164, 2, (233467.21893577688, 582217.3355930748)], [182, 2, (235122.3780536604, 582028.8778023054)], [272, 2, (234786.61157695853, 583742.5888701213)], [28, 2, (238109.0422780733, 583488.3408356609)], [295, 2, (235349.24211642522, 583111.991072007)], [30, 2, (238288.6385520235, 583573.9357452634)]]]
[1.6, 159.1324028968811, 0.1577029312653348, 0.16361125271999385, 0.15692090047550017, 0, [[13, 2, (236762.07022344664, 582846.3790136424)], [164, 2, (233467.21893577688, 582217.3355930748)], [182, 2, (235122.3780536604, 582028.8778023054)], [192, 2, (234244.88275658217, 581434.264643024)], [272, 2, (234786.61157695853, 583742.5888701213)], [28, 2, (238109.0422780733, 583488.3408356609)], [295, 2, (235349.24211642522, 583111.991072007)], [30, 2, (238288.6385520235, 583573.9357452634)]]]
[1.8, 147.57823491096497, 0.16599692648737388, 0.17178837770553754, 0.16247789981621366, 0, [[13, 2, (236762.07022344664, 582846.3790136424)], [164, 2, (233467.21893577688, 582217.3355930748)], [182, 2, (235122.3780536604, 582028.8778023054)], [192, 2, (234244.88275658217, 581434.264643024)], [272, 2, (234786.61157695853, 583742.5888701213)], [28, 2, (238109.0422780733, 583488.3408356609)], [295, 2, (235349.24211642522, 583111.991072007)], [30, 2, (238288.6385520235, 583573.9357452634)], [577, 2, (235003.60208008275, 583572.5940416976)]]]
[2.0, 306.9968464374542, 0.17415034182688766, 0.17993644091044994, 0.1666527513532764, 0, [[13, 2, (236762.07022344664, 582846.3790136424)], [148, 2, (234015.98543759985, 582922.938161024)], [164, 2, (233467.21893577688, 582217.3355930748)], [182, 2, (235122.3780536604, 582028.8778023054)], [192, 2, (234244.88275658217, 581434.264643024)], [272, 2, (234786.61157695853, 583742.5888701213)], [28, 2, (238109.0422780733, 583488.3408356609)], [295, 2, (235349.24211642522, 583111.991072007)], [30, 2, (238288.6385520235, 583573.9357452634)], [577, 2, (235003.60208008275, 583572.5940416976)]]]
