['budget', 'runtime', 'objective_value', 'flow_caught_optimal', 'flow_caught_fixed_solution', 'flow_impact_area', ['solution']]
[0.2, 33.399937868118286, 0.04528986735515959, 0.05247827256059441, 0.05247827256059464, 0, [[28, 2, (238109.0422780733, 583488.3408356609)]]]
[0.4, 33.84493637084961, 0.0825543979958981, 0.08964418062411147, 0.08964418078096865, 0, [[164, 2, (233467.21893577688, 582217.3355930748)], [28, 2, (238109.0422780733, 583488.3408356609)]]]
[0.6000000000000001, 34.66496825218201, 0.10212796458849313, 0.10842119028042352, 0.1084211866223142, 0, [[13, 2, (236762.07022344664, 582846.3790136424)], [164, 2, (233467.21893577688, 582217.3355930748)], [28, 2, (238109.0422780733, 583488.3408356609)]]]
[0.8, 35.69793224334717, 0.11554050513456555, 0.12171790568473817, 0.1217179000313055, 0, [[13, 2, (236762.07022344664, 582846.3790136424)], [164, 2, (233467.21893577688, 582217.3355930748)], [182, 2, (235122.3780536604, 582028.8778023054)], [28, 2, (238109.0422780733, 583488.3408356609)]]]
[1.0, 38.74793243408203, 0.12839721477954705, 0.1345624675765504, 0.13456231623914403, 0, [[13, 2, (236762.07022344664, 582846.3790136424)], [164, 2, (233467.21893577688, 582217.3355930748)], [182, 2, (235122.3780536604, 582028.8778023054)], [200, 2, (233693.9189378676, 581240.2863781998)], [28, 2, (238109.0422780733, 583488.3408356609)]]]
[1.2, 38.06295943260193, 0.14061599919347043, 0.14667260567504473, 0.14667260357154752, 0, [[13, 2, (236762.07022344664, 582846.3790136424)], [164, 2, (233467.21893577688, 582217.3355930748)], [182, 2, (235122.3780536604, 582028.8778023054)], [200, 2, (233693.9189378676, 581240.2863781998)], [28, 2, (238109.0422780733, 583488.3408356609)], [295, 2, (235349.24211642522, 583111.991072007)]]]
[1.4000000000000001, 42.33301615715027, 0.1515968429432313, 0.1576437619004934, 0.15714389636430365, 0, [[13, 2, (236762.07022344664, 582846.3790136424)], [164, 2, (233467.21893577688, 582217.3355930748)], [182, 2, (235122.3780536604, 582028.8778023054)], [200, 2, (233693.9189378676, 581240.2863781998)], [28, 2, (238109.0422780733, 583488.3408356609)], [295, 2, (235349.24211642522, 583111.991072007)], [30, 2, (238288.6385520235, 583573.9357452634)]]]
[1.6, 45.12030506134033, 0.16236256360738746, 0.16839935947612972, 0.1681150546917297, 0, [[13, 2, (236762.07022344664, 582846.3790136424)], [164, 2, (233467.21893577688, 582217.3355930748)], [168, 2, (234055.0327632433, 582212.9486916829)], [182, 2, (235122.3780536604, 582028.8778023054)], [200, 2, (233693.9189378676, 581240.2863781998)], [28, 2, (238109.0422780733, 583488.3408356609)], [295, 2, (235349.24211642522, 583111.991072007)], [30, 2, (238288.6385520235, 583573.9357452634)]]]
[1.8, 50.47890639305115, 0.17292180623989872, 0.17887041654618688, 0.17653073035189576, 0, [[128, 2, (233299.82552465884, 581616.1674684337)], [13, 2, (236762.07022344664, 582846.3790136424)], [164, 2, (233467.21893577688, 582217.3355930748)], [168, 2, (234055.0327632433, 582212.9486916829)], [182, 2, (235122.3780536604, 582028.8778023054)], [200, 2, (233693.9189378676, 581240.2863781998)], [28, 2, (238109.0422780733, 583488.3408356609)], [295, 2, (235349.24211642522, 583111.991072007)], [30, 2, (238288.6385520235, 583573.9357452634)]]]
[2.0, 59.55582332611084, 0.18264779723873184, 0.18855534042354388, 0.18728170841810382, 0, [[128, 2, (233299.82552465884, 581616.1674684337)], [13, 2, (236762.07022344664, 582846.3790136424)], [164, 2, (233467.21893577688, 582217.3355930748)], [168, 2, (234055.0327632433, 582212.9486916829)], [182, 2, (235122.3780536604, 582028.8778023054)], [192, 2, (234244.88275658217, 581434.264643024)], [200, 2, (233693.9189378676, 581240.2863781998)], [28, 2, (238109.0422780733, 583488.3408356609)], [295, 2, (235349.24211642522, 583111.991072007)], [30, 2, (238288.6385520235, 583573.9357452634)]]]
