['budget', 'runtime', 'objective_value', 'flow_caught_optimal', 'flow_caught_fixed_solution', 'flow_impact_area', ['solution']]
[0.2, 35.87826132774353, 0.04464698515755205, 0.051942695768477466, 0.051942695768478125, 0, [[28, 2, (238109.0422780733, 583488.3408356609)]]]
[0.4, 37.91348695755005, 0.08522577458824965, 0.09241232058352875, 0.09241232059155821, 0, [[164, 2, (233467.21893577688, 582217.3355930748)], [28, 2, (238109.0422780733, 583488.3408356609)]]]
[0.6000000000000001, 36.82908916473389, 0.10341476556214119, 0.10986245475406098, 0.10986244274873386, 0, [[13, 2, (236762.07022344664, 582846.3790136424)], [164, 2, (233467.21893577688, 582217.3355930748)], [28, 2, (238109.0422780733, 583488.3408356609)]]]
[0.8, 38.638996601104736, 0.11796224081969574, 0.12428262888134833, 0.12428260741174992, 0, [[13, 2, (236762.07022344664, 582846.3790136424)], [164, 2, (233467.21893577688, 582217.3355930748)], [182, 2, (235122.3780536604, 582028.8778023054)], [28, 2, (238109.0422780733, 583488.3408356609)]]]
[1.0, 41.1219048500061, 0.13105547685635713, 0.13736312801396203, 0.13736310185061798, 0, [[13, 2, (236762.07022344664, 582846.3790136424)], [164, 2, (233467.21893577688, 582217.3355930748)], [182, 2, (235122.3780536604, 582028.8778023054)], [200, 2, (233693.9189378676, 581240.2863781998)], [28, 2, (238109.0422780733, 583488.3408356609)]]]
[1.2, 40.55291819572449, 0.14260603614761425, 0.1484631397179003, 0.1483054932353025, 0, [[13, 2, (236762.07022344664, 582846.3790136424)], [164, 2, (233467.21893577688, 582217.3355930748)], [182, 2, (235122.3780536604, 582028.8778023054)], [200, 2, (233693.9189378676, 581240.2863781998)], [28, 2, (238109.0422780733, 583488.3408356609)], [424, 2, (233187.35245641816, 581972.259001994)]]]
[1.4000000000000001, 40.94599437713623, 0.15367118732999868, 0.15937803916143004, 0.15952127317849277, 0, [[13, 2, (236762.07022344664, 582846.3790136424)], [164, 2, (233467.21893577688, 582217.3355930748)], [182, 2, (235122.3780536604, 582028.8778023054)], [200, 2, (233693.9189378676, 581240.2863781998)], [28, 2, (238109.0422780733, 583488.3408356609)], [424, 2, (233187.35245641816, 581972.259001994)], [577, 2, (235003.60208008275, 583572.5940416976)]]]
[1.6, 58.1668918132782, 0.164735786711093, 0.17043272504009446, 0.17057583734177534, 0, [[13, 2, (236762.07022344664, 582846.3790136424)], [164, 2, (233467.21893577688, 582217.3355930748)], [182, 2, (235122.3780536604, 582028.8778023054)], [200, 2, (233693.9189378676, 581240.2863781998)], [28, 2, (238109.0422780733, 583488.3408356609)], [30, 2, (238288.6385520235, 583573.9357452634)], [424, 2, (233187.35245641816, 581972.259001994)], [577, 2, (235003.60208008275, 583572.5940416976)]]]
[1.8, 65.7218770980835, 0.17477174360521958, 0.1804605970248164, 0.17974229912132889, 0, [[13, 2, (236762.07022344664, 582846.3790136424)], [164, 2, (233467.21893577688, 582217.3355930748)], [168, 2, (234055.0327632433, 582212.9486916829)], [182, 2, (235122.3780536604, 582028.8778023054)], [200, 2, (233693.9189378676, 581240.2863781998)], [28, 2, (238109.0422780733, 583488.3408356609)], [30, 2, (238288.6385520235, 583573.9357452634)], [424, 2, (233187.35245641816, 581972.259001994)], [577, 2, (235003.60208008275, 583572.5940416976)]]]
[2.0, 310.1457004547119, 0.1845237723416362, 0.19012174472307622, 0.18976884784166126, 0, [[13, 2, (236762.07022344664, 582846.3790136424)], [164, 2, (233467.21893577688, 582217.3355930748)], [168, 2, (234055.0327632433, 582212.9486916829)], [175, 2, (234532.61405924172, 581718.4220258762)], [182, 2, (235122.3780536604, 582028.8778023054)], [200, 2, (233693.9189378676, 581240.2863781998)], [28, 2, (238109.0422780733, 583488.3408356609)], [30, 2, (238288.6385520235, 583573.9357452634)], [424, 2, (233187.35245641816, 581972.259001994)], [577, 2, (235003.60208008275, 583572.5940416976)]]]
