['budget', 'runtime', 'objective_value', 'flow_caught_optimal', 'flow_caught_fixed_solution', 'flow_impact_area', ['solution']]
[0.2, 35.20165777206421, 0.041905326712176234, 0.04928358203970339, 0.04928358203970363, 0, [[28, 2, (238109.0422780733, 583488.3408356609)]]]
[0.4, 33.4302077293396, 0.08410041188548084, 0.09136436013969433, 0.09136436121925788, 0, [[164, 2, (233467.21893577688, 582217.3355930748)], [28, 2, (238109.0422780733, 583488.3408356609)]]]
[0.6000000000000001, 34.31300735473633, 0.10259977112389593, 0.10911192774574652, 0.10911192194243391, 0, [[13, 2, (236762.07022344664, 582846.3790136424)], [164, 2, (233467.21893577688, 582217.3355930748)], [28, 2, (238109.0422780733, 583488.3408356609)]]]
[0.8, 37.49488973617554, 0.1165522773743124, 0.12293032622524601, 0.12271385817264935, 0, [[13, 2, (236762.07022344664, 582846.3790136424)], [164, 2, (233467.21893577688, 582217.3355930748)], [175, 2, (234532.61405924172, 581718.4220258762)], [28, 2, (238109.0422780733, 583488.3408356609)]]]
[1.0, 39.30792570114136, 0.13010114066265602, 0.1359462567715219, 0.13604154643123062, 0, [[13, 2, (236762.07022344664, 582846.3790136424)], [164, 2, (233467.21893577688, 582217.3355930748)], [175, 2, (234532.61405924172, 581718.4220258762)], [28, 2, (238109.0422780733, 583488.3408356609)], [423, 2, (233240.02703484177, 581906.103763004)]]]
[1.2, 39.48760008811951, 0.1435563338878631, 0.1492798074559892, 0.149374704277443, 0, [[13, 2, (236762.07022344664, 582846.3790136424)], [164, 2, (233467.21893577688, 582217.3355930748)], [175, 2, (234532.61405924172, 581718.4220258762)], [28, 2, (238109.0422780733, 583488.3408356609)], [295, 2, (235349.24211642522, 583111.991072007)], [423, 2, (233240.02703484177, 581906.103763004)]]]
[1.4000000000000001, 39.39470648765564, 0.15685252719260348, 0.16256302640445586, 0.16261285258005076, 0, [[13, 2, (236762.07022344664, 582846.3790136424)], [164, 2, (233467.21893577688, 582217.3355930748)], [175, 2, (234532.61405924172, 581718.4220258762)], [200, 2, (233693.9189378676, 581240.2863781998)], [28, 2, (238109.0422780733, 583488.3408356609)], [295, 2, (235349.24211642522, 583111.991072007)], [423, 2, (233240.02703484177, 581906.103763004)]]]
[1.6, 50.62755227088928, 0.16859564644241212, 0.17429160033239086, 0.17271838381709356, 0, [[13, 2, (236762.07022344664, 582846.3790136424)], [164, 2, (233467.21893577688, 582217.3355930748)], [182, 2, (235122.3780536604, 582028.8778023054)], [200, 2, (233693.9189378676, 581240.2863781998)], [206, 2, (234594.3467739826, 581555.5635857269)], [28, 2, (238109.0422780733, 583488.3408356609)], [295, 2, (235349.24211642522, 583111.991072007)], [423, 2, (233240.02703484177, 581906.103763004)]]]
[1.8, 58.31957292556763, 0.18002398266585884, 0.18570796781272297, 0.1846440427375188, 0, [[13, 2, (236762.07022344664, 582846.3790136424)], [164, 2, (233467.21893577688, 582217.3355930748)], [168, 2, (234055.0327632433, 582212.9486916829)], [182, 2, (235122.3780536604, 582028.8778023054)], [200, 2, (233693.9189378676, 581240.2863781998)], [206, 2, (234594.3467739826, 581555.5635857269)], [28, 2, (238109.0422780733, 583488.3408356609)], [295, 2, (235349.24211642522, 583111.991072007)], [423, 2, (233240.02703484177, 581906.103763004)]]]
[2.0, 118.83763360977173, 0.19013673127309955, 0.1958133714430756, 0.19606290793313208, 0, [[13, 2, (236762.07022344664, 582846.3790136424)], [164, 2, (233467.21893577688, 582217.3355930748)], [168, 2, (234055.0327632433, 582212.9486916829)], [182, 2, (235122.3780536604, 582028.8778023054)], [200, 2, (233693.9189378676, 581240.2863781998)], [206, 2, (234594.3467739826, 581555.5635857269)], [28, 2, (238109.0422780733, 583488.3408356609)], [295, 2, (235349.24211642522, 583111.991072007)], [30, 2, (238288.6385520235, 583573.9357452634)], [423, 2, (233240.02703484177, 581906.103763004)]]]
