['budget', 'runtime', 'objective_value', 'flow_caught_optimal', 'flow_caught_fixed_solution', 'flow_impact_area', ['solution']]
[0.2, 7.550984859466553, 0.03522494852895974, 0.04135694377683769, 0, 0, [[15, 2, (238019.24414109826, 583445.5433808594)]]]
[0.4, 7.75498628616333, 0.06698696733904565, 0.07297665758338268, 0, 0, [[15, 2, (238019.24414109826, 583445.5433808594)], [90, 2, (233467.2189357769, 582217.3355930748)]]]
[0.6000000000000001, 7.34198784828186, 0.0899610442902037, 0.09541955308400243, 0, 0, [[15, 2, (238019.24414109826, 583445.5433808594)], [8, 2, (236762.07022344676, 582846.3790136421)], [90, 2, (233467.2189357769, 582217.3355930748)]]]
[0.8, 8.147985458374023, 0.10586800043238828, 0.11117208977986104, 0, 0, [[15, 2, (238019.24414109826, 583445.5433808594)], [8, 2, (236762.07022344676, 582846.3790136421)], [90, 2, (233467.2189357769, 582217.3355930748)], [98, 2, (235080.25205405895, 582006.7023897036)]]]
[1.0, 8.360985279083252, 0.120898144401296, 0.12619539517147038, 0, 0, [[109, 2, (233734.15812679892, 581241.6720703929)], [15, 2, (238019.24414109826, 583445.5433808594)], [8, 2, (236762.07022344676, 582846.3790136421)], [90, 2, (233467.2189357769, 582217.3355930748)], [98, 2, (235080.25205405895, 582006.7023897036)]]]
[1.2, 8.62098503112793, 0.13328824702245468, 0.13857811164998357, 0, 0, [[109, 2, (233734.15812679892, 581241.6720703929)], [145, 2, (234496.97909792938, 583905.3416356744)], [15, 2, (238019.24414109826, 583445.5433808594)], [8, 2, (236762.07022344676, 582846.3790136421)], [90, 2, (233467.2189357769, 582217.3355930748)], [98, 2, (235080.25205405895, 582006.7023897036)]]]
[1.4000000000000001, 8.679990768432617, 0.14561938898572926, 0.1508501278189927, 0, 0, [[109, 2, (233734.15812679892, 581241.6720703929)], [145, 2, (234496.97909792938, 583905.3416356744)], [15, 2, (238019.24414109826, 583445.5433808594)], [70, 2, (233298.2331941409, 581691.3840471677)], [8, 2, (236762.07022344676, 582846.3790136421)], [90, 2, (233467.2189357769, 582217.3355930748)], [98, 2, (235080.25205405895, 582006.7023897036)]]]
[1.6, 10.05998182296753, 0.15775487076094638, 0.16295777926850194, 0, 0, [[109, 2, (233734.15812679892, 581241.6720703929)], [145, 2, (234496.97909792938, 583905.3416356744)], [15, 2, (238019.24414109826, 583445.5433808594)], [40, 2, (231708.8370217081, 582892.1085155534)], [70, 2, (233298.2331941409, 581691.3840471677)], [8, 2, (236762.07022344676, 582846.3790136421)], [90, 2, (233467.2189357769, 582217.3355930748)], [98, 2, (235080.25205405895, 582006.7023897036)]]]
[1.8, 11.213985443115234, 0.1696242823209741, 0.17478595071309608, 0, 0, [[109, 2, (233734.15812679892, 581241.6720703929)], [145, 2, (234496.97909792938, 583905.3416356744)], [15, 2, (238019.24414109826, 583445.5433808594)], [286, 2, (235518.44881735323, 582879.0074353205)], [40, 2, (231708.8370217081, 582892.1085155534)], [70, 2, (233298.2331941409, 581691.3840471677)], [8, 2, (236762.07022344676, 582846.3790136421)], [90, 2, (233467.2189357769, 582217.3355930748)], [98, 2, (235080.25205405895, 582006.7023897036)]]]
[2.0, 9.00697946548462, 0.18027632357908327, 0.1853933502209298, 0, 0, [[109, 2, (233734.15812679892, 581241.6720703929)], [145, 2, (234496.97909792938, 583905.3416356744)], [15, 2, (238019.24414109826, 583445.5433808594)], [221, 2, (232827.90247666204, 582019.7724067986)], [286, 2, (235518.44881735323, 582879.0074353205)], [40, 2, (231708.8370217081, 582892.1085155534)], [70, 2, (233298.2331941409, 581691.3840471677)], [8, 2, (236762.07022344676, 582846.3790136421)], [90, 2, (233467.2189357769, 582217.3355930748)], [98, 2, (235080.25205405895, 582006.7023897036)]]]
[2.2, 11.715978860855103, 0.19091978109675808, 0.19602469841597758, 0, 0, [[109, 2, (233734.15812679892, 581241.6720703929)], [145, 2, (234496.97909792938, 583905.3416356744)], [15, 2, (238019.24414109826, 583445.5433808594)], [221, 2, (232827.90247666204, 582019.7724067986)], [286, 2, (235518.44881735323, 582879.0074353205)], [40, 2, (231708.8370217081, 582892.1085155534)], [70, 2, (233298.2331941409, 581691.3840471677)], [8, 2, (236762.07022344676, 582846.3790136421)], [90, 2, (233467.2189357769, 582217.3355930748)], [92, 2, (234101.79707441063, 582125.3675518178)], [98, 2, (235080.25205405895, 582006.7023897036)]]]
[2.4000000000000004, 11.30497932434082, 0.2015003056477787, 0.20658401340934465, 0, 0, [[109, 2, (233734.15812679892, 581241.6720703929)], [145, 2, (234496.97909792938, 583905.3416356744)], [15, 2, (238019.24414109826, 583445.5433808594)], [17, 2, (238378.43668899868, 583616.7332000644)], [221, 2, (232827.90247666204, 582019.7724067986)], [286, 2, (235518.44881735323, 582879.0074353205)], [40, 2, (231708.8370217081, 582892.1085155534)], [70, 2, (233298.2331941409, 581691.3840471677)], [8, 2, (236762.07022344676, 582846.3790136421)], [90, 2, (233467.2189357769, 582217.3355930748)], [92, 2, (234101.79707441063, 582125.3675518178)], [98, 2, (235080.25205405895, 582006.7023897036)]]]
[2.6000000000000005, 14.472969055175781, 0.21166067518542725, 0.2167419225446867, 0, 0, [[109, 2, (233734.15812679892, 581241.6720703929)], [145, 2, (234496.97909792938, 583905.3416356744)], [15, 2, (238019.24414109826, 583445.5433808594)], [17, 2, (238378.43668899868, 583616.7332000644)], [221, 2, (232827.90247666204, 582019.7724067986)], [274, 2, (234495.50944963004, 583902.726270714)], [286, 2, (235518.44881735323, 582879.0074353205)], [40, 2, (231708.8370217081, 582892.1085155534)], [70, 2, (233298.2331941409, 581691.3840471677)], [8, 2, (236762.07022344676, 582846.3790136421)], [90, 2, (233467.2189357769, 582217.3355930748)], [92, 2, (234101.79707441063, 582125.3675518178)], [98, 2, (235080.25205405895, 582006.7023897036)]]]
[2.8000000000000003, 16.973970651626587, 0.22157398299973385, 0.22664081350030083, 0, 0, [[109, 2, (233734.15812679892, 581241.6720703929)], [145, 2, (234496.97909792938, 583905.3416356744)], [15, 2, (238019.24414109826, 583445.5433808594)], [159, 2, (235406.44730945528, 583034.9258935207)], [17, 2, (238378.43668899868, 583616.7332000644)], [221, 2, (232827.90247666204, 582019.7724067986)], [274, 2, (234495.50944963004, 583902.726270714)], [286, 2, (235518.44881735323, 582879.0074353205)], [40, 2, (231708.8370217081, 582892.1085155534)], [70, 2, (233298.2331941409, 581691.3840471677)], [8, 2, (236762.07022344676, 582846.3790136421)], [90, 2, (233467.2189357769, 582217.3355930748)], [92, 2, (234101.79707441063, 582125.3675518178)], [98, 2, (235080.25205405895, 582006.7023897036)]]]
[3.0000000000000004, 15.51097297668457, 0.23135524247066774, 0.23640638095224425, 0, 0, [[109, 2, (233734.15812679892, 581241.6720703929)], [145, 2, (234496.97909792938, 583905.3416356744)], [15, 2, (238019.24414109826, 583445.5433808594)], [159, 2, (235406.44730945528, 583034.9258935207)], [17, 2, (238378.43668899868, 583616.7332000644)], [221, 2, (232827.90247666204, 582019.7724067986)], [274, 2, (234495.50944963004, 583902.726270714)], [286, 2, (235518.44881735323, 582879.0074353205)], [40, 2, (231708.8370217081, 582892.1085155534)], [70, 2, (233298.2331941409, 581691.3840471677)], [8, 2, (236762.07022344676, 582846.3790136421)], [82, 2, (234074.2867080758, 582968.4699835483)], [90, 2, (233467.2189357769, 582217.3355930748)], [92, 2, (234101.79707441063, 582125.3675518178)], [98, 2, (235080.25205405895, 582006.7023897036)]]]
[3.2, 15.590975999832153, 0.24052200507138116, 0.2455569945058437, 0, 0, [[109, 2, (233734.15812679892, 581241.6720703929)], [145, 2, (234496.97909792938, 583905.3416356744)], [15, 2, (238019.24414109826, 583445.5433808594)], [159, 2, (235406.44730945528, 583034.9258935207)], [17, 2, (238378.43668899868, 583616.7332000644)], [202, 2, (231706.21074463628, 582890.6584573677)], [221, 2, (232827.90247666204, 582019.7724067986)], [274, 2, (234495.50944963004, 583902.726270714)], [286, 2, (235518.44881735323, 582879.0074353205)], [40, 2, (231708.8370217081, 582892.1085155534)], [70, 2, (233298.2331941409, 581691.3840471677)], [8, 2, (236762.07022344676, 582846.3790136421)], [82, 2, (234074.2867080758, 582968.4699835483)], [90, 2, (233467.2189357769, 582217.3355930748)], [92, 2, (234101.79707441063, 582125.3675518178)], [98, 2, (235080.25205405895, 582006.7023897036)]]]
[3.4000000000000004, 22.03597640991211, 0.249642387283069, 0.25465952921945045, 0, 0, [[109, 2, (233734.15812679892, 581241.6720703929)], [111, 2, (234557.8505954967, 581585.1904894632)], [145, 2, (234496.97909792938, 583905.3416356744)], [15, 2, (238019.24414109826, 583445.5433808594)], [159, 2, (235406.44730945528, 583034.9258935207)], [17, 2, (238378.43668899868, 583616.7332000644)], [202, 2, (231706.21074463628, 582890.6584573677)], [221, 2, (232827.90247666204, 582019.7724067986)], [274, 2, (234495.50944963004, 583902.726270714)], [286, 2, (235518.44881735323, 582879.0074353205)], [40, 2, (231708.8370217081, 582892.1085155534)], [70, 2, (233298.2331941409, 581691.3840471677)], [8, 2, (236762.07022344676, 582846.3790136421)], [82, 2, (234074.2867080758, 582968.4699835483)], [90, 2, (233467.2189357769, 582217.3355930748)], [92, 2, (234101.79707441063, 582125.3675518178)], [98, 2, (235080.25205405895, 582006.7023897036)]]]
[3.6000000000000005, 19.544026136398315, 0.25873328518195177, 0.26375038817630225, 0, 0, [[109, 2, (233734.15812679892, 581241.6720703929)], [111, 2, (234557.8505954967, 581585.1904894632)], [145, 2, (234496.97909792938, 583905.3416356744)], [15, 2, (238019.24414109826, 583445.5433808594)], [159, 2, (235406.44730945528, 583034.9258935207)], [17, 2, (238378.43668899868, 583616.7332000644)], [202, 2, (231706.21074463628, 582890.6584573677)], [221, 2, (232827.90247666204, 582019.7724067986)], [274, 2, (234495.50944963004, 583902.726270714)], [286, 2, (235518.44881735323, 582879.0074353205)], [40, 2, (231708.8370217081, 582892.1085155534)], [70, 2, (233298.2331941409, 581691.3840471677)], [8, 2, (236762.07022344676, 582846.3790136421)], [82, 2, (234074.2867080758, 582968.4699835483)], [90, 2, (233467.2189357769, 582217.3355930748)], [91, 2, (233632.3160047483, 582305.8619288091)], [92, 2, (234101.79707441063, 582125.3675518178)], [98, 2, (235080.25205405895, 582006.7023897036)]]]
[3.8000000000000003, 33.16786789894104, 0.2673983937233368, 0.2723596134437739, 0, 0, [[109, 2, (233734.15812679892, 581241.6720703929)], [111, 2, (234557.8505954967, 581585.1904894632)], [145, 2, (234496.97909792938, 583905.3416356744)], [15, 2, (238019.24414109826, 583445.5433808594)], [159, 2, (235406.44730945528, 583034.9258935207)], [17, 2, (238378.43668899868, 583616.7332000644)], [202, 2, (231706.21074463628, 582890.6584573677)], [221, 2, (232827.90247666204, 582019.7724067986)], [274, 2, (234495.50944963004, 583902.726270714)], [286, 2, (235518.44881735323, 582879.0074353205)], [291, 2, (235634.6330434814, 582414.0495115482)], [40, 2, (231708.8370217081, 582892.1085155534)], [70, 2, (233298.2331941409, 581691.3840471677)], [8, 2, (236762.07022344676, 582846.3790136421)], [82, 2, (234074.2867080758, 582968.4699835483)], [90, 2, (233467.2189357769, 582217.3355930748)], [91, 2, (233632.3160047483, 582305.8619288091)], [92, 2, (234101.79707441063, 582125.3675518178)], [98, 2, (235080.25205405895, 582006.7023897036)]]]
[4.0, 32.796942949295044, 0.27598647183196195, 0.2809418210167789, 0, 0, [[109, 2, (233734.15812679892, 581241.6720703929)], [111, 2, (234557.8505954967, 581585.1904894632)], [145, 2, (234496.97909792938, 583905.3416356744)], [15, 2, (238019.24414109826, 583445.5433808594)], [159, 2, (235406.44730945528, 583034.9258935207)], [17, 2, (238378.43668899868, 583616.7332000644)], [202, 2, (231706.21074463628, 582890.6584573677)], [221, 2, (232827.90247666204, 582019.7724067986)], [236, 2, (234099.150698051, 582123.9545082363)], [274, 2, (234495.50944963004, 583902.726270714)], [286, 2, (235518.44881735323, 582879.0074353205)], [291, 2, (235634.6330434814, 582414.0495115482)], [40, 2, (231708.8370217081, 582892.1085155534)], [70, 2, (233298.2331941409, 581691.3840471677)], [8, 2, (236762.07022344676, 582846.3790136421)], [82, 2, (234074.2867080758, 582968.4699835483)], [90, 2, (233467.2189357769, 582217.3355930748)], [91, 2, (233632.3160047483, 582305.8619288091)], [92, 2, (234101.79707441063, 582125.3675518178)], [98, 2, (235080.25205405895, 582006.7023897036)]]]
