['budget', 'runtime', 'objective_value', 'flow_caught_optimal', 'flow_caught_fixed_solution', 'flow_impact_area', ['solution']]
[0.2, 9.773854494094849, 0.02416358173055455, 0.030168346625257865, 0, 0, [[183, 2, (236763.36091987896, 582843.6708587869)]]]
[0.4, 8.33869194984436, 0.04761568838038943, 0.0534879007956423, 0, 0, [[183, 2, (236763.36091987896, 582843.6708587869)], [90, 2, (233467.2189357769, 582217.3355930748)]]]
[0.6000000000000001, 8.766550779342651, 0.06648173961043825, 0.07187710652293053, 0, 0, [[15, 2, (238019.24414109826, 583445.5433808594)], [8, 2, (236762.07022344676, 582846.3790136421)], [90, 2, (233467.2189357769, 582217.3355930748)]]]
[0.8, 9.115641593933105, 0.08349821132965729, 0.08881188799627221, 0, 0, [[15, 2, (238019.24414109826, 583445.5433808594)], [221, 2, (232827.90247666204, 582019.7724067986)], [8, 2, (236762.07022344676, 582846.3790136421)], [90, 2, (233467.2189357769, 582217.3355930748)]]]
[1.0, 9.803773403167725, 0.0997203895522082, 0.10483921804048306, 0, 0, [[16, 2, (238198.8404150485, 583531.138290462)], [183, 2, (236763.36091987896, 582843.6708587869)], [187, 2, (236044.97582407808, 582501.2912203771)], [221, 2, (232827.90247666204, 582019.7724067986)], [90, 2, (233467.2189357769, 582217.3355930748)]]]
[1.2, 11.750563621520996, 0.11501190862652685, 0.12011969103219908, 0, 0, [[16, 2, (238198.8404150485, 583531.138290462)], [183, 2, (236763.36091987896, 582843.6708587869)], [187, 2, (236044.97582407808, 582501.2912203771)], [221, 2, (232827.90247666204, 582019.7724067986)], [70, 2, (233298.2331941409, 581691.3840471677)], [91, 2, (233632.3160047483, 582305.8619288091)]]]
[1.4000000000000001, 13.934743642807007, 0.1291464882667426, 0.13425112391822852, 0, 0, [[109, 2, (233734.15812679892, 581241.6720703929)], [16, 2, (238198.8404150485, 583531.138290462)], [183, 2, (236763.36091987896, 582843.6708587869)], [187, 2, (236044.97582407808, 582501.2912203771)], [221, 2, (232827.90247666204, 582019.7724067986)], [70, 2, (233298.2331941409, 581691.3840471677)], [91, 2, (233632.3160047483, 582305.8619288091)]]]
[1.6, 12.338006973266602, 0.14275358213724232, 0.14773622128827993, 0, 0, [[109, 2, (233734.15812679892, 581241.6720703929)], [16, 2, (238198.8404150485, 583531.138290462)], [183, 2, (236763.36091987896, 582843.6708587869)], [187, 2, (236044.97582407808, 582501.2912203771)], [221, 2, (232827.90247666204, 582019.7724067986)], [243, 2, (234607.7319870302, 581754.5743428438)], [70, 2, (233298.2331941409, 581691.3840471677)], [91, 2, (233632.3160047483, 582305.8619288091)]]]
[1.8, 15.3818519115448, 0.15588805200994665, 0.1612026053658502, 0, 0, [[109, 2, (233734.15812679892, 581241.6720703929)], [111, 2, (234557.8505954967, 581585.1904894632)], [16, 2, (238198.8404150485, 583531.138290462)], [183, 2, (236763.36091987896, 582843.6708587869)], [221, 2, (232827.90247666204, 582019.7724067986)], [286, 2, (235518.44881735323, 582879.0074353205)], [291, 2, (235634.6330434814, 582414.0495115482)], [70, 2, (233298.2331941409, 581691.3840471677)], [91, 2, (233632.3160047483, 582305.8619288091)]]]
[2.0, 16.957639694213867, 0.16860350279361766, 0.17389240628213135, 0, 0, [[109, 2, (233734.15812679892, 581241.6720703929)], [111, 2, (234557.8505954967, 581585.1904894632)], [16, 2, (238198.8404150485, 583531.138290462)], [183, 2, (236763.36091987896, 582843.6708587869)], [221, 2, (232827.90247666204, 582019.7724067986)], [286, 2, (235518.44881735323, 582879.0074353205)], [291, 2, (235634.6330434814, 582414.0495115482)], [40, 2, (231708.8370217081, 582892.1085155534)], [70, 2, (233298.2331941409, 581691.3840471677)], [91, 2, (233632.3160047483, 582305.8619288091)]]]
[2.2, 15.965287685394287, 0.18049218183937696, 0.18567481621681942, 0, 0, [[109, 2, (233734.15812679892, 581241.6720703929)], [16, 2, (238198.8404150485, 583531.138290462)], [183, 2, (236763.36091987896, 582843.6708587869)], [221, 2, (232827.90247666204, 582019.7724067986)], [243, 2, (234607.7319870302, 581754.5743428438)], [286, 2, (235518.44881735323, 582879.0074353205)], [291, 2, (235634.6330434814, 582414.0495115482)], [40, 2, (231708.8370217081, 582892.1085155534)], [70, 2, (233298.2331941409, 581691.3840471677)], [91, 2, (233632.3160047483, 582305.8619288091)], [92, 2, (234101.79707441063, 582125.3675518178)]]]
[2.4000000000000004, 15.930927753448486, 0.1923532504788193, 0.19753246173917796, 0, 0, [[109, 2, (233734.15812679892, 581241.6720703929)], [145, 2, (234496.97909792938, 583905.3416356744)], [16, 2, (238198.8404150485, 583531.138290462)], [183, 2, (236763.36091987896, 582843.6708587869)], [221, 2, (232827.90247666204, 582019.7724067986)], [243, 2, (234607.7319870302, 581754.5743428438)], [286, 2, (235518.44881735323, 582879.0074353205)], [291, 2, (235634.6330434814, 582414.0495115482)], [40, 2, (231708.8370217081, 582892.1085155534)], [70, 2, (233298.2331941409, 581691.3840471677)], [91, 2, (233632.3160047483, 582305.8619288091)], [92, 2, (234101.79707441063, 582125.3675518178)]]]
[2.6000000000000005, 17.885154724121094, 0.20383077923001763, 0.20898872827441012, 0, 0, [[109, 2, (233734.15812679892, 581241.6720703929)], [111, 2, (234557.8505954967, 581585.1904894632)], [145, 2, (234496.97909792938, 583905.3416356744)], [16, 2, (238198.8404150485, 583531.138290462)], [183, 2, (236763.36091987896, 582843.6708587869)], [221, 2, (232827.90247666204, 582019.7724067986)], [286, 2, (235518.44881735323, 582879.0074353205)], [291, 2, (235634.6330434814, 582414.0495115482)], [40, 2, (231708.8370217081, 582892.1085155534)], [70, 2, (233298.2331941409, 581691.3840471677)], [91, 2, (233632.3160047483, 582305.8619288091)], [92, 2, (234101.79707441063, 582125.3675518178)], [98, 2, (235080.25205405895, 582006.7023897036)]]]
[2.8000000000000003, 40.46076464653015, 0.2142569533249567, 0.21909157564366655, 0, 0, [[109, 2, (233734.15812679892, 581241.6720703929)], [111, 2, (234557.8505954967, 581585.1904894632)], [145, 2, (234496.97909792938, 583905.3416356744)], [16, 2, (238198.8404150485, 583531.138290462)], [183, 2, (236763.36091987896, 582843.6708587869)], [221, 2, (232827.90247666204, 582019.7724067986)], [286, 2, (235518.44881735323, 582879.0074353205)], [291, 2, (235634.6330434814, 582414.0495115482)], [40, 2, (231708.8370217081, 582892.1085155534)], [70, 2, (233298.2331941409, 581691.3840471677)], [7, 2, (236582.47394949658, 582760.7841040397)], [91, 2, (233632.3160047483, 582305.8619288091)], [92, 2, (234101.79707441063, 582125.3675518178)], [98, 2, (235080.25205405895, 582006.7023897036)]]]
[3.0000000000000004, 75.0372679233551, 0.2243784267377429, 0.2292130566896594, 0, 0, [[109, 2, (233734.15812679892, 581241.6720703929)], [111, 2, (234557.8505954967, 581585.1904894632)], [145, 2, (234496.97909792938, 583905.3416356744)], [16, 2, (238198.8404150485, 583531.138290462)], [183, 2, (236763.36091987896, 582843.6708587869)], [221, 2, (232827.90247666204, 582019.7724067986)], [274, 2, (234495.50944963004, 583902.726270714)], [286, 2, (235518.44881735323, 582879.0074353205)], [291, 2, (235634.6330434814, 582414.0495115482)], [40, 2, (231708.8370217081, 582892.1085155534)], [70, 2, (233298.2331941409, 581691.3840471677)], [7, 2, (236582.47394949658, 582760.7841040397)], [91, 2, (233632.3160047483, 582305.8619288091)], [92, 2, (234101.79707441063, 582125.3675518178)], [98, 2, (235080.25205405895, 582006.7023897036)]]]
[3.2, 26.984814405441284, 0.23420608907953647, 0.23903046620452909, 0, 0, [[109, 2, (233734.15812679892, 581241.6720703929)], [111, 2, (234557.8505954967, 581585.1904894632)], [145, 2, (234496.97909792938, 583905.3416356744)], [159, 2, (235406.44730945528, 583034.9258935207)], [16, 2, (238198.8404150485, 583531.138290462)], [183, 2, (236763.36091987896, 582843.6708587869)], [221, 2, (232827.90247666204, 582019.7724067986)], [274, 2, (234495.50944963004, 583902.726270714)], [286, 2, (235518.44881735323, 582879.0074353205)], [291, 2, (235634.6330434814, 582414.0495115482)], [40, 2, (231708.8370217081, 582892.1085155534)], [70, 2, (233298.2331941409, 581691.3840471677)], [7, 2, (236582.47394949658, 582760.7841040397)], [91, 2, (233632.3160047483, 582305.8619288091)], [92, 2, (234101.79707441063, 582125.3675518178)], [98, 2, (235080.25205405895, 582006.7023897036)]]]
[3.4000000000000004, 205.28735089302063, 0.24343497421413923, 0.2482454676565426, 0, 0, [[109, 2, (233734.15812679892, 581241.6720703929)], [111, 2, (234557.8505954967, 581585.1904894632)], [145, 2, (234496.97909792938, 583905.3416356744)], [159, 2, (235406.44730945528, 583034.9258935207)], [16, 2, (238198.8404150485, 583531.138290462)], [183, 2, (236763.36091987896, 582843.6708587869)], [221, 2, (232827.90247666204, 582019.7724067986)], [274, 2, (234495.50944963004, 583902.726270714)], [286, 2, (235518.44881735323, 582879.0074353205)], [291, 2, (235634.6330434814, 582414.0495115482)], [40, 2, (231708.8370217081, 582892.1085155534)], [70, 2, (233298.2331941409, 581691.3840471677)], [7, 2, (236582.47394949658, 582760.7841040397)], [82, 2, (234074.2867080758, 582968.4699835483)], [91, 2, (233632.3160047483, 582305.8619288091)], [92, 2, (234101.79707441063, 582125.3675518178)], [98, 2, (235080.25205405895, 582006.7023897036)]]]
[3.6000000000000005, 89.61926198005676, 0.2523763016162541, 0.2571921481580379, 0, 0, [[109, 2, (233734.15812679892, 581241.6720703929)], [111, 2, (234557.8505954967, 581585.1904894632)], [145, 2, (234496.97909792938, 583905.3416356744)], [159, 2, (235406.44730945528, 583034.9258935207)], [16, 2, (238198.8404150485, 583531.138290462)], [183, 2, (236763.36091987896, 582843.6708587869)], [221, 2, (232827.90247666204, 582019.7724067986)], [246, 2, (233734.26137475233, 581238.6738476093)], [274, 2, (234495.50944963004, 583902.726270714)], [286, 2, (235518.44881735323, 582879.0074353205)], [291, 2, (235634.6330434814, 582414.0495115482)], [40, 2, (231708.8370217081, 582892.1085155534)], [70, 2, (233298.2331941409, 581691.3840471677)], [7, 2, (236582.47394949658, 582760.7841040397)], [82, 2, (234074.2867080758, 582968.4699835483)], [91, 2, (233632.3160047483, 582305.8619288091)], [92, 2, (234101.79707441063, 582125.3675518178)], [98, 2, (235080.25205405895, 582006.7023897036)]]]
[3.8000000000000003, 269.0019619464874, 0.2612692678005503, 0.26607316606415593, 0, 0, [[109, 2, (233734.15812679892, 581241.6720703929)], [111, 2, (234557.8505954967, 581585.1904894632)], [145, 2, (234496.97909792938, 583905.3416356744)], [159, 2, (235406.44730945528, 583034.9258935207)], [16, 2, (238198.8404150485, 583531.138290462)], [183, 2, (236763.36091987896, 582843.6708587869)], [202, 2, (231706.21074463628, 582890.6584573677)], [221, 2, (232827.90247666204, 582019.7724067986)], [246, 2, (233734.26137475233, 581238.6738476093)], [274, 2, (234495.50944963004, 583902.726270714)], [286, 2, (235518.44881735323, 582879.0074353205)], [291, 2, (235634.6330434814, 582414.0495115482)], [40, 2, (231708.8370217081, 582892.1085155534)], [70, 2, (233298.2331941409, 581691.3840471677)], [7, 2, (236582.47394949658, 582760.7841040397)], [82, 2, (234074.2867080758, 582968.4699835483)], [91, 2, (233632.3160047483, 582305.8619288091)], [92, 2, (234101.79707441063, 582125.3675518178)], [98, 2, (235080.25205405895, 582006.7023897036)]]]
[4.0, 444.12841510772705, 0.2700344891919956, 0.2748751068723458, 0, 0, [[109, 2, (233734.15812679892, 581241.6720703929)], [111, 2, (234557.8505954967, 581585.1904894632)], [145, 2, (234496.97909792938, 583905.3416356744)], [159, 2, (235406.44730945528, 583034.9258935207)], [16, 2, (238198.8404150485, 583531.138290462)], [183, 2, (236763.36091987896, 582843.6708587869)], [202, 2, (231706.21074463628, 582890.6584573677)], [221, 2, (232827.90247666204, 582019.7724067986)], [238, 2, (235397.5944795551, 582170.3633291331)], [246, 2, (233734.26137475233, 581238.6738476093)], [274, 2, (234495.50944963004, 583902.726270714)], [286, 2, (235518.44881735323, 582879.0074353205)], [291, 2, (235634.6330434814, 582414.0495115482)], [40, 2, (231708.8370217081, 582892.1085155534)], [70, 2, (233298.2331941409, 581691.3840471677)], [8, 2, (236762.07022344676, 582846.3790136421)], [82, 2, (234074.2867080758, 582968.4699835483)], [91, 2, (233632.3160047483, 582305.8619288091)], [92, 2, (234101.79707441063, 582125.3675518178)], [98, 2, (235080.25205405895, 582006.7023897036)]]]
