['budget', 'runtime', 'objective_value', 'flow_caught_optimal', 'flow_caught_fixed_solution', 'flow_impact_area', ['solution']]
[0.2, 28.288097381591797, 0.041677298530689036, 0.050622043487171066, 0.05062204352564482, 0, [[28, 2, (238109.0422780733, 583488.3408356609)]]]
[0.4, 27.27816414833069, 0.07845563026030787, 0.0873419094893021, 0.08734190982957762, 0, [[164, 2, (233467.21893577688, 582217.3355930748)], [28, 2, (238109.0422780733, 583488.3408356609)]]]
[0.6000000000000001, 28.17529058456421, 0.09722967166970381, 0.10534678139271263, 0.10534677854736078, 0, [[13, 2, (236762.07022344664, 582846.3790136424)], [164, 2, (233467.21893577688, 582217.3355930748)], [28, 2, (238109.0422780733, 583488.3408356609)]]]
[0.8, 29.089967012405396, 0.11280077474017677, 0.12080068438928382, 0.117671629152742, 0, [[13, 2, (236762.07022344664, 582846.3790136424)], [164, 2, (233467.21893577688, 582217.3355930748)], [267, 2, (234381.1261063178, 583970.4427418958)], [28, 2, (238109.0422780733, 583488.3408356609)]]]
[1.0, 32.056037187576294, 0.12525992506923214, 0.1331887033035615, 0.13005437852538254, 0, [[13, 2, (236762.07022344664, 582846.3790136424)], [164, 2, (233467.21893577688, 582217.3355930748)], [267, 2, (234381.1261063178, 583970.4427418958)], [28, 2, (238109.0422780733, 583488.3408356609)], [382, 2, (231706.21074463625, 582890.6584573677)]]]
[1.2, 31.324880123138428, 0.1376565134342625, 0.14557459421715582, 0.14247505455753412, 0, [[13, 2, (236762.07022344664, 582846.3790136424)], [164, 2, (233467.21893577688, 582217.3355930748)], [200, 2, (233693.9189378676, 581240.2863781998)], [267, 2, (234381.1261063178, 583970.4427418958)], [28, 2, (238109.0422780733, 583488.3408356609)], [382, 2, (231706.21074463625, 582890.6584573677)]]]
[1.4000000000000001, 34.96163010597229, 0.15004804113407955, 0.15789630188888298, 0.15430434856209635, 0, [[13, 2, (236762.07022344664, 582846.3790136424)], [164, 2, (233467.21893577688, 582217.3355930748)], [182, 2, (235122.3780536604, 582028.8778023054)], [200, 2, (233693.9189378676, 581240.2863781998)], [267, 2, (234381.1261063178, 583970.4427418958)], [28, 2, (238109.0422780733, 583488.3408356609)], [382, 2, (231706.21074463625, 582890.6584573677)]]]
[1.6, 40.91577196121216, 0.16240665489133252, 0.1701434124421631, 0.16508926123570938, 0, [[13, 2, (236762.07022344664, 582846.3790136424)], [164, 2, (233467.21893577688, 582217.3355930748)], [182, 2, (235122.3780536604, 582028.8778023054)], [200, 2, (233693.9189378676, 581240.2863781998)], [267, 2, (234381.1261063178, 583970.4427418958)], [28, 2, (238109.0422780733, 583488.3408356609)], [295, 2, (235349.24211642522, 583111.991072007)], [382, 2, (231706.21074463625, 582890.6584573677)]]]
[1.8, 50.370453119277954, 0.1743784721139846, 0.1817290846676051, 0.17410724638071373, 0, [[13, 2, (236762.07022344664, 582846.3790136424)], [164, 2, (233467.21893577688, 582217.3355930748)], [182, 2, (235122.3780536604, 582028.8778023054)], [200, 2, (233693.9189378676, 581240.2863781998)], [267, 2, (234381.1261063178, 583970.4427418958)], [28, 2, (238109.0422780733, 583488.3408356609)], [295, 2, (235349.24211642522, 583111.991072007)], [382, 2, (231706.21074463625, 582890.6584573677)], [423, 2, (233240.02703484177, 581906.103763004)]]]
[2.0, 73.09038162231445, 0.18528537218350788, 0.19257717486963777, 0.180901093597451, 0, [[13, 2, (236762.07022344664, 582846.3790136424)], [164, 2, (233467.21893577688, 582217.3355930748)], [182, 2, (235122.3780536604, 582028.8778023054)], [200, 2, (233693.9189378676, 581240.2863781998)], [267, 2, (234381.1261063178, 583970.4427418958)], [28, 2, (238109.0422780733, 583488.3408356609)], [295, 2, (235349.24211642522, 583111.991072007)], [382, 2, (231706.21074463625, 582890.6584573677)], [387, 2, (231493.74187365314, 583367.4901278118)], [423, 2, (233240.02703484177, 581906.103763004)]]]
