['budget', 'runtime', 'objective_value', 'flow_caught_optimal', 'flow_caught_fixed_solution', 'flow_impact_area', ['solution']]
[0.2, 4.79607367515564, 0.019624222294499172, 0.019792861800186502, 0.019792866381237777, 0, [[70, 2, (84511.71855341281, 448279.6820707427)]]]
[0.4, 4.82204532623291, 0.03686553691715147, 0.03704800824416386, 0.03704801090968694, 0, [[226, 2, (84560.50398411034, 446806.73360668455)], [70, 2, (84511.71855341281, 448279.6820707427)]]]
[0.6000000000000001, 4.952928304672241, 0.04898880456007653, 0.04918109834814664, 0.04918109834822741, 0, [[114, 2, (84321.7806164654, 448354.19495508034)], [226, 2, (84560.50398411034, 446806.73360668455)], [70, 2, (84511.71855341281, 448279.6820707427)]]]
[0.8, 5.0278589725494385, 0.05994101761479957, 0.06015227596172622, 0.06015227596180822, 0, [[114, 2, (84321.7806164654, 448354.19495508034)], [163, 2, (85103.85770371312, 447346.7084731901)], [226, 2, (84560.50398411034, 446806.73360668455)], [70, 2, (84511.71855341281, 448279.6820707427)]]]
[1.0, 5.31869912147522, 0.07025351865624019, 0.07048307186195565, 0.07048285405119595, 0, [[114, 2, (84321.7806164654, 448354.19495508034)], [163, 2, (85103.85770371312, 447346.7084731901)], [226, 2, (84560.50398411034, 446806.73360668455)], [26, 2, (84057.45199692005, 447189.4312589713)], [70, 2, (84511.71855341281, 448279.6820707427)]]]
[1.2, 5.241607427597046, 0.07882364953661218, 0.07907088530982653, 0.07907088530993958, 0, [[114, 2, (84321.7806164654, 448354.19495508034)], [163, 2, (85103.85770371312, 447346.7084731901)], [226, 2, (84560.50398411034, 446806.73360668455)], [26, 2, (84057.45199692005, 447189.4312589713)], [62, 2, (84734.4069749831, 446364.3296949315)], [70, 2, (84511.71855341281, 448279.6820707427)]]]
[1.4000000000000001, 5.410293817520142, 0.08638661560739912, 0.08664924593299367, 0.08623469524617883, 0, [[114, 2, (84321.7806164654, 448354.19495508034)], [163, 2, (85103.85770371312, 447346.7084731901)], [226, 2, (84560.50398411034, 446806.73360668455)], [26, 2, (84057.45199692005, 447189.4312589713)], [262, 2, (83752.93210630848, 448501.4754733475)], [62, 2, (84734.4069749831, 446364.3296949315)], [70, 2, (84511.71855341281, 448279.6820707427)]]]
[1.6, 5.815983295440674, 0.09353090104681906, 0.09381305586810147, 0.09222858937703128, 0, [[114, 2, (84321.7806164654, 448354.19495508034)], [163, 2, (85103.85770371312, 447346.7084731901)], [226, 2, (84560.50398411034, 446806.73360668455)], [26, 2, (84057.45199692005, 447189.4312589713)], [262, 2, (83752.93210630848, 448501.4754733475)], [31, 2, (84318.82415941388, 446995.7004732543)], [62, 2, (84734.4069749831, 446364.3296949315)], [70, 2, (84511.71855341281, 448279.6820707427)]]]
[1.8, 6.758926153182983, 0.09940254711001073, 0.09970419874836507, 0.09802340536918965, 0, [[114, 2, (84321.7806164654, 448354.19495508034)], [163, 2, (85103.85770371312, 447346.7084731901)], [226, 2, (84560.50398411034, 446806.73360668455)], [26, 2, (84057.45199692005, 447189.4312589713)], [262, 2, (83752.93210630848, 448501.4754733475)], [270, 2, (84376.6436397008, 448183.32462977996)], [31, 2, (84318.82415941388, 446995.7004732543)], [62, 2, (84734.4069749831, 446364.3296949315)], [70, 2, (84511.71855341281, 448279.6820707427)]]]
[2.0, 8.540316343307495, 0.10517773244820566, 0.10549901473208503, 0.10380641017728366, 0, [[114, 2, (84321.7806164654, 448354.19495508034)], [163, 2, (85103.85770371312, 447346.7084731901)], [207, 2, (84230.3564312548, 447162.8424262521)], [226, 2, (84560.50398411034, 446806.73360668455)], [26, 2, (84057.45199692005, 447189.4312589713)], [262, 2, (83752.93210630848, 448501.4754733475)], [270, 2, (84376.6436397008, 448183.32462977996)], [31, 2, (84318.82415941388, 446995.7004732543)], [62, 2, (84734.4069749831, 446364.3296949315)], [70, 2, (84511.71855341281, 448279.6820707427)]]]
[2.2, 9.592389583587646, 0.11094275771904244, 0.11128201952134957, 0.1112820195214706, 0, [[114, 2, (84321.7806164654, 448354.19495508034)], [161, 2, (85014.62799713778, 447197.8441528263)], [163, 2, (85103.85770371312, 447346.7084731901)], [207, 2, (84230.3564312548, 447162.8424262521)], [226, 2, (84560.50398411034, 446806.73360668455)], [26, 2, (84057.45199692005, 447189.4312589713)], [262, 2, (83752.93210630848, 448501.4754733475)], [270, 2, (84376.6436397008, 448183.32462977996)], [31, 2, (84318.82415941388, 446995.7004732543)], [62, 2, (84734.4069749831, 446364.3296949315)], [70, 2, (84511.71855341281, 448279.6820707427)]]]
[2.4000000000000004, 8.564947128295898, 0.11650909280806843, 0.11686772729038777, 0.11652928696279588, 0, [[112, 2, (83980.35094895505, 448017.53443806164)], [114, 2, (84321.7806164654, 448354.19495508034)], [161, 2, (85014.62799713778, 447197.8441528263)], [163, 2, (85103.85770371312, 447346.7084731901)], [207, 2, (84230.3564312548, 447162.8424262521)], [226, 2, (84560.50398411034, 446806.73360668455)], [26, 2, (84057.45199692005, 447189.4312589713)], [262, 2, (83752.93210630848, 448501.4754733475)], [270, 2, (84376.6436397008, 448183.32462977996)], [31, 2, (84318.82415941388, 446995.7004732543)], [62, 2, (84734.4069749831, 446364.3296949315)], [70, 2, (84511.71855341281, 448279.6820707427)]]]
[2.6000000000000005, 48.380014181137085, 0.12173670909952318, 0.12211499472398336, 0.12161205660699237, 0, [[112, 2, (83980.35094895505, 448017.53443806164)], [114, 2, (84321.7806164654, 448354.19495508034)], [161, 2, (85014.62799713778, 447197.8441528263)], [163, 2, (85103.85770371312, 447346.7084731901)], [205, 2, (84316.15073994012, 446994.3392868904)], [207, 2, (84230.3564312548, 447162.8424262521)], [226, 2, (84560.50398411034, 446806.73360668455)], [26, 2, (84057.45199692005, 447189.4312589713)], [262, 2, (83752.93210630848, 448501.4754733475)], [270, 2, (84376.6436397008, 448183.32462977996)], [31, 2, (84318.82415941388, 446995.7004732543)], [62, 2, (84734.4069749831, 446364.3296949315)], [70, 2, (84511.71855341281, 448279.6820707427)]]]
[2.8000000000000003, 11.509486675262451, 0.1268290652504058, 0.12722696709404374, 0.1264885296967858, 0, [[112, 2, (83980.35094895505, 448017.53443806164)], [114, 2, (84321.7806164654, 448354.19495508034)], [161, 2, (85014.62799713778, 447197.8441528263)], [163, 2, (85103.85770371312, 447346.7084731901)], [205, 2, (84316.15073994012, 446994.3392868904)], [207, 2, (84230.3564312548, 447162.8424262521)], [226, 2, (84560.50398411034, 446806.73360668455)], [26, 2, (84057.45199692005, 447189.4312589713)], [262, 2, (83752.93210630848, 448501.4754733475)], [270, 2, (84376.6436397008, 448183.32462977996)], [31, 2, (84318.82415941388, 446995.7004732543)], [62, 2, (84734.4069749831, 446364.3296949315)], [70, 2, (84511.71855341281, 448279.6820707427)], [87, 2, (85030.63520852219, 447388.1870506309)]]]
[3.0000000000000004, 58.097864627838135, 0.1316873080967985, 0.13210490185408477, 0.13136288672637234, 0, [[104, 2, (84740.8489725257, 447494.64730339433)], [112, 2, (83980.35094895505, 448017.53443806164)], [114, 2, (84321.7806164654, 448354.19495508034)], [161, 2, (85014.62799713778, 447197.8441528263)], [163, 2, (85103.85770371312, 447346.7084731901)], [205, 2, (84316.15073994012, 446994.3392868904)], [207, 2, (84230.3564312548, 447162.8424262521)], [226, 2, (84560.50398411034, 446806.73360668455)], [26, 2, (84057.45199692005, 447189.4312589713)], [262, 2, (83752.93210630848, 448501.4754733475)], [270, 2, (84376.6436397008, 448183.32462977996)], [31, 2, (84318.82415941388, 446995.7004732543)], [62, 2, (84734.4069749831, 446364.3296949315)], [70, 2, (84511.71855341281, 448279.6820707427)], [87, 2, (85030.63520852219, 447388.1870506309)]]]
[3.2, 140.33851599693298, 0.13654193006528834, 0.1369792124947717, 0.13623271363599626, 0, [[104, 2, (84740.8489725257, 447494.64730339433)], [112, 2, (83980.35094895505, 448017.53443806164)], [114, 2, (84321.7806164654, 448354.19495508034)], [161, 2, (85014.62799713778, 447197.8441528263)], [163, 2, (85103.85770371312, 447346.7084731901)], [205, 2, (84316.15073994012, 446994.3392868904)], [207, 2, (84230.3564312548, 447162.8424262521)], [226, 2, (84560.50398411034, 446806.73360668455)], [242, 2, (84327.3224162179, 447843.85148106195)], [26, 2, (84057.45199692005, 447189.4312589713)], [262, 2, (83752.93210630848, 448501.4754733475)], [270, 2, (84376.6436397008, 448183.32462977996)], [31, 2, (84318.82415941388, 446995.7004732543)], [62, 2, (84734.4069749831, 446364.3296949315)], [70, 2, (84511.71855341281, 448279.6820707427)], [87, 2, (85030.63520852219, 447388.1870506309)]]]
[3.4000000000000004, 133.82601523399353, 0.14139369091075407, 0.14184974463330097, 0.14100423516850752, 0, [[104, 2, (84740.8489725257, 447494.64730339433)], [112, 2, (83980.35094895505, 448017.53443806164)], [114, 2, (84321.7806164654, 448354.19495508034)], [161, 2, (85014.62799713778, 447197.8441528263)], [163, 2, (85103.85770371312, 447346.7084731901)], [205, 2, (84316.15073994012, 446994.3392868904)], [207, 2, (84230.3564312548, 447162.8424262521)], [226, 2, (84560.50398411034, 446806.73360668455)], [242, 2, (84327.3224162179, 447843.85148106195)], [26, 2, (84057.45199692005, 447189.4312589713)], [262, 2, (83752.93210630848, 448501.4754733475)], [270, 2, (84376.6436397008, 448183.32462977996)], [31, 2, (84318.82415941388, 446995.7004732543)], [62, 2, (84734.4069749831, 446364.3296949315)], [65, 2, (84935.46094662073, 446105.53507511714)], [70, 2, (84511.71855341281, 448279.6820707427)], [87, 2, (85030.63520852219, 447388.1870506309)]]]
[3.6000000000000005, 165.2996473312378, 0.1461843103713197, 0.146659328586212, 0.1456456432535222, 0, [[104, 2, (84740.8489725257, 447494.64730339433)], [112, 2, (83980.35094895505, 448017.53443806164)], [114, 2, (84321.7806164654, 448354.19495508034)], [161, 2, (85014.62799713778, 447197.8441528263)], [163, 2, (85103.85770371312, 447346.7084731901)], [205, 2, (84316.15073994012, 446994.3392868904)], [207, 2, (84230.3564312548, 447162.8424262521)], [226, 2, (84560.50398411034, 446806.73360668455)], [242, 2, (84327.3224162179, 447843.85148106195)], [26, 2, (84057.45199692005, 447189.4312589713)], [262, 2, (83752.93210630848, 448501.4754733475)], [270, 2, (84376.6436397008, 448183.32462977996)], [31, 2, (84318.82415941388, 446995.7004732543)], [62, 2, (84734.4069749831, 446364.3296949315)], [65, 2, (84935.46094662073, 446105.53507511714)], [70, 2, (84511.71855341281, 448279.6820707427)], [87, 2, (85030.63520852219, 447388.1870506309)], [99, 2, (84512.49811524196, 446822.22776476404)]]]
[3.8000000000000003, 260.58324003219604, 0.15080643117668976, 0.1513011539226331, 0.15123130448239214, 0, [[104, 2, (84740.8489725257, 447494.64730339433)], [112, 2, (83980.35094895505, 448017.53443806164)], [114, 2, (84321.7806164654, 448354.19495508034)], [161, 2, (85014.62799713778, 447197.8441528263)], [163, 2, (85103.85770371312, 447346.7084731901)], [205, 2, (84316.15073994012, 446994.3392868904)], [207, 2, (84230.3564312548, 447162.8424262521)], [226, 2, (84560.50398411034, 446806.73360668455)], [242, 2, (84327.3224162179, 447843.85148106195)], [26, 2, (84057.45199692005, 447189.4312589713)], [262, 2, (83752.93210630848, 448501.4754733475)], [270, 2, (84376.6436397008, 448183.32462977996)], [279, 2, (84668.5749869018, 447597.5261040959)], [31, 2, (84318.82415941388, 446995.7004732543)], [62, 2, (84734.4069749831, 446364.3296949315)], [65, 2, (84935.46094662073, 446105.53507511714)], [70, 2, (84511.71855341281, 448279.6820707427)], [87, 2, (85030.63520852219, 447388.1870506309)], [99, 2, (84512.49811524196, 446822.22776476404)]]]
[4.0, 599.9326124191284, 0.15540222855483318, 0.15591481445078023, 0.15571644788245068, 0, [[104, 2, (84740.8489725257, 447494.64730339433)], [112, 2, (83980.35094895505, 448017.53443806164)], [114, 2, (84321.7806164654, 448354.19495508034)], [161, 2, (85014.62799713778, 447197.8441528263)], [163, 2, (85103.85770371312, 447346.7084731901)], [205, 2, (84316.15073994012, 446994.3392868904)], [207, 2, (84230.3564312548, 447162.8424262521)], [226, 2, (84560.50398411034, 446806.73360668455)], [242, 2, (84327.3224162179, 447843.85148106195)], [26, 2, (84057.45199692005, 447189.4312589713)], [262, 2, (83752.93210630848, 448501.4754733475)], [265, 2, (83650.41718289697, 448834.68904687284)], [270, 2, (84376.6436397008, 448183.32462977996)], [279, 2, (84668.5749869018, 447597.5261040959)], [31, 2, (84318.82415941388, 446995.7004732543)], [62, 2, (84734.4069749831, 446364.3296949315)], [65, 2, (84935.46094662073, 446105.53507511714)], [70, 2, (84511.71855341281, 448279.6820707427)], [87, 2, (85030.63520852219, 447388.1870506309)], [99, 2, (84512.49811524196, 446822.22776476404)]]]
