['budget', 'runtime', 'objective_value', 'flow_caught_optimal', 'flow_caught_fixed_solution', 'flow_impact_area', ['solution']]
[0.2, 179.62776708602905, 0.031593933466356666, 0.031755439300652825, 0.031755439309123334, 16.26498675896916, [[324, 2, (84282.06684891407, 448394.8680768305)]]]
[0.4, 208.30758333206177, 0.058667225472136895, 0.058845868627547315, 0.056540809002923825, 15.935944254096714, [[324, 2, (84282.06684891407, 448394.8680768305)], [487, 2, (85112.94617719861, 447412.82877855666)]]]
[0.6000000000000001, 185.46570658683777, 0.07919470501100091, 0.07937443736813757, 0.07812622449167149, 13.762296184712508, [[324, 2, (84282.06684891407, 448394.8680768305)], [487, 2, (85112.94617719861, 447412.82877855666)], [716, 2, (84564.4431414947, 446780.2869956071)]]]
[0.8, 187.0144340991974, 0.09220323466170996, 0.09239951315073314, 0.08422319812367147, 13.36530111087101, [[324, 2, (84282.06684891407, 448394.8680768305)], [414, 2, (85141.17516866863, 447427.9920012702)], [483, 2, (85098.40461962183, 447307.0362899701)], [716, 2, (84564.4431414947, 446780.2869956071)]]]
[1.0, 205.09448766708374, 0.10498646081655132, 0.10520225803232983, 0.0944360177574812, 13.309982522837135, [[197, 2, (84464.52079721719, 448248.01108346734)], [324, 2, (84282.06684891407, 448394.8680768305)], [414, 2, (85141.17516866863, 447427.9920012702)], [483, 2, (85098.40461962183, 447307.0362899701)], [716, 2, (84564.4431414947, 446780.2869956071)]]]
[1.2, 193.10460495948792, 0.11518004619639176, 0.11541513506618109, 0.09985228524817383, 13.228563702246921, [[197, 2, (84464.52079721719, 448248.01108346734)], [324, 2, (84282.06684891407, 448394.8680768305)], [414, 2, (85141.17516866863, 447427.9920012702)], [483, 2, (85098.40461962183, 447307.0362899701)], [716, 2, (84564.4431414947, 446780.2869956071)], [75, 2, (84081.68229432433, 447206.3665374586)]]]
[1.4000000000000001, 261.0399625301361, 0.12287696253138795, 0.12312954365186224, 0.10719965216972706, 12.940317570175475, [[197, 2, (84464.52079721719, 448248.01108346734)], [324, 2, (84282.06684891407, 448394.8680768305)], [414, 2, (85141.17516866863, 447427.9920012702)], [483, 2, (85098.40461962183, 447307.0362899701)], [716, 2, (84564.4431414947, 446780.2869956071)], [75, 2, (84081.68229432433, 447206.3665374586)], [877, 2, (83641.43937204473, 448870.12416623736)]]]
[1.6, 484.6726083755493, 0.1298676855469771, 0.13013466990392503, 0.11484126994547961, 12.29701346116889, [[179, 2, (84755.5085222219, 446313.86523350445)], [197, 2, (84464.52079721719, 448248.01108346734)], [324, 2, (84282.06684891407, 448394.8680768305)], [414, 2, (85141.17516866863, 447427.9920012702)], [483, 2, (85098.40461962183, 447307.0362899701)], [716, 2, (84564.4431414947, 446780.2869956071)], [75, 2, (84081.68229432433, 447206.3665374586)], [877, 2, (83641.43937204473, 448870.12416623736)]]]
[1.8, 1217.7578439712524, 0.13651770617045428, 0.1368004216723374, 0.11674801242159169, 11.806342023872642, [[179, 2, (84755.5085222219, 446313.86523350445)], [197, 2, (84464.52079721719, 448248.01108346734)], [324, 2, (84282.06684891407, 448394.8680768305)], [414, 2, (85141.17516866863, 447427.9920012702)], [469, 2, (84811.72119429288, 447048.5376543967)], [483, 2, (85098.40461962183, 447307.0362899701)], [716, 2, (84564.4431414947, 446780.2869956071)], [75, 2, (84081.68229432433, 447206.3665374586)], [877, 2, (83641.43937204473, 448870.12416623736)]]]
