[[84321.7806164654, 448354.19495508034]]
[[84321.7806164654, 448354.19495508034], [84560.50398411034, 446806.73360668455]]
[[84321.7806164654, 448354.19495508034], [85099.61641608654, 447315.85233068565], [84560.50398411034, 446806.73360668455]]
[[84511.71855341281, 448279.6820707427], [84321.7806164654, 448354.19495508034], [85099.61641608654, 447315.85233068565], [84560.50398411034, 446806.73360668455]]
[[84511.71855341281, 448279.6820707427], [84321.7806164654, 448354.19495508034], [85099.61641608654, 447315.85233068565], [84560.50398411034, 446806.73360668455], [84057.45199692005, 447189.4312589713]]
[[84511.71855341281, 448279.6820707427], [84321.7806164654, 448354.19495508034], [85099.61641608654, 447315.85233068565], [84699.02771864466, 446441.1628906047], [84560.50398411034, 446806.73360668455], [84057.45199692005, 447189.4312589713]]
[[84511.71855341281, 448279.6820707427], [84321.7806164654, 448354.19495508034], [84823.3633878987, 447057.1044207001], [85099.61641608654, 447315.85233068565], [84699.02771864466, 446441.1628906047], [84560.50398411034, 446806.73360668455], [84057.45199692005, 447189.4312589713]]
[[84511.71855341281, 448279.6820707427], [84321.7806164654, 448354.19495508034], [84823.3633878987, 447057.1044207001], [85099.61641608654, 447315.85233068565], [84699.02771864466, 446441.1628906047], [84560.50398411034, 446806.73360668455], [84057.45199692005, 447189.4312589713], [83645.7487212538, 448853.1153089424]]
[[84511.71855341281, 448279.6820707427], [84321.7806164654, 448354.19495508034], [84823.3633878987, 447057.1044207001], [85099.61641608654, 447315.85233068565], [84699.02771864466, 446441.1628906047], [84560.50398411034, 446806.73360668455], [84057.45199692005, 447189.4312589713], [83645.7487212538, 448853.1153089424], [84376.6436397008, 448183.32462977996]]
[[84511.71855341281, 448279.6820707427], [84321.7806164654, 448354.19495508034], [84823.3633878987, 447057.1044207001], [85099.61641608654, 447315.85233068565], [85108.09899133966, 447377.56461569446], [84699.02771864466, 446441.1628906047], [84560.50398411034, 446806.73360668455], [84057.45199692005, 447189.4312589713], [83645.7487212538, 448853.1153089424], [84376.6436397008, 448183.32462977996]]
