['budget', 'runtime', 'objective_value', 'flow_caught_optimal', 'flow_caught_fixed_solution', 'flow_impact_area', ['solution']]
[0.2, 5.905057191848755, 0.01953384451711081, 0.01969250745642257, 0.01938521738944522, 5.3043189249492935, [[76, 2, (84511.71855341281, 448279.6820707427)]]]
[0.4, 5.7530694007873535, 0.035118466827975287, 0.035292169094853755, 0.034986218102278824, 5.114556694321853, [[246, 2, (84560.50398411034, 446806.73360668455)], [76, 2, (84511.71855341281, 448279.6820707427)]]]
[0.6000000000000001, 5.687067031860352, 0.04880651230133046, 0.0489890867217934, 0.04779422403014179, 4.688879533372019, [[121, 2, (84321.7806164654, 448354.19495508034)], [246, 2, (84560.50398411034, 446806.73360668455)], [76, 2, (84511.71855341281, 448279.6820707427)]]]
[0.8, 5.861058473587036, 0.061596704958034536, 0.06179708871945216, 0.061797088719452165, 4.605079533965298, [[121, 2, (84321.7806164654, 448354.19495508034)], [176, 2, (85099.61641608654, 447315.85233068565)], [246, 2, (84560.50398411034, 446806.73360668455)], [76, 2, (84511.71855341281, 448279.6820707427)]]]
[1.0, 5.955179691314697, 0.07090384912563769, 0.07112284154239339, 0.07112284154239845, 4.551855969982757, [[121, 2, (84321.7806164654, 448354.19495508034)], [176, 2, (85099.61641608654, 447315.85233068565)], [246, 2, (84560.50398411034, 446806.73360668455)], [29, 2, (84057.45199692005, 447189.4312589713)], [76, 2, (84511.71855341281, 448279.6820707427)]]]
[1.2, 6.153057813644409, 0.07874876263092764, 0.07898581494835052, 0.07711543814867294, 4.477640713489899, [[121, 2, (84321.7806164654, 448354.19495508034)], [176, 2, (85099.61641608654, 447315.85233068565)], [246, 2, (84560.50398411034, 446806.73360668455)], [29, 2, (84057.45199692005, 447189.4312589713)], [67, 2, (84734.4069749831, 446364.3296949315)], [76, 2, (84511.71855341281, 448279.6820707427)]]]
[1.4000000000000001, 6.513988018035889, 0.08558486735325313, 0.08584152071871555, 0.08288670110167196, 4.462379473215532, [[121, 2, (84321.7806164654, 448354.19495508034)], [176, 2, (85099.61641608654, 447315.85233068565)], [225, 2, (84258.9545341499, 447106.6747131315)], [246, 2, (84560.50398411034, 446806.73360668455)], [29, 2, (84057.45199692005, 447189.4312589713)], [67, 2, (84734.4069749831, 446364.3296949315)], [76, 2, (84511.71855341281, 448279.6820707427)]]]
[1.6, 7.109986782073975, 0.09175452598127859, 0.09202417606643436, 0.08848037336812359, 4.194480693260795, [[121, 2, (84321.7806164654, 448354.19495508034)], [176, 2, (85099.61641608654, 447315.85233068565)], [225, 2, (84258.9545341499, 447106.6747131315)], [246, 2, (84560.50398411034, 446806.73360668455)], [285, 2, (83852.08111557811, 448436.88454967615)], [29, 2, (84057.45199692005, 447189.4312589713)], [67, 2, (84734.4069749831, 446364.3296949315)], [76, 2, (84511.71855341281, 448279.6820707427)]]]
[1.8, 7.8369855880737305, 0.09775048441254416, 0.09803977108529166, 0.09428269710013984, 4.180578959137928, [[121, 2, (84321.7806164654, 448354.19495508034)], [176, 2, (85099.61641608654, 447315.85233068565)], [225, 2, (84258.9545341499, 447106.6747131315)], [246, 2, (84560.50398411034, 446806.73360668455)], [285, 2, (83852.08111557811, 448436.88454967615)], [29, 2, (84057.45199692005, 447189.4312589713)], [35, 2, (84333.12321086143, 446967.616616694)], [67, 2, (84734.4069749831, 446364.3296949315)], [76, 2, (84511.71855341281, 448279.6820707427)]]]
[2.0, 9.227982759475708, 0.10351572245956099, 0.10382325253134335, 0.09843194166182556, 4.113383125922818, [[121, 2, (84321.7806164654, 448354.19495508034)], [171, 2, (84823.3633878987, 447057.1044207001)], [176, 2, (85099.61641608654, 447315.85233068565)], [225, 2, (84258.9545341499, 447106.6747131315)], [246, 2, (84560.50398411034, 446806.73360668455)], [285, 2, (83852.08111557811, 448436.88454967615)], [29, 2, (84057.45199692005, 447189.4312589713)], [35, 2, (84333.12321086143, 446967.616616694)], [67, 2, (84734.4069749831, 446364.3296949315)], [76, 2, (84511.71855341281, 448279.6820707427)]]]
