[[84306.88795363365, 448369.44737573666]]
[[84306.88795363365, 448369.44737573666], [84560.50398411034, 446806.73360668455]]
[[84306.88795363365, 448369.44737573666], [85099.61641608654, 447315.85233068565], [84560.50398411034, 446806.73360668455]]
[[84501.60474851374, 448272.89543061226], [84306.88795363365, 448369.44737573666], [85099.61641608654, 447315.85233068565], [84560.50398411034, 446806.73360668455]]
[[84501.60474851374, 448272.89543061226], [84306.88795363365, 448369.44737573666], [85099.61641608654, 447315.85233068565], [84560.50398411034, 446806.73360668455], [84071.99017536262, 447199.59242606367]]
[[84501.60474851374, 448272.89543061226], [84306.88795363365, 448369.44737573666], [85099.61641608654, 447315.85233068565], [84708.3452849579, 446418.87988166284], [84560.50398411034, 446806.73360668455], [84071.99017536262, 447199.59242606367]]
[[84501.60474851374, 448272.89543061226], [84306.88795363365, 448369.44737573666], [84853.11566044703, 447078.99726791965], [85099.61641608654, 447315.85233068565], [84708.3452849579, 446418.87988166284], [84560.50398411034, 446806.73360668455], [84071.99017536262, 447199.59242606367]]
[[84501.60474851374, 448272.89543061226], [84306.88795363365, 448369.44737573666], [84853.11566044703, 447078.99726791965], [85099.61641608654, 447315.85233068565], [84708.3452849579, 446418.87988166284], [84560.50398411034, 446806.73360668455], [84071.99017536262, 447199.59242606367], [83645.7487212538, 448853.1153089424]]
[[84501.60474851374, 448272.89543061226], [84306.88795363365, 448369.44737573666], [84853.11566044703, 447078.99726791965], [85099.61641608654, 447315.85233068565], [84708.3452849579, 446418.87988166284], [84560.50398411034, 446806.73360668455], [84071.99017536262, 447199.59242606367], [83645.7487212538, 448853.1153089424], [84389.84434163553, 448192.60396211274]]
[[84501.60474851374, 448272.89543061226], [84306.88795363365, 448369.44737573666], [84853.11566044703, 447078.99726791965], [85099.61641608654, 447315.85233068565], [85108.09899133966, 447377.56461569446], [84708.3452849579, 446418.87988166284], [84560.50398411034, 446806.73360668455], [84071.99017536262, 447199.59242606367], [83645.7487212538, 448853.1153089424], [84389.84434163553, 448192.60396211274]]
