['budget', 'runtime', 'objective_value', 'flow_caught_optimal', 'flow_caught_fixed_solution', 'flow_impact_area', ['solution']]
[0.2, 8.834053993225098, 0.022796899883521616, 0.022933631865637485, 0.02293363341430924, 5.253224425298876, [[133, 2, (84306.88795363365, 448369.44737573666)]]]
[0.4, 9.230372905731201, 0.03780392014436733, 0.037958295076619644, 0.03682786646112964, 5.147151422077934, [[133, 2, (84306.88795363365, 448369.44737573666)], [196, 2, (85099.61641608654, 447315.85233068565)]]]
[0.6000000000000001, 8.761053323745728, 0.05085205038733378, 0.05102223188281291, 0.051022231882812456, 4.958436520785736, [[133, 2, (84306.88795363365, 448369.44737573666)], [196, 2, (85099.61641608654, 447315.85233068565)], [277, 2, (84560.50398411034, 446806.73360668455)]]]
[0.8, 8.576310396194458, 0.0636971897220076, 0.06388651315724724, 0.06388651315724728, 4.919821713366327, [[133, 2, (84306.88795363365, 448369.44737573666)], [196, 2, (85099.61641608654, 447315.85233068565)], [277, 2, (84560.50398411034, 446806.73360668455)], [81, 2, (84501.60474851374, 448272.89543061226)]]]
[1.0, 9.222050905227661, 0.0741322223994023, 0.07434010905964117, 0.07434010905964118, 4.855163327628359, [[133, 2, (84306.88795363365, 448369.44737573666)], [196, 2, (85099.61641608654, 447315.85233068565)], [277, 2, (84560.50398411034, 446806.73360668455)], [31, 2, (84071.99017536262, 447199.59242606367)], [81, 2, (84501.60474851374, 448272.89543061226)]]]
[1.2, 9.425053834915161, 0.0813291251055374, 0.08155523089452948, 0.0806315681636015, 4.7750197700289885, [[133, 2, (84306.88795363365, 448369.44737573666)], [196, 2, (85099.61641608654, 447315.85233068565)], [277, 2, (84560.50398411034, 446806.73360668455)], [31, 2, (84071.99017536262, 447199.59242606367)], [71, 2, (84711.1130592, 446420.03721728607)], [81, 2, (84501.60474851374, 448272.89543061226)]]]
[1.4000000000000001, 9.499983072280884, 0.08713807076557109, 0.08738388805126426, 0.08539914433822686, 4.762036416637256, [[133, 2, (84306.88795363365, 448369.44737573666)], [196, 2, (85099.61641608654, 447315.85233068565)], [253, 2, (84258.9545341499, 447106.6747131315)], [277, 2, (84560.50398411034, 446806.73360668455)], [31, 2, (84071.99017536262, 447199.59242606367)], [71, 2, (84711.1130592, 446420.03721728607)], [81, 2, (84501.60474851374, 448272.89543061226)]]]
[1.6, 12.997047901153564, 0.09264421079646502, 0.0929076417211639, 0.09092289808516224, 4.654644340912665, [[133, 2, (84306.88795363365, 448369.44737573666)], [196, 2, (85099.61641608654, 447315.85233068565)], [253, 2, (84258.9545341499, 447106.6747131315)], [277, 2, (84560.50398411034, 446806.73360668455)], [31, 2, (84071.99017536262, 447199.59242606367)], [329, 2, (83645.7487212538, 448853.1153089424)], [71, 2, (84711.1130592, 446420.03721728607)], [81, 2, (84501.60474851374, 448272.89543061226)]]]
[1.8, 23.41502857208252, 0.09797418776636056, 0.09825734974713587, 0.09627229029347725, 4.642541207199982, [[133, 2, (84306.88795363365, 448369.44737573666)], [196, 2, (85099.61641608654, 447315.85233068565)], [253, 2, (84258.9545341499, 447106.6747131315)], [277, 2, (84560.50398411034, 446806.73360668455)], [31, 2, (84071.99017536262, 447199.59242606367)], [329, 2, (83645.7487212538, 448853.1153089424)], [334, 2, (84389.84434163553, 448192.60396211274)], [71, 2, (84711.1130592, 446420.03721728607)], [81, 2, (84501.60474851374, 448272.89543061226)]]]
[2.0, 31.78494095802307, 0.1031248377873666, 0.10342546279313065, 0.1003634380153896, 4.528371132686766, [[133, 2, (84306.88795363365, 448369.44737573666)], [190, 2, (84793.61111535043, 447035.2115734804)], [196, 2, (85099.61641608654, 447315.85233068565)], [253, 2, (84258.9545341499, 447106.6747131315)], [277, 2, (84560.50398411034, 446806.73360668455)], [31, 2, (84071.99017536262, 447199.59242606367)], [329, 2, (83645.7487212538, 448853.1153089424)], [334, 2, (84389.84434163553, 448192.60396211274)], [71, 2, (84711.1130592, 446420.03721728607)], [81, 2, (84501.60474851374, 448272.89543061226)]]]
