[[84297.9523559346, 448378.59882813046]]
[[84297.9523559346, 448378.59882813046], [84560.50398411034, 446806.73360668455]]
[[84297.9523559346, 448378.59882813046], [85097.49577227327, 447300.4242594334], [84560.50398411034, 446806.73360668455]]
[[84488.119675315, 448263.846577105], [84297.9523559346, 448378.59882813046], [85097.49577227327, 447300.4242594334], [84560.50398411034, 446806.73360668455]]
[[84488.119675315, 448263.846577105], [84297.9523559346, 448378.59882813046], [85097.49577227327, 447300.4242594334], [84560.50398411034, 446806.73360668455], [84081.68229432433, 447206.3665374586]]
[[84488.119675315, 448263.846577105], [84297.9523559346, 448378.59882813046], [85097.49577227327, 447300.4242594334], [84720.7687067089, 446389.1692030737], [84560.50398411034, 446806.73360668455], [84081.68229432433, 447206.3665374586]]
[[84488.119675315, 448263.846577105], [84297.9523559346, 448378.59882813046], [84823.36338789869, 447057.1044207001], [85097.49577227327, 447300.4242594334], [84720.7687067089, 446389.1692030737], [84560.50398411034, 446806.73360668455], [84081.68229432433, 447206.3665374586]]
[[84488.119675315, 448263.846577105], [84297.9523559346, 448378.59882813046], [84823.36338789869, 447057.1044207001], [85097.49577227327, 447300.4242594334], [84720.7687067089, 446389.1692030737], [84560.50398411034, 446806.73360668455], [84081.68229432433, 447206.3665374586], [83653.75179835637, 448821.5274311089]]
[[84488.119675315, 448263.846577105], [84297.9523559346, 448378.59882813046], [84823.36338789869, 447057.1044207001], [85097.49577227327, 447300.4242594334], [84720.7687067089, 446389.1692030737], [84560.50398411034, 446806.73360668455], [84081.68229432433, 447206.3665374586], [83653.75179835637, 448821.5274311089], [84398.64480959202, 448198.7901836679]]
[[84488.119675315, 448263.846577105], [84297.9523559346, 448378.59882813046], [84823.36338789869, 447057.1044207001], [85097.49577227327, 447300.4242594334], [85110.21963515294, 447392.9926869467], [84720.7687067089, 446389.1692030737], [84560.50398411034, 446806.73360668455], [84081.68229432433, 447206.3665374586], [83653.75179835637, 448821.5274311089], [84398.64480959202, 448198.7901836679]]
