[[84287.74024427854, 448389.05763086624]]
[[84287.74024427854, 448389.05763086624], [84563.13008903325, 446789.1025326329]]
[[84287.74024427854, 448389.05763086624], [85096.2233859853, 447291.1674166821], [84563.13008903325, 446789.1025326329]]
[[84473.59728879327, 448254.1016579434], [84287.74024427854, 448389.05763086624], [85096.2233859853, 447291.1674166821], [84563.13008903325, 446789.1025326329]]
[[84473.59728879327, 448254.1016579434], [84287.74024427854, 448389.05763086624], [85096.2233859853, 447291.1674166821], [84563.13008903325, 446789.1025326329], [84097.83582592719, 447217.6567231168]]
[[84473.59728879327, 448254.1016579434], [84287.74024427854, 448389.05763086624], [85096.2233859853, 447291.1674166821], [84704.0448697364, 446429.1643473283], [84563.13008903325, 446789.1025326329], [84097.83582592719, 447217.6567231168]]
[[84473.59728879327, 448254.1016579434], [84287.74024427854, 448389.05763086624], [84839.11459101255, 447068.694751581], [85096.2233859853, 447291.1674166821], [84704.0448697364, 446429.1643473283], [84563.13008903325, 446789.1025326329], [84097.83582592719, 447217.6567231168]]
[[84473.59728879327, 448254.1016579434], [84287.74024427854, 448389.05763086624], [84839.11459101255, 447068.694751581], [85096.2233859853, 447291.1674166821], [84704.0448697364, 446429.1643473283], [84563.13008903325, 446789.1025326329], [84097.83582592719, 447217.6567231168], [83645.7487212538, 448853.1153089424]]
[[84473.59728879327, 448254.1016579434], [84287.74024427854, 448389.05763086624], [84839.11459101255, 447068.694751581], [85096.2233859853, 447291.1674166821], [84704.0448697364, 446429.1643473283], [84563.13008903325, 446789.1025326329], [84097.83582592719, 447217.6567231168], [83645.7487212538, 448853.1153089424], [84413.31225618617, 448209.10055292654]]
[[84473.59728879327, 448254.1016579434], [84287.74024427854, 448389.05763086624], [84839.11459101255, 447068.694751581], [85096.2233859853, 447291.1674166821], [85111.49202144092, 447402.249529698], [84704.0448697364, 446429.1643473283], [84563.13008903325, 446789.1025326329], [84097.83582592719, 447217.6567231168], [83645.7487212538, 448853.1153089424], [84413.31225618617, 448209.10055292654]]
