['budget', 'runtime', 'objective_value', 'flow_caught_optimal', 'flow_caught_fixed_solution', ['solution']]
[0.2, 1.7760915756225586, 0.03411129715830542, 0.034251731929043766, 0.034251731929043766, [[24, 2, (84297.37558224256, 447037.8262580947)]]]
[0.4, 1.8752491474151611, 0.061850060860283794, 0.06200780514536536, 0.06200780514536536, [[144, 2, (84294.7021627688, 447036.4650717308)], [24, 2, (84297.37558224256, 447037.8262580947)]]]
[0.6000000000000001, 2.0292162895202637, 0.07491203850510848, 0.07508819956941998, 0.07508819956941998, [[144, 2, (84294.7021627688, 447036.4650717308)], [24, 2, (84297.37558224256, 447037.8262580947)], [53, 2, (84547.11687055952, 448303.43531119917)]]]
[0.8, 1.8939507007598877, 0.08648580159226779, 0.08668087390087577, 0.08668087390087577, [[144, 2, (84294.7021627688, 447036.4650717308)], [145, 2, (84241.08071984047, 447141.77953383187)], [24, 2, (84297.37558224256, 447037.8262580947)], [53, 2, (84547.11687055952, 448303.43531119917)]]]
[1.0, 1.9398951530456543, 0.09803442120291056, 0.09824839963138579, 0.09824839963138579, [[102, 2, (84880.85876114457, 447505.5634201066)], [144, 2, (84294.7021627688, 447036.4650717308)], [145, 2, (84241.08071984047, 447141.77953383187)], [24, 2, (84297.37558224256, 447037.8262580947)], [53, 2, (84547.11687055952, 448303.43531119917)]]]
[1.2, 1.9011142253875732, 0.10659788579131191, 0.10683094651014681, 0.10683094651014681, [[102, 2, (84880.85876114457, 447505.5634201066)], [144, 2, (84294.7021627688, 447036.4650717308)], [145, 2, (84241.08071984047, 447141.77953383187)], [176, 2, (84354.64246980957, 448167.859075892)], [24, 2, (84297.37558224256, 447037.8262580947)], [53, 2, (84547.11687055952, 448303.43531119917)]]]
[1.4000000000000001, 1.9866020679473877, 0.11512424257241477, 0.11537650544894901, 0.11537650544894901, [[102, 2, (84880.85876114457, 447505.5634201066)], [144, 2, (84294.7021627688, 447036.4650717308)], [145, 2, (84241.08071984047, 447141.77953383187)], [167, 2, (84627.07699752695, 447409.1412611593)], [176, 2, (84354.64246980957, 448167.859075892)], [24, 2, (84297.37558224256, 447037.8262580947)], [53, 2, (84547.11687055952, 448303.43531119917)]]]
[1.6, 2.0060336589813232, 0.12314754420822768, 0.1234190598768184, 0.1234190598768184, [[102, 2, (84880.85876114457, 447505.5634201066)], [105, 2, (84716.50958487163, 447581.70587103994)], [144, 2, (84294.7021627688, 447036.4650717308)], [145, 2, (84241.08071984047, 447141.77953383187)], [167, 2, (84627.07699752695, 447409.1412611593)], [176, 2, (84354.64246980957, 448167.859075892)], [24, 2, (84297.37558224256, 447037.8262580947)], [53, 2, (84547.11687055952, 448303.43531119917)]]]
[1.8, 2.056438684463501, 0.13100693520437165, 0.13129771095143622, 0.1312977109514362, [[102, 2, (84880.85876114457, 447505.5634201066)], [105, 2, (84716.50958487163, 447581.70587103994)], [144, 2, (84294.7021627688, 447036.4650717308)], [145, 2, (84241.08071984047, 447141.77953383187)], [167, 2, (84627.07699752695, 447409.1412611593)], [176, 2, (84354.64246980957, 448167.859075892)], [23, 2, (84243.75413931423, 447143.1407201958)], [24, 2, (84297.37558224256, 447037.8262580947)], [53, 2, (84547.11687055952, 448303.43531119917)]]]
[2.0, 1.8993830680847168, 0.13830534522659396, 0.13861542890618947, 0.13861542890618947, [[102, 2, (84880.85876114457, 447505.5634201066)], [105, 2, (84716.50958487163, 447581.70587103994)], [144, 2, (84294.7021627688, 447036.4650717308)], [145, 2, (84241.08071984047, 447141.77953383187)], [167, 2, (84627.07699752695, 447409.1412611593)], [176, 2, (84354.64246980957, 448167.859075892)], [180, 2, (84879.41176500767, 447502.93545469973)], [23, 2, (84243.75413931423, 447143.1407201958)], [24, 2, (84297.37558224256, 447037.8262580947)], [53, 2, (84547.11687055952, 448303.43531119917)]]]
[2.2, 2.0262484550476074, 0.14543063956807678, 0.14575996405578737, 0.14575996405578737, [[102, 2, (84880.85876114457, 447505.5634201066)], [105, 2, (84716.50958487163, 447581.70587103994)], [144, 2, (84294.7021627688, 447036.4650717308)], [145, 2, (84241.08071984047, 447141.77953383187)], [164, 2, (84259.41022179423, 447933.149900143)], [167, 2, (84627.07699752695, 447409.1412611593)], [176, 2, (84354.64246980957, 448167.859075892)], [180, 2, (84879.41176500767, 447502.93545469973)], [23, 2, (84243.75413931423, 447143.1407201958)], [24, 2, (84297.37558224256, 447037.8262580947)], [53, 2, (84547.11687055952, 448303.43531119917)]]]
[2.4000000000000004, 2.020024299621582, 0.15213609056207905, 0.1524847872530214, 0.15248478725314207, [[102, 2, (84880.85876114457, 447505.5634201066)], [105, 2, (84716.50958487163, 447581.70587103994)], [144, 2, (84294.7021627688, 447036.4650717308)], [145, 2, (84241.08071984047, 447141.77953383187)], [164, 2, (84259.41022179423, 447933.149900143)], [167, 2, (84627.07699752695, 447409.1412611593)], [176, 2, (84354.64246980957, 448167.859075892)], [180, 2, (84879.41176500767, 447502.93545469973)], [23, 2, (84243.75413931423, 447143.1407201958)], [24, 2, (84297.37558224256, 447037.8262580947)], [53, 2, (84547.11687055952, 448303.43531119917)], [74, 2, (84625.3255622058, 447411.5769282786)]]]
[2.6000000000000005, 2.0089800357818604, 0.1584712507828827, 0.1588391228446658, 0.1588391228446658, [[102, 2, (84880.85876114457, 447505.5634201066)], [105, 2, (84716.50958487163, 447581.70587103994)], [116, 2, (85103.85770371312, 447346.7084731901)], [144, 2, (84294.7021627688, 447036.4650717308)], [145, 2, (84241.08071984047, 447141.77953383187)], [164, 2, (84259.41022179423, 447933.149900143)], [167, 2, (84627.07699752695, 447409.1412611593)], [176, 2, (84354.64246980957, 448167.859075892)], [180, 2, (84879.41176500767, 447502.93545469973)], [23, 2, (84243.75413931423, 447143.1407201958)], [24, 2, (84297.37558224256, 447037.8262580947)], [53, 2, (84547.11687055952, 448303.43531119917)], [74, 2, (84625.3255622058, 447411.5769282786)]]]
[2.8000000000000003, 1.9997167587280273, 0.16430925945944108, 0.1646965787789273, 0.1646965787789273, [[102, 2, (84880.85876114457, 447505.5634201066)], [105, 2, (84716.50958487163, 447581.70587103994)], [116, 2, (85103.85770371312, 447346.7084731901)], [144, 2, (84294.7021627688, 447036.4650717308)], [145, 2, (84241.08071984047, 447141.77953383187)], [164, 2, (84259.41022179423, 447933.149900143)], [167, 2, (84627.07699752695, 447409.1412611593)], [176, 2, (84354.64246980957, 448167.859075892)], [180, 2, (84879.41176500767, 447502.93545469973)], [182, 2, (84621.74826997881, 447616.134275384)], [23, 2, (84243.75413931423, 447143.1407201958)], [24, 2, (84297.37558224256, 447037.8262580947)], [53, 2, (84547.11687055952, 448303.43531119917)], [74, 2, (84625.3255622058, 447411.5769282786)]]]
[3.0000000000000004, 2.3299951553344727, 0.17002480012263607, 0.17043150621915246, 0.17043150621915246, [[102, 2, (84880.85876114457, 447505.5634201066)], [105, 2, (84716.50958487163, 447581.70587103994)], [116, 2, (85103.85770371312, 447346.7084731901)], [144, 2, (84294.7021627688, 447036.4650717308)], [145, 2, (84241.08071984047, 447141.77953383187)], [164, 2, (84259.41022179423, 447933.149900143)], [167, 2, (84627.07699752695, 447409.1412611593)], [176, 2, (84354.64246980957, 448167.859075892)], [180, 2, (84879.41176500767, 447502.93545469973)], [182, 2, (84621.74826997881, 447616.134275384)], [23, 2, (84243.75413931423, 447143.1407201958)], [24, 2, (84297.37558224256, 447037.8262580947)], [53, 2, (84547.11687055952, 448303.43531119917)], [74, 2, (84625.3255622058, 447411.5769282786)], [94, 2, (84352.91723955447, 448170.3133742779)]]]
[3.2, 2.0154197216033936, 0.17563158601779202, 0.17605768334236352, 0.17605768334236352, [[102, 2, (84880.85876114457, 447505.5634201066)], [105, 2, (84716.50958487163, 447581.70587103994)], [116, 2, (85103.85770371312, 447346.7084731901)], [144, 2, (84294.7021627688, 447036.4650717308)], [145, 2, (84241.08071984047, 447141.77953383187)], [164, 2, (84259.41022179423, 447933.149900143)], [167, 2, (84627.07699752695, 447409.1412611593)], [176, 2, (84354.64246980957, 448167.859075892)], [180, 2, (84879.41176500767, 447502.93545469973)], [182, 2, (84621.74826997881, 447616.134275384)], [23, 2, (84243.75413931423, 447143.1407201958)], [24, 2, (84297.37558224256, 447037.8262580947)], [25, 2, (84350.99702517089, 446932.51179599366)], [53, 2, (84547.11687055952, 448303.43531119917)], [74, 2, (84625.3255622058, 447411.5769282786)], [94, 2, (84352.91723955447, 448170.3133742779)]]]
[3.4000000000000004, 2.1149981021881104, 0.18114678361888834, 0.18159236659622058, 0.18159236659622058, [[101, 2, (85273.88042519178, 447453.43639733037)], [102, 2, (84880.85876114457, 447505.5634201066)], [105, 2, (84716.50958487163, 447581.70587103994)], [116, 2, (85103.85770371312, 447346.7084731901)], [144, 2, (84294.7021627688, 447036.4650717308)], [145, 2, (84241.08071984047, 447141.77953383187)], [164, 2, (84259.41022179423, 447933.149900143)], [167, 2, (84627.07699752695, 447409.1412611593)], [176, 2, (84354.64246980957, 448167.859075892)], [180, 2, (84879.41176500767, 447502.93545469973)], [182, 2, (84621.74826997881, 447616.134275384)], [23, 2, (84243.75413931423, 447143.1407201958)], [24, 2, (84297.37558224256, 447037.8262580947)], [25, 2, (84350.99702517089, 446932.51179599366)], [53, 2, (84547.11687055952, 448303.43531119917)], [74, 2, (84625.3255622058, 447411.5769282786)], [94, 2, (84352.91723955447, 448170.3133742779)]]]
[3.6000000000000005, 2.2232723236083984, 0.1862899102064294, 0.1867550144459253, 0.1867550144459253, [[101, 2, (85273.88042519178, 447453.43639733037)], [102, 2, (84880.85876114457, 447505.5634201066)], [105, 2, (84716.50958487163, 447581.70587103994)], [116, 2, (85103.85770371312, 447346.7084731901)], [144, 2, (84294.7021627688, 447036.4650717308)], [145, 2, (84241.08071984047, 447141.77953383187)], [164, 2, (84259.41022179423, 447933.149900143)], [167, 2, (84627.07699752695, 447409.1412611593)], [176, 2, (84354.64246980957, 448167.859075892)], [180, 2, (84879.41176500767, 447502.93545469973)], [181, 2, (84715.40170382481, 447578.9179328078)], [182, 2, (84621.74826997881, 447616.134275384)], [23, 2, (84243.75413931423, 447143.1407201958)], [24, 2, (84297.37558224256, 447037.8262580947)], [25, 2, (84350.99702517089, 446932.51179599366)], [53, 2, (84547.11687055952, 448303.43531119917)], [74, 2, (84625.3255622058, 447411.5769282786)], [94, 2, (84352.91723955447, 448170.3133742779)]]]
[3.8000000000000003, 2.15974760055542, 0.1912885809869527, 0.19177321173892944, 0.19177318946446267, [[101, 2, (85273.88042519178, 447453.43639733037)], [102, 2, (84880.85876114457, 447505.5634201066)], [104, 2, (84622.85615102563, 447618.92221361614)], [105, 2, (84716.50958487163, 447581.70587103994)], [116, 2, (85103.85770371312, 447346.7084731901)], [144, 2, (84294.7021627688, 447036.4650717308)], [145, 2, (84241.08071984047, 447141.77953383187)], [164, 2, (84259.41022179423, 447933.149900143)], [167, 2, (84627.07699752695, 447409.1412611593)], [176, 2, (84354.64246980957, 448167.859075892)], [180, 2, (84879.41176500767, 447502.93545469973)], [181, 2, (84715.40170382481, 447578.9179328078)], [182, 2, (84621.74826997881, 447616.134275384)], [23, 2, (84243.75413931423, 447143.1407201958)], [24, 2, (84297.37558224256, 447037.8262580947)], [25, 2, (84350.99702517089, 446932.51179599366)], [53, 2, (84547.11687055952, 448303.43531119917)], [74, 2, (84625.3255622058, 447411.5769282786)], [94, 2, (84352.91723955447, 448170.3133742779)]]]
[4.0, 2.1199967861175537, 0.19610273236345943, 0.19660695000151407, 0.19660695000151407, [[101, 2, (85273.88042519178, 447453.43639733037)], [102, 2, (84880.85876114457, 447505.5634201066)], [104, 2, (84622.85615102563, 447618.92221361614)], [105, 2, (84716.50958487163, 447581.70587103994)], [116, 2, (85103.85770371312, 447346.7084731901)], [144, 2, (84294.7021627688, 447036.4650717308)], [145, 2, (84241.08071984047, 447141.77953383187)], [148, 2, (84387.50925558225, 447336.59303757077)], [164, 2, (84259.41022179423, 447933.149900143)], [167, 2, (84627.07699752695, 447409.1412611593)], [176, 2, (84354.64246980957, 448167.859075892)], [180, 2, (84879.41176500767, 447502.93545469973)], [181, 2, (84715.40170382481, 447578.9179328078)], [182, 2, (84621.74826997881, 447616.134275384)], [23, 2, (84243.75413931423, 447143.1407201958)], [24, 2, (84297.37558224256, 447037.8262580947)], [25, 2, (84350.99702517089, 446932.51179599366)], [53, 2, (84547.11687055952, 448303.43531119917)], [74, 2, (84625.3255622058, 447411.5769282786)], [94, 2, (84352.91723955447, 448170.3133742779)]]]
