['budget', 'runtime', 'objective_value', 'flow_caught_optimal', 'flow_caught_fixed_solution', ['solution']]
[0.2, 33.044254541397095, 0.017403342865545953, 0.017437105794504484, 0.017437105794504484, [[201, 2, (84291.9952908019, 448384.699796393)]]]
[0.4, 32.11147403717041, 0.03213075358392591, 0.032184411705810045, 0.032184411705810045, [[201, 2, (84291.9952908019, 448384.699796393)], [387, 2, (84294.70216276878, 447036.4650717308)]]]
[0.6000000000000001, 34.876023054122925, 0.04461524462874683, 0.044688813885574365, 0.044688813885574365, [[201, 2, (84291.9952908019, 448384.699796393)], [387, 2, (84294.70216276878, 447036.4650717308)], [55, 2, (84297.37558224254, 447037.8262580947)]]]
[0.8, 39.6242139339447, 0.05487926679097771, 0.05497273677988049, 0.05497273677988049, [[122, 2, (84479.53826509761, 448258.08821578225)], [201, 2, (84291.9952908019, 448384.699796393)], [387, 2, (84294.70216276878, 447036.4650717308)], [55, 2, (84297.37558224254, 447037.8262580947)]]]
[1.0, 32.69033670425415, 0.06385077496684231, 0.06396418089507497, 0.06396418089507497, [[122, 2, (84479.53826509761, 448258.08821578225)], [201, 2, (84291.9952908019, 448384.699796393)], [386, 2, (84316.1507399401, 446994.33928689035)], [388, 2, (84273.25358559744, 447078.5908565712)], [56, 2, (84318.82415941387, 446995.70047325426)]]]
[1.2, 45.12488031387329, 0.07245169549823557, 0.07258504020260935, 0.07258504020260935, [[122, 2, (84479.53826509761, 448258.08821578225)], [201, 2, (84291.9952908019, 448384.699796393)], [386, 2, (84316.1507399401, 446994.33928689035)], [388, 2, (84273.25358559744, 447078.5908565712)], [54, 2, (84275.92700507121, 447079.9520429351)], [56, 2, (84318.82415941387, 446995.70047325426)]]]
[1.4000000000000001, 41.56418824195862, 0.08100790962157584, 0.08116056855459787, 0.08116056855459787, [[122, 2, (84479.53826509761, 448258.08821578225)], [201, 2, (84291.9952908019, 448384.699796393)], [386, 2, (84316.1507399401, 446994.33928689035)], [388, 2, (84273.25358559744, 447078.5908565712)], [431, 2, (84563.13008903325, 446789.1025326329)], [54, 2, (84275.92700507121, 447079.9520429351)], [56, 2, (84318.82415941387, 446995.70047325426)]]]
[1.6, 35.46696329116821, 0.08832709576287688, 0.08849958211736186, 0.08849958211736186, [[122, 2, (84479.53826509761, 448258.08821578225)], [201, 2, (84291.9952908019, 448384.699796393)], [296, 2, (85097.49577227327, 447300.4242594334)], [386, 2, (84316.1507399401, 446994.33928689035)], [388, 2, (84273.25358559744, 447078.5908565712)], [431, 2, (84563.13008903325, 446789.1025326329)], [54, 2, (84275.92700507121, 447079.9520429351)], [56, 2, (84318.82415941387, 446995.70047325426)]]]
[1.8, 33.19504761695862, 0.09466862646707773, 0.09486106778626842, 0.09486106778626842, [[122, 2, (84479.53826509761, 448258.08821578225)], [201, 2, (84291.9952908019, 448384.699796393)], [296, 2, (85097.49577227327, 447300.4242594334)], [386, 2, (84316.1507399401, 446994.33928689035)], [387, 2, (84294.70216276878, 447036.4650717308)], [388, 2, (84273.25358559744, 447078.5908565712)], [431, 2, (84563.13008903325, 446789.1025326329)], [54, 2, (84275.92700507121, 447079.9520429351)], [56, 2, (84318.82415941387, 446995.70047325426)]]]
[2.0, 33.56951284408569, 0.10076568542498267, 0.10097808328121641, 0.10097808328121641, [[122, 2, (84479.53826509761, 448258.08821578225)], [201, 2, (84291.9952908019, 448384.699796393)], [296, 2, (85097.49577227327, 447300.4242594334)], [386, 2, (84316.1507399401, 446994.33928689035)], [387, 2, (84294.70216276878, 447036.4650717308)], [388, 2, (84273.25358559744, 447078.5908565712)], [431, 2, (84563.13008903325, 446789.1025326329)], [54, 2, (84275.92700507121, 447079.9520429351)], [55, 2, (84297.37558224254, 447037.8262580947)], [56, 2, (84318.82415941387, 446995.70047325426)]]]
[2.2, 34.57485294342041, 0.10553043195376982, 0.10576266455472604, 0.10576266455472604, [[122, 2, (84479.53826509761, 448258.08821578225)], [201, 2, (84291.9952908019, 448384.699796393)], [296, 2, (85097.49577227327, 447300.4242594334)], [386, 2, (84316.1507399401, 446994.33928689035)], [387, 2, (84294.70216276878, 447036.4650717308)], [388, 2, (84273.25358559744, 447078.5908565712)], [422, 2, (84728.67452055043, 446370.2624076079)], [431, 2, (84563.13008903325, 446789.1025326329)], [54, 2, (84275.92700507121, 447079.9520429351)], [55, 2, (84297.37558224254, 447037.8262580947)], [56, 2, (84318.82415941387, 446995.70047325426)]]]
[2.4000000000000004, 34.498241662979126, 0.11011036525005745, 0.1103625649822281, 0.1103625649822281, [[122, 2, (84479.53826509761, 448258.08821578225)], [201, 2, (84291.9952908019, 448384.699796393)], [296, 2, (85097.49577227327, 447300.4242594334)], [386, 2, (84316.1507399401, 446994.33928689035)], [387, 2, (84294.70216276878, 447036.4650717308)], [388, 2, (84273.25358559744, 447078.5908565712)], [422, 2, (84728.67452055043, 446370.2624076079)], [431, 2, (84563.13008903325, 446789.1025326329)], [54, 2, (84275.92700507121, 447079.9520429351)], [55, 2, (84297.37558224254, 447037.8262580947)], [56, 2, (84318.82415941387, 446995.70047325426)], [57, 2, (84340.2727365852, 446953.5746884138)]]]
[2.6000000000000005, 35.917739152908325, 0.11452284704276333, 0.11479501950634163, 0.11479501950634163, [[122, 2, (84479.53826509761, 448258.08821578225)], [201, 2, (84291.9952908019, 448384.699796393)], [296, 2, (85097.49577227327, 447300.4242594334)], [386, 2, (84316.1507399401, 446994.33928689035)], [387, 2, (84294.70216276878, 447036.4650717308)], [388, 2, (84273.25358559744, 447078.5908565712)], [422, 2, (84728.67452055043, 446370.2624076079)], [431, 2, (84563.13008903325, 446789.1025326329)], [54, 2, (84275.92700507121, 447079.9520429351)], [55, 2, (84297.37558224254, 447037.8262580947)], [57, 2, (84340.2727365852, 446953.5746884138)], [87, 2, (84290.17048194796, 447561.0872885221)]]]
[2.8000000000000003, 35.96440601348877, 0.11890169271102963, 0.11919383398448287, 0.11919383398448287, [[122, 2, (84479.53826509761, 448258.08821578225)], [182, 2, (84691.33893953146, 447459.04571405903)], [201, 2, (84291.9952908019, 448384.699796393)], [296, 2, (85097.49577227327, 447300.4242594334)], [386, 2, (84316.1507399401, 446994.33928689035)], [387, 2, (84294.70216276878, 447036.4650717308)], [388, 2, (84273.25358559744, 447078.5908565712)], [422, 2, (84728.67452055043, 446370.2624076079)], [431, 2, (84563.13008903325, 446789.1025326329)], [54, 2, (84275.92700507121, 447079.9520429351)], [55, 2, (84297.37558224254, 447037.8262580947)], [56, 2, (84318.82415941387, 446995.70047325426)], [57, 2, (84340.2727365852, 446953.5746884138)], [87, 2, (84290.17048194796, 447561.0872885221)]]]
[3.0000000000000004, 36.83184266090393, 0.12323941565537767, 0.1235514070297705, 0.1235514070297705, [[122, 2, (84479.53826509761, 448258.08821578225)], [174, 2, (84526.8630551493, 446834.84144175047)], [182, 2, (84691.33893953146, 447459.04571405903)], [201, 2, (84291.9952908019, 448384.699796393)], [296, 2, (85097.49577227327, 447300.4242594334)], [386, 2, (84316.1507399401, 446994.33928689035)], [387, 2, (84294.70216276878, 447036.4650717308)], [388, 2, (84273.25358559744, 447078.5908565712)], [422, 2, (84728.67452055043, 446370.2624076079)], [431, 2, (84563.13008903325, 446789.1025326329)], [54, 2, (84275.92700507121, 447079.9520429351)], [55, 2, (84297.37558224254, 447037.8262580947)], [56, 2, (84318.82415941387, 446995.70047325426)], [57, 2, (84340.2727365852, 446953.5746884138)], [87, 2, (84290.17048194796, 447561.0872885221)]]]
[3.2, 37.48815941810608, 0.12752553006949408, 0.12785749094393864, 0.12785749094393864, [[122, 2, (84479.53826509761, 448258.08821578225)], [174, 2, (84526.8630551493, 446834.84144175047)], [182, 2, (84691.33893953146, 447459.04571405903)], [201, 2, (84291.9952908019, 448384.699796393)], [296, 2, (85097.49577227327, 447300.4242594334)], [386, 2, (84316.1507399401, 446994.33928689035)], [387, 2, (84294.70216276878, 447036.4650717308)], [388, 2, (84273.25358559744, 447078.5908565712)], [390, 2, (84230.3564312548, 447162.8424262521)], [422, 2, (84728.67452055043, 446370.2624076079)], [431, 2, (84563.13008903325, 446789.1025326329)], [54, 2, (84275.92700507121, 447079.9520429351)], [55, 2, (84297.37558224254, 447037.8262580947)], [56, 2, (84318.82415941387, 446995.70047325426)], [57, 2, (84340.2727365852, 446953.5746884138)], [87, 2, (84290.17048194796, 447561.0872885221)]]]
[3.4000000000000004, 38.040252447128296, 0.13178692367686418, 0.13213885441115278, 0.13213885441115278, [[122, 2, (84479.53826509761, 448258.08821578225)], [174, 2, (84526.8630551493, 446834.84144175047)], [182, 2, (84691.33893953146, 447459.04571405903)], [201, 2, (84291.9952908019, 448384.699796393)], [296, 2, (85097.49577227327, 447300.4242594334)], [353, 2, (84263.62580987417, 447397.5099410558)], [386, 2, (84316.1507399401, 446994.33928689035)], [387, 2, (84294.70216276878, 447036.4650717308)], [388, 2, (84273.25358559744, 447078.5908565712)], [390, 2, (84230.3564312548, 447162.8424262521)], [422, 2, (84728.67452055043, 446370.2624076079)], [431, 2, (84563.13008903325, 446789.1025326329)], [54, 2, (84275.92700507121, 447079.9520429351)], [55, 2, (84297.37558224254, 447037.8262580947)], [56, 2, (84318.82415941387, 446995.70047325426)], [57, 2, (84340.2727365852, 446953.5746884138)], [87, 2, (84290.17048194796, 447561.0872885221)]]]
[3.6000000000000005, 44.48997712135315, 0.13600217354916316, 0.1363740741882954, 0.1363740741882954, [[122, 2, (84479.53826509761, 448258.08821578225)], [174, 2, (84526.8630551493, 446834.84144175047)], [182, 2, (84691.33893953146, 447459.04571405903)], [201, 2, (84291.9952908019, 448384.699796393)], [260, 2, (84916.20663235805, 447486.10036592797)], [296, 2, (85097.49577227327, 447300.4242594334)], [353, 2, (84263.62580987417, 447397.5099410558)], [386, 2, (84316.1507399401, 446994.33928689035)], [387, 2, (84294.70216276878, 447036.4650717308)], [388, 2, (84273.25358559744, 447078.5908565712)], [390, 2, (84230.3564312548, 447162.8424262521)], [422, 2, (84728.67452055043, 446370.2624076079)], [431, 2, (84563.13008903325, 446789.1025326329)], [54, 2, (84275.92700507121, 447079.9520429351)], [55, 2, (84297.37558224254, 447037.8262580947)], [56, 2, (84318.82415941387, 446995.70047325426)], [57, 2, (84340.2727365852, 446953.5746884138)], [87, 2, (84290.17048194796, 447561.0872885221)]]]
[3.8000000000000003, 41.42421817779541, 0.14017788095325404, 0.14056974268733133, 0.14056974268733133, [[122, 2, (84479.53826509761, 448258.08821578225)], [174, 2, (84526.8630551493, 446834.84144175047)], [182, 2, (84691.33893953146, 447459.04571405903)], [201, 2, (84291.9952908019, 448384.699796393)], [260, 2, (84916.20663235805, 447486.10036592797)], [296, 2, (85097.49577227327, 447300.4242594334)], [353, 2, (84263.62580987417, 447397.5099410558)], [386, 2, (84316.1507399401, 446994.33928689035)], [387, 2, (84294.70216276878, 447036.4650717308)], [388, 2, (84273.25358559744, 447078.5908565712)], [390, 2, (84230.3564312548, 447162.8424262521)], [422, 2, (84728.67452055043, 446370.2624076079)], [431, 2, (84563.13008903325, 446789.1025326329)], [531, 2, (84404.93085813239, 448203.2089133502)], [54, 2, (84275.92700507121, 447079.9520429351)], [55, 2, (84297.37558224254, 447037.8262580947)], [56, 2, (84318.82415941387, 446995.70047325426)], [57, 2, (84340.2727365852, 446953.5746884138)], [87, 2, (84290.17048194796, 447561.0872885221)]]]
[4.0, 43.46232509613037, 0.14430302280681342, 0.14471479269019485, 0.14471479269019485, [[122, 2, (84479.53826509761, 448258.08821578225)], [174, 2, (84526.8630551493, 446834.84144175047)], [182, 2, (84691.33893953146, 447459.04571405903)], [201, 2, (84291.9952908019, 448384.699796393)], [260, 2, (84916.20663235805, 447486.10036592797)], [296, 2, (85097.49577227327, 447300.4242594334)], [353, 2, (84263.62580987417, 447397.5099410558)], [386, 2, (84316.1507399401, 446994.33928689035)], [387, 2, (84294.70216276878, 447036.4650717308)], [388, 2, (84273.25358559744, 447078.5908565712)], [390, 2, (84230.3564312548, 447162.8424262521)], [422, 2, (84728.67452055043, 446370.2624076079)], [431, 2, (84563.13008903325, 446789.1025326329)], [47, 2, (84093.79744302647, 447214.83417670225)], [531, 2, (84404.93085813239, 448203.2089133502)], [54, 2, (84275.92700507121, 447079.9520429351)], [55, 2, (84297.37558224254, 447037.8262580947)], [56, 2, (84318.82415941387, 446995.70047325426)], [57, 2, (84340.2727365852, 446953.5746884138)], [87, 2, (84290.17048194796, 447561.0872885221)]]]
