['budget', 'runtime', 'objective_value', 'flow_caught_optimal', 'flow_caught_fixed_solution', 'flow_impact_area', ['solution']]
[0.2, 18.636001348495483, 0.024446353231057042, 0.024506054860603706, 0.024506054860603706, 0, [[206, 2, (84273.25358559746, 447078.5908565712)]]]
[0.4, 19.231001615524292, 0.04138623009402259, 0.041465485724564835, 0.041465485724564835, 0, [[206, 2, (84273.25358559746, 447078.5908565712)], [31, 2, (84318.82415941388, 446995.7004732543)]]]
[0.6000000000000001, 19.058001279830933, 0.056739874203450995, 0.05683859951466767, 0.05683859951466767, 0, [[206, 2, (84273.25358559746, 447078.5908565712)], [31, 2, (84318.82415941388, 446995.7004732543)], [70, 2, (84511.71855341281, 448279.6820707427)]]]
[0.8, 19.030001401901245, 0.07058420729382725, 0.07070258639456291, 0.07070258639456291, 0, [[206, 2, (84273.25358559746, 447078.5908565712)], [30, 2, (84275.92700507122, 447079.9520429351)], [31, 2, (84318.82415941388, 446995.7004732543)], [70, 2, (84511.71855341281, 448279.6820707427)]]]
[1.0, 20.800001621246338, 0.08270195679461406, 0.08284001640737328, 0.08284001640737328, 0, [[205, 2, (84316.15073994012, 446994.3392868904)], [206, 2, (84273.25358559746, 447078.5908565712)], [30, 2, (84275.92700507122, 447079.9520429351)], [31, 2, (84318.82415941388, 446995.7004732543)], [70, 2, (84511.71855341281, 448279.6820707427)]]]
[1.2, 20.86800193786621, 0.09349813896740866, 0.09365467974335345, 0.09365467974335345, 0, [[205, 2, (84316.15073994012, 446994.3392868904)], [206, 2, (84273.25358559746, 447078.5908565712)], [226, 2, (84560.50398411034, 446806.73360668455)], [30, 2, (84275.92700507122, 447079.9520429351)], [31, 2, (84318.82415941388, 446995.7004732543)], [70, 2, (84511.71855341281, 448279.6820707427)]]]
[1.4000000000000001, 19.77700138092041, 0.10100659892626225, 0.10118084168689999, 0.10118084168689999, 0, [[114, 2, (84321.7806164654, 448354.19495508034)], [205, 2, (84316.15073994012, 446994.3392868904)], [206, 2, (84273.25358559746, 447078.5908565712)], [226, 2, (84560.50398411034, 446806.73360668455)], [30, 2, (84275.92700507122, 447079.9520429351)], [31, 2, (84318.82415941388, 446995.7004732543)], [70, 2, (84511.71855341281, 448279.6820707427)]]]
[1.6, 21.689000844955444, 0.10850636776911335, 0.10870042592571931, 0.10870042592571931, 0, [[104, 2, (84740.8489725257, 447494.64730339433)], [114, 2, (84321.7806164654, 448354.19495508034)], [205, 2, (84316.15073994012, 446994.3392868904)], [206, 2, (84273.25358559746, 447078.5908565712)], [226, 2, (84560.50398411034, 446806.73360668455)], [30, 2, (84275.92700507122, 447079.9520429351)], [31, 2, (84318.82415941388, 446995.7004732543)], [70, 2, (84511.71855341281, 448279.6820707427)]]]
[1.8, 22.896002769470215, 0.11523481151259167, 0.11544870052278167, 0.11544870052278167, 0, [[104, 2, (84740.8489725257, 447494.64730339433)], [114, 2, (84321.7806164654, 448354.19495508034)], [144, 2, (84880.85876114457, 447505.5634201066)], [205, 2, (84316.15073994012, 446994.3392868904)], [206, 2, (84273.25358559746, 447078.5908565712)], [226, 2, (84560.50398411034, 446806.73360668455)], [30, 2, (84275.92700507122, 447079.9520429351)], [31, 2, (84318.82415941388, 446995.7004732543)], [70, 2, (84511.71855341281, 448279.6820707427)]]]
[2.0, 24.00200128555298, 0.12172844371297907, 0.1219621715587407, 0.1219621715587407, 0, [[104, 2, (84740.8489725257, 447494.64730339433)], [114, 2, (84321.7806164654, 448354.19495508034)], [144, 2, (84880.85876114457, 447505.5634201066)], [205, 2, (84316.15073994012, 446994.3392868904)], [206, 2, (84273.25358559746, 447078.5908565712)], [226, 2, (84560.50398411034, 446806.73360668455)], [279, 2, (84668.5749869018, 447597.5261040959)], [30, 2, (84275.92700507122, 447079.9520429351)], [31, 2, (84318.82415941388, 446995.7004732543)], [70, 2, (84511.71855341281, 448279.6820707427)]]]
