['budget', 'runtime', 'objective_value', 'flow_caught_optimal', 'flow_caught_fixed_solution', ['solution']]
[0.2, 10.3015615940094, 0.02565529064571866, 0.02571514211877877, 0.02571514211877877, [[206, 2, (84273.25358559746, 447078.5908565712)]]]
[0.4, 10.11862587928772, 0.04310099262143006, 0.04318038453039606, 0.04318038453039606, [[206, 2, (84273.25358559746, 447078.5908565712)], [31, 2, (84318.82415941388, 446995.7004732543)]]]
[0.6000000000000001, 10.541995763778687, 0.059204432194760175, 0.05930326742204251, 0.05930326742204251, [[206, 2, (84273.25358559746, 447078.5908565712)], [31, 2, (84318.82415941388, 446995.7004732543)], [70, 2, (84511.71855341281, 448279.6820707427)]]]
[0.8, 10.784635543823242, 0.07355252892815234, 0.07367100550046944, 0.07367100550046944, [[206, 2, (84273.25358559746, 447078.5908565712)], [30, 2, (84275.92700507122, 447079.9520429351)], [31, 2, (84318.82415941388, 446995.7004732543)], [70, 2, (84511.71855341281, 448279.6820707427)]]]
[1.0, 11.053537845611572, 0.08608377166165727, 0.08622191764546787, 0.08622191764546787, [[205, 2, (84316.15073994012, 446994.3392868904)], [206, 2, (84273.25358559746, 447078.5908565712)], [30, 2, (84275.92700507122, 447079.9520429351)], [31, 2, (84318.82415941388, 446995.7004732543)], [70, 2, (84511.71855341281, 448279.6820707427)]]]
[1.2, 11.259672164916992, 0.09730424612374178, 0.09746081215321593, 0.09746081215321593, [[205, 2, (84316.15073994012, 446994.3392868904)], [206, 2, (84273.25358559746, 447078.5908565712)], [226, 2, (84560.50398411034, 446806.73360668455)], [30, 2, (84275.92700507122, 447079.9520429351)], [31, 2, (84318.82415941388, 446995.7004732543)], [70, 2, (84511.71855341281, 448279.6820707427)]]]
[1.4000000000000001, 10.952907800674438, 0.10518229222151183, 0.10535866441593475, 0.10535866441593475, [[104, 2, (84740.8489725257, 447494.64730339433)], [205, 2, (84316.15073994012, 446994.3392868904)], [206, 2, (84273.25358559746, 447078.5908565712)], [226, 2, (84560.50398411034, 446806.73360668455)], [30, 2, (84275.92700507122, 447079.9520429351)], [31, 2, (84318.82415941388, 446995.7004732543)], [70, 2, (84511.71855341281, 448279.6820707427)]]]
[1.6, 10.82222318649292, 0.1128140047942391, 0.11300799430392662, 0.11300799430392135, [[104, 2, (84740.8489725257, 447494.64730339433)], [114, 2, (84321.7806164654, 448354.19495508034)], [205, 2, (84316.15073994012, 446994.3392868904)], [206, 2, (84273.25358559746, 447078.5908565712)], [226, 2, (84560.50398411034, 446806.73360668455)], [30, 2, (84275.92700507122, 447079.9520429351)], [31, 2, (84318.82415941388, 446995.7004732543)], [70, 2, (84511.71855341281, 448279.6820707427)]]]
[1.8, 11.196872472763062, 0.11985902996698065, 0.1200728423672472, 0.1200728423672472, [[104, 2, (84740.8489725257, 447494.64730339433)], [114, 2, (84321.7806164654, 448354.19495508034)], [144, 2, (84880.85876114457, 447505.5634201066)], [205, 2, (84316.15073994012, 446994.3392868904)], [206, 2, (84273.25358559746, 447078.5908565712)], [226, 2, (84560.50398411034, 446806.73360668455)], [30, 2, (84275.92700507122, 447079.9520429351)], [31, 2, (84318.82415941388, 446995.7004732543)], [70, 2, (84511.71855341281, 448279.6820707427)]]]
[2.0, 12.818940877914429, 0.12666792957376216, 0.12690157305623379, 0.12690157305623379, [[104, 2, (84740.8489725257, 447494.64730339433)], [114, 2, (84321.7806164654, 448354.19495508034)], [144, 2, (84880.85876114457, 447505.5634201066)], [205, 2, (84316.15073994012, 446994.3392868904)], [206, 2, (84273.25358559746, 447078.5908565712)], [226, 2, (84560.50398411034, 446806.73360668455)], [279, 2, (84668.5749869018, 447597.5261040959)], [30, 2, (84275.92700507122, 447079.9520429351)], [31, 2, (84318.82415941388, 446995.7004732543)], [70, 2, (84511.71855341281, 448279.6820707427)]]]
[2.2, 11.62278127670288, 0.1334591905554041, 0.13371267376472126, 0.13371268739661152, [[104, 2, (84740.8489725257, 447494.64730339433)], [114, 2, (84321.7806164654, 448354.19495508034)], [144, 2, (84880.85876114457, 447505.5634201066)], [205, 2, (84316.15073994012, 446994.3392868904)], [206, 2, (84273.25358559746, 447078.5908565712)], [226, 2, (84560.50398411034, 446806.73360668455)], [234, 2, (84385.48716829394, 447563.02613001404)], [279, 2, (84668.5749869018, 447597.5261040959)], [30, 2, (84275.92700507122, 447079.9520429351)], [31, 2, (84318.82415941388, 446995.7004732543)], [70, 2, (84511.71855341281, 448279.6820707427)]]]
[2.4000000000000004, 12.327824115753174, 0.13967244541750806, 0.13994578804610508, 0.1399457880461051, [[104, 2, (84740.8489725257, 447494.64730339433)], [114, 2, (84321.7806164654, 448354.19495508034)], [144, 2, (84880.85876114457, 447505.5634201066)], [147, 2, (84669.68286794862, 447600.31404232804)], [205, 2, (84316.15073994012, 446994.3392868904)], [206, 2, (84273.25358559746, 447078.5908565712)], [226, 2, (84560.50398411034, 446806.73360668455)], [234, 2, (84385.48716829394, 447563.02613001404)], [279, 2, (84668.5749869018, 447597.5261040959)], [30, 2, (84275.92700507122, 447079.9520429351)], [31, 2, (84318.82415941388, 446995.7004732543)], [70, 2, (84511.71855341281, 448279.6820707427)]]]
[2.6000000000000005, 11.810147523880005, 0.14581730839654908, 0.14611049801854273, 0.14611049801854273, [[104, 2, (84740.8489725257, 447494.64730339433)], [114, 2, (84321.7806164654, 448354.19495508034)], [144, 2, (84880.85876114457, 447505.5634201066)], [147, 2, (84669.68286794862, 447600.31404232804)], [205, 2, (84316.15073994012, 446994.3392868904)], [206, 2, (84273.25358559746, 447078.5908565712)], [207, 2, (84230.3564312548, 447162.8424262521)], [226, 2, (84560.50398411034, 446806.73360668455)], [234, 2, (84385.48716829394, 447563.02613001404)], [279, 2, (84668.5749869018, 447597.5261040959)], [30, 2, (84275.92700507122, 447079.9520429351)], [31, 2, (84318.82415941388, 446995.7004732543)], [70, 2, (84511.71855341281, 448279.6820707427)]]]
[2.8000000000000003, 12.27657699584961, 0.15195562721543773, 0.15226795986785385, 0.15226796008169724, [[104, 2, (84740.8489725257, 447494.64730339433)], [114, 2, (84321.7806164654, 448354.19495508034)], [144, 2, (84880.85876114457, 447505.5634201066)], [147, 2, (84669.68286794862, 447600.31404232804)], [205, 2, (84316.15073994012, 446994.3392868904)], [206, 2, (84273.25358559746, 447078.5908565712)], [207, 2, (84230.3564312548, 447162.8424262521)], [226, 2, (84560.50398411034, 446806.73360668455)], [234, 2, (84385.48716829394, 447563.02613001404)], [279, 2, (84668.5749869018, 447597.5261040959)], [30, 2, (84275.92700507122, 447079.9520429351)], [31, 2, (84318.82415941388, 446995.7004732543)], [62, 2, (84734.4069749831, 446364.3296949315)], [70, 2, (84511.71855341281, 448279.6820707427)]]]
[3.0000000000000004, 11.778342485427856, 0.1579410005034892, 0.15827320412049273, 0.15827320412049273, [[104, 2, (84740.8489725257, 447494.64730339433)], [114, 2, (84321.7806164654, 448354.19495508034)], [144, 2, (84880.85876114457, 447505.5634201066)], [147, 2, (84669.68286794862, 447600.31404232804)], [205, 2, (84316.15073994012, 446994.3392868904)], [206, 2, (84273.25358559746, 447078.5908565712)], [207, 2, (84230.3564312548, 447162.8424262521)], [226, 2, (84560.50398411034, 446806.73360668455)], [234, 2, (84385.48716829394, 447563.02613001404)], [279, 2, (84668.5749869018, 447597.5261040959)], [30, 2, (84275.92700507122, 447079.9520429351)], [31, 2, (84318.82415941388, 446995.7004732543)], [62, 2, (84734.4069749831, 446364.3296949315)], [70, 2, (84511.71855341281, 448279.6820707427)], [76, 2, (84383.90029153871, 447565.5720723079)]]]
[3.2, 11.139110803604126, 0.16386805289722223, 0.16422012221847007, 0.16422012221847007, [[104, 2, (84740.8489725257, 447494.64730339433)], [114, 2, (84321.7806164654, 448354.19495508034)], [144, 2, (84880.85876114457, 447505.5634201066)], [147, 2, (84669.68286794862, 447600.31404232804)], [205, 2, (84316.15073994012, 446994.3392868904)], [206, 2, (84273.25358559746, 447078.5908565712)], [207, 2, (84230.3564312548, 447162.8424262521)], [226, 2, (84560.50398411034, 446806.73360668455)], [234, 2, (84385.48716829394, 447563.02613001404)], [279, 2, (84668.5749869018, 447597.5261040959)], [30, 2, (84275.92700507122, 447079.9520429351)], [31, 2, (84318.82415941388, 446995.7004732543)], [51, 2, (84229.92821995473, 447316.6735784422)], [62, 2, (84734.4069749831, 446364.3296949315)], [70, 2, (84511.71855341281, 448279.6820707427)], [76, 2, (84383.90029153871, 447565.5720723079)]]]
[3.4000000000000004, 11.46809720993042, 0.16964915633211416, 0.17002107222981477, 0.1700210555370649, [[104, 2, (84740.8489725257, 447494.64730339433)], [114, 2, (84321.7806164654, 448354.19495508034)], [144, 2, (84880.85876114457, 447505.5634201066)], [147, 2, (84669.68286794862, 447600.31404232804)], [205, 2, (84316.15073994012, 446994.3392868904)], [206, 2, (84273.25358559746, 447078.5908565712)], [207, 2, (84230.3564312548, 447162.8424262521)], [226, 2, (84560.50398411034, 446806.73360668455)], [234, 2, (84385.48716829394, 447563.02613001404)], [239, 2, (85032.16813787172, 447385.608266497)], [279, 2, (84668.5749869018, 447597.5261040959)], [30, 2, (84275.92700507122, 447079.9520429351)], [31, 2, (84318.82415941388, 446995.7004732543)], [51, 2, (84229.92821995473, 447316.6735784422)], [62, 2, (84734.4069749831, 446364.3296949315)], [70, 2, (84511.71855341281, 448279.6820707427)], [76, 2, (84383.90029153871, 447565.5720723079)]]]
[3.6000000000000005, 11.897881507873535, 0.1754243326285284, 0.17581610049751614, 0.17581610049751614, [[104, 2, (84740.8489725257, 447494.64730339433)], [114, 2, (84321.7806164654, 448354.19495508034)], [144, 2, (84880.85876114457, 447505.5634201066)], [147, 2, (84669.68286794862, 447600.31404232804)], [205, 2, (84316.15073994012, 446994.3392868904)], [206, 2, (84273.25358559746, 447078.5908565712)], [207, 2, (84230.3564312548, 447162.8424262521)], [226, 2, (84560.50398411034, 446806.73360668455)], [234, 2, (84385.48716829394, 447563.02613001404)], [239, 2, (85032.16813787172, 447385.608266497)], [279, 2, (84668.5749869018, 447597.5261040959)], [30, 2, (84275.92700507122, 447079.9520429351)], [31, 2, (84318.82415941388, 446995.7004732543)], [49, 2, (84272.60498463939, 447595.0860036524)], [51, 2, (84229.92821995473, 447316.6735784422)], [62, 2, (84734.4069749831, 446364.3296949315)], [70, 2, (84511.71855341281, 448279.6820707427)], [76, 2, (84383.90029153871, 447565.5720723079)]]]
[3.8000000000000003, 11.950089454650879, 0.18118616565675713, 0.18159779000879134, 0.18159779000879134, [[104, 2, (84740.8489725257, 447494.64730339433)], [114, 2, (84321.7806164654, 448354.19495508034)], [144, 2, (84880.85876114457, 447505.5634201066)], [147, 2, (84669.68286794862, 447600.31404232804)], [205, 2, (84316.15073994012, 446994.3392868904)], [206, 2, (84273.25358559746, 447078.5908565712)], [207, 2, (84230.3564312548, 447162.8424262521)], [226, 2, (84560.50398411034, 446806.73360668455)], [234, 2, (84385.48716829394, 447563.02613001404)], [239, 2, (85032.16813787172, 447385.608266497)], [242, 2, (84327.3224162179, 447843.85148106195)], [279, 2, (84668.5749869018, 447597.5261040959)], [30, 2, (84275.92700507122, 447079.9520429351)], [31, 2, (84318.82415941388, 446995.7004732543)], [49, 2, (84272.60498463939, 447595.0860036524)], [51, 2, (84229.92821995473, 447316.6735784422)], [62, 2, (84734.4069749831, 446364.3296949315)], [70, 2, (84511.71855341281, 448279.6820707427)], [76, 2, (84383.90029153871, 447565.5720723079)]]]
[4.0, 12.931522369384766, 0.18681138599526317, 0.18724287062149952, 0.18724287062149952, [[103, 2, (84671.53492633377, 447444.8050783249)], [104, 2, (84740.8489725257, 447494.64730339433)], [114, 2, (84321.7806164654, 448354.19495508034)], [144, 2, (84880.85876114457, 447505.5634201066)], [147, 2, (84669.68286794862, 447600.31404232804)], [205, 2, (84316.15073994012, 446994.3392868904)], [206, 2, (84273.25358559746, 447078.5908565712)], [207, 2, (84230.3564312548, 447162.8424262521)], [226, 2, (84560.50398411034, 446806.73360668455)], [234, 2, (84385.48716829394, 447563.02613001404)], [239, 2, (85032.16813787172, 447385.608266497)], [242, 2, (84327.3224162179, 447843.85148106195)], [279, 2, (84668.5749869018, 447597.5261040959)], [30, 2, (84275.92700507122, 447079.9520429351)], [31, 2, (84318.82415941388, 446995.7004732543)], [49, 2, (84272.60498463939, 447595.0860036524)], [51, 2, (84229.92821995473, 447316.6735784422)], [62, 2, (84734.4069749831, 446364.3296949315)], [70, 2, (84511.71855341281, 448279.6820707427)], [76, 2, (84383.90029153871, 447565.5720723079)]]]
