['budget', 'runtime', 'objective_value', 'flow_caught_optimal', 'flow_caught_fixed_solution', 'flow_impact_area', ['solution']]
[0.2, 19.213001012802124, -0.6897858286914724, 0.02571483397418309, 0.02571483397418309, 1.1924016524186747, [[206, 2, (84273.25358559746, 447078.5908565712)]]]
[0.4, 19.121001958847046, -0.6715436133154321, 0.03361269474278001, 0.03361269474278001, 1.1751280512012068, [[104, 2, (84740.8489725257, 447494.64730339433)], [206, 2, (84273.25358559746, 447078.5908565712)]]]
[0.6000000000000001, 18.02800154685974, -0.6540360723283184, 0.05107734439320218, 0.05107734439320218, 1.1750239981708654, [[104, 2, (84740.8489725257, 447494.64730339433)], [206, 2, (84273.25358559746, 447078.5908565712)], [31, 2, (84318.82415941388, 446995.7004732543)]]]
[0.8, 17.516000747680664, -0.6370870849855205, 0.067197209630597, 0.067197209630597, 1.1736097214612975, [[104, 2, (84740.8489725257, 447494.64730339433)], [206, 2, (84273.25358559746, 447078.5908565712)], [31, 2, (84318.82415941388, 446995.7004732543)], [70, 2, (84511.71855341281, 448279.6820707427)]]]
[1.0, 19.74300217628479, -0.6208733998795785, 0.07418214200951809, 0.07418214200951809, 1.1581954216431667, [[104, 2, (84740.8489725257, 447494.64730339433)], [206, 2, (84273.25358559746, 447078.5908565712)], [279, 2, (84668.5749869018, 447597.5261040959)], [31, 2, (84318.82415941388, 446995.7004732543)], [70, 2, (84511.71855341281, 448279.6820707427)]]]
[1.2, 19.213001251220703, -0.6051082868112313, 0.08109086779433425, 0.08109086779433425, 1.1434017315178187, [[104, 2, (84740.8489725257, 447494.64730339433)], [144, 2, (84880.85876114457, 447505.5634201066)], [206, 2, (84273.25358559746, 447078.5908565712)], [279, 2, (84668.5749869018, 447597.5261040959)], [31, 2, (84318.82415941388, 446995.7004732543)], [70, 2, (84511.71855341281, 448279.6820707427)]]]
[1.4000000000000001, 18.553001880645752, -0.5904719963396772, 0.08790199198506651, 0.08790199198506651, 1.1303266987879528, [[104, 2, (84740.8489725257, 447494.64730339433)], [144, 2, (84880.85876114457, 447505.5634201066)], [206, 2, (84273.25358559746, 447078.5908565712)], [234, 2, (84385.48716829394, 447563.02613001404)], [279, 2, (84668.5749869018, 447597.5261040959)], [31, 2, (84318.82415941388, 446995.7004732543)], [70, 2, (84511.71855341281, 448279.6820707427)]]]
[1.6, 19.329001665115356, -0.5760008351774124, 0.09413510471034674, 0.09413510471034674, 1.11656354174936, [[104, 2, (84740.8489725257, 447494.64730339433)], [144, 2, (84880.85876114457, 447505.5634201066)], [147, 2, (84669.68286794862, 447600.31404232804)], [206, 2, (84273.25358559746, 447078.5908565712)], [234, 2, (84385.48716829394, 447563.02613001404)], [279, 2, (84668.5749869018, 447597.5261040959)], [31, 2, (84318.82415941388, 446995.7004732543)], [70, 2, (84511.71855341281, 448279.6820707427)]]]
[1.8, 18.84700107574463, -0.5615472218464858, 0.10850081083246417, 0.10850081083246417, 1.1163842939898898, [[104, 2, (84740.8489725257, 447494.64730339433)], [144, 2, (84880.85876114457, 447505.5634201066)], [147, 2, (84669.68286794862, 447600.31404232804)], [206, 2, (84273.25358559746, 447078.5908565712)], [234, 2, (84385.48716829394, 447563.02613001404)], [279, 2, (84668.5749869018, 447597.5261040959)], [30, 2, (84275.92700507122, 447079.9520429351)], [31, 2, (84318.82415941388, 446995.7004732543)], [70, 2, (84511.71855341281, 448279.6820707427)]]]
[2.0, 19.4950008392334, -0.5474311638879775, 0.11979681667336471, 0.11979681667336471, 1.111653511065261, [[104, 2, (84740.8489725257, 447494.64730339433)], [144, 2, (84880.85876114457, 447505.5634201066)], [147, 2, (84669.68286794862, 447600.31404232804)], [206, 2, (84273.25358559746, 447078.5908565712)], [226, 2, (84560.50398411034, 446806.73360668455)], [234, 2, (84385.48716829394, 447563.02613001404)], [279, 2, (84668.5749869018, 447597.5261040959)], [30, 2, (84275.92700507122, 447079.9520429351)], [31, 2, (84318.82415941388, 446995.7004732543)], [70, 2, (84511.71855341281, 448279.6820707427)]]]
