['budget', 'runtime', 'objective_value', 'flow_caught_optimal', 'flow_caught_fixed_solution', 'flow_impact_area', ['solution']]
[0.2, 21.17500138282776, -0.4513054970684808, 0.025714834536758054, 0.025714834536758054, 1.1924016510145912, [[206, 2, (84273.25358559746, 447078.5908565712)]]]
[0.4, 20.55700135231018, -0.4338187628521334, 0.04317948702927437, 0.04317948702927437, 1.1922975954649535, [[206, 2, (84273.25358559746, 447078.5908565712)], [31, 2, (84318.82415941388, 446995.7004732543)]]]
[0.6000000000000001, 20.912001371383667, -0.417152634886991, 0.05929934863975199, 0.05929934863975199, 1.190883319777538, [[206, 2, (84273.25358559746, 447078.5908565712)], [31, 2, (84318.82415941388, 446995.7004732543)], [70, 2, (84511.71855341281, 448279.6820707427)]]]
[0.8, 21.145002365112305, -0.40236514113464206, 0.06719720963067802, 0.06719720963067802, 1.1736097225648991, [[104, 2, (84740.8489725257, 447494.64730339433)], [206, 2, (84273.25358559746, 447078.5908565712)], [31, 2, (84318.82415941388, 446995.7004732543)], [70, 2, (84511.71855341281, 448279.6820707427)]]]
[1.0, 21.86800265312195, -0.38794737498325826, 0.08156291716900199, 0.08156291716900199, 1.1734304724151483, [[104, 2, (84740.8489725257, 447494.64730339433)], [206, 2, (84273.25358559746, 447078.5908565712)], [30, 2, (84275.92700507122, 447079.9520429351)], [31, 2, (84318.82415941388, 446995.7004732543)], [70, 2, (84511.71855341281, 448279.6820707427)]]]
[1.2, 20.90100121498108, -0.37477730848148083, 0.09285901306320483, 0.09285901306320483, 1.1686995018101847, [[104, 2, (84740.8489725257, 447494.64730339433)], [206, 2, (84273.25358559746, 447078.5908565712)], [226, 2, (84560.50398411034, 446806.73360668455)], [30, 2, (84275.92700507122, 447079.9520429351)], [31, 2, (84318.82415941388, 446995.7004732543)], [70, 2, (84511.71855341281, 448279.6820707427)]]]
[1.4000000000000001, 19.73000192642212, -0.3616465058081726, 0.09984393394074634, 0.09984393394074634, 1.153285229410275, [[104, 2, (84740.8489725257, 447494.64730339433)], [206, 2, (84273.25358559746, 447078.5908565712)], [226, 2, (84560.50398411034, 446806.73360668455)], [279, 2, (84668.5749869018, 447597.5261040959)], [30, 2, (84275.92700507122, 447079.9520429351)], [31, 2, (84318.82415941388, 446995.7004732543)], [70, 2, (84511.71855341281, 448279.6820707427)]]]
[1.6, 19.35500168800354, -0.3488402709305185, 0.10675258161743924, 0.10675258161743924, 1.1384916944230257, [[104, 2, (84740.8489725257, 447494.64730339433)], [144, 2, (84880.85876114457, 447505.5634201066)], [206, 2, (84273.25358559746, 447078.5908565712)], [226, 2, (84560.50398411034, 446806.73360668455)], [279, 2, (84668.5749869018, 447597.5261040959)], [30, 2, (84275.92700507122, 447079.9520429351)], [31, 2, (84318.82415941388, 446995.7004732543)], [70, 2, (84511.71855341281, 448279.6820707427)]]]
[1.8, 19.40200185775757, -0.3363617046552468, 0.11922731062217475, 0.11922731062217475, 1.1384329117785779, [[104, 2, (84740.8489725257, 447494.64730339433)], [144, 2, (84880.85876114457, 447505.5634201066)], [205, 2, (84316.15073994012, 446994.3392868904)], [206, 2, (84273.25358559746, 447078.5908565712)], [226, 2, (84560.50398411034, 446806.73360668455)], [279, 2, (84668.5749869018, 447597.5261040959)], [30, 2, (84275.92700507122, 447079.9520429351)], [31, 2, (84318.82415941388, 446995.7004732543)], [70, 2, (84511.71855341281, 448279.6820707427)]]]
[2.0, 20.123001098632812, -0.32434042383420836, 0.12603843345990115, 0.12603843345990115, 1.125357883427273, [[104, 2, (84740.8489725257, 447494.64730339433)], [144, 2, (84880.85876114457, 447505.5634201066)], [205, 2, (84316.15073994012, 446994.3392868904)], [206, 2, (84273.25358559746, 447078.5908565712)], [226, 2, (84560.50398411034, 446806.73360668455)], [234, 2, (84385.48716829394, 447563.02613001404)], [279, 2, (84668.5749869018, 447597.5261040959)], [30, 2, (84275.92700507122, 447079.9520429351)], [31, 2, (84318.82415941388, 446995.7004732543)], [70, 2, (84511.71855341281, 448279.6820707427)]]]
