['budget', 'runtime', 'objective_value', 'flow_caught_optimal', 'flow_caught_fixed_solution', 'flow_impact_area', ['solution']]
[0.2, 21.989001989364624, -0.11029699964105481, 0.02569963779291755, 0.02569963779291755, 0, [[31, 2, (84318.82415941388, 446995.7004732543)]]]
[0.4, 25.78400230407715, -0.0910919042503488, 0.03635696423302535, 0.03635696423302535, 0, [[114, 2, (84321.7806164654, 448354.19495508034)], [31, 2, (84318.82415941388, 446995.7004732543)]]]
[0.6000000000000001, 22.071001291275024, -0.07213578891537963, 0.053836815663178, 0.053836815663178, 0, [[114, 2, (84321.7806164654, 448354.19495508034)], [206, 2, (84273.25358559746, 447078.5908565712)], [31, 2, (84318.82415941388, 446995.7004732543)]]]
[0.8, 19.959002256393433, -0.055425755916022224, 0.06513741724572226, 0.06513741724572226, 0, [[114, 2, (84321.7806164654, 448354.19495508034)], [206, 2, (84273.25358559746, 447078.5908565712)], [226, 2, (84560.50398411034, 446806.73360668455)], [31, 2, (84318.82415941388, 446995.7004732543)]]]
[1.0, 23.83600163459778, -0.039857247571234974, 0.07949862999057176, 0.07949862999057176, 0, [[114, 2, (84321.7806164654, 448354.19495508034)], [206, 2, (84273.25358559746, 447078.5908565712)], [226, 2, (84560.50398411034, 446806.73360668455)], [30, 2, (84275.92700507122, 447079.9520429351)], [31, 2, (84318.82415941388, 446995.7004732543)]]]
[1.2, 26.8210027217865, -0.02529589180608525, 0.09260800416946807, 0.09260800442847407, 0, [[114, 2, (84321.7806164654, 448354.19495508034)], [206, 2, (84273.25358559746, 447078.5908565712)], [226, 2, (84560.50398411034, 446806.73360668455)], [30, 2, (84275.92700507122, 447079.9520429351)], [31, 2, (84318.82415941388, 446995.7004732543)], [70, 2, (84511.71855341281, 448279.6820707427)]]]
[1.4000000000000001, 24.137001752853394, -0.011729586805530398, 0.10508273584966832, 0.10508273584966832, 0, [[114, 2, (84321.7806164654, 448354.19495508034)], [205, 2, (84316.15073994012, 446994.3392868904)], [206, 2, (84273.25358559746, 447078.5908565712)], [226, 2, (84560.50398411034, 446806.73360668455)], [30, 2, (84275.92700507122, 447079.9520429351)], [31, 2, (84318.82415941388, 446995.7004732543)], [70, 2, (84511.71855341281, 448279.6820707427)]]]
[1.6, 21.451002836227417, -0.002724748235879276, 0.11122126668771176, 0.11122126668771176, 0, [[114, 2, (84321.7806164654, 448354.19495508034)], [205, 2, (84316.15073994012, 446994.3392868904)], [206, 2, (84273.25358559746, 447078.5908565712)], [226, 2, (84560.50398411034, 446806.73360668455)], [30, 2, (84275.92700507122, 447079.9520429351)], [31, 2, (84318.82415941388, 446995.7004732543)], [62, 2, (84734.4069749831, 446364.3296949315)], [70, 2, (84511.71855341281, 448279.6820707427)]]]
[1.8, 24.317002773284912, 0.0058180407599408845, 0.1191191177654059, 0.119119145027873, 0, [[104, 2, (84740.8489725257, 447494.64730339433)], [114, 2, (84321.7806164654, 448354.19495508034)], [205, 2, (84316.15073994012, 446994.3392868904)], [206, 2, (84273.25358559746, 447078.5908565712)], [226, 2, (84560.50398411034, 446806.73360668455)], [30, 2, (84275.92700507122, 447079.9520429351)], [31, 2, (84318.82415941388, 446995.7004732543)], [62, 2, (84734.4069749831, 446364.3296949315)], [70, 2, (84511.71855341281, 448279.6820707427)]]]
[2.0, 27.264001846313477, 0.013470286784766472, 0.12618397687863872, 0.12618397687863872, 0, [[104, 2, (84740.8489725257, 447494.64730339433)], [114, 2, (84321.7806164654, 448354.19495508034)], [144, 2, (84880.85876114457, 447505.5634201066)], [205, 2, (84316.15073994012, 446994.3392868904)], [206, 2, (84273.25358559746, 447078.5908565712)], [226, 2, (84560.50398411034, 446806.73360668455)], [30, 2, (84275.92700507122, 447079.9520429351)], [31, 2, (84318.82415941388, 446995.7004732543)], [62, 2, (84734.4069749831, 446364.3296949315)], [70, 2, (84511.71855341281, 448279.6820707427)]]]
