['budget', 'runtime', 'objective_value', 'flow_caught_optimal', 'flow_caught_fixed_solution', ['solution']]
[0.2, 4.827785968780518, 0.020816551221959613, 0.020898390309246704, 0.020898390309246704, [[226, 2, (84560.50398411034, 446806.73360668455)]]]
[0.4, 4.80634617805481, 0.03969823383322256, 0.03979942090025648, 0.03979942090025648, [[226, 2, (84560.50398411034, 446806.73360668455)], [70, 2, (84511.71855341281, 448279.6820707427)]]]
[0.6000000000000001, 4.754287958145142, 0.05322502499009336, 0.05334201243959415, 0.05334201243959415, [[114, 2, (84321.7806164654, 448354.19495508034)], [226, 2, (84560.50398411034, 446806.73360668455)], [70, 2, (84511.71855341281, 448279.6820707427)]]]
[0.8, 4.594756603240967, 0.06567061589654144, 0.06580715422968898, 0.06580715422968898, [[114, 2, (84321.7806164654, 448354.19495508034)], [163, 2, (85103.85770371312, 447346.7084731901)], [226, 2, (84560.50398411034, 446806.73360668455)], [70, 2, (84511.71855341281, 448279.6820707427)]]]
[1.0, 5.217051029205322, 0.07669342911231146, 0.07684926319083653, 0.07684926319083653, [[114, 2, (84321.7806164654, 448354.19495508034)], [163, 2, (85103.85770371312, 447346.7084731901)], [226, 2, (84560.50398411034, 446806.73360668455)], [26, 2, (84057.45199692005, 447189.4312589713)], [70, 2, (84511.71855341281, 448279.6820707427)]]]
[1.2, 5.07763934135437, 0.08731316803679967, 0.0874875414223228, 0.0874875414223228, [[114, 2, (84321.7806164654, 448354.19495508034)], [163, 2, (85103.85770371312, 447346.7084731901)], [226, 2, (84560.50398411034, 446806.73360668455)], [26, 2, (84057.45199692005, 447189.4312589713)], [62, 2, (84734.4069749831, 446364.3296949315)], [70, 2, (84511.71855341281, 448279.6820707427)]]]
[1.4000000000000001, 5.526426076889038, 0.09767247339815187, 0.09786506260770064, 0.09786506260770066, [[114, 2, (84321.7806164654, 448354.19495508034)], [163, 2, (85103.85770371312, 447346.7084731901)], [226, 2, (84560.50398411034, 446806.73360668455)], [26, 2, (84057.45199692005, 447189.4312589713)], [265, 2, (83650.41718289697, 448834.68904687284)], [62, 2, (84734.4069749831, 446364.3296949315)], [70, 2, (84511.71855341281, 448279.6820707427)]]]
[1.6, 6.646145820617676, 0.1064410459936512, 0.1066527641200247, 0.1066527641200247, [[114, 2, (84321.7806164654, 448354.19495508034)], [163, 2, (85103.85770371312, 447346.7084731901)], [226, 2, (84560.50398411034, 446806.73360668455)], [26, 2, (84057.45199692005, 447189.4312589713)], [265, 2, (83650.41718289697, 448834.68904687284)], [62, 2, (84734.4069749831, 446364.3296949315)], [65, 2, (84935.46094662073, 446105.53507511714)], [70, 2, (84511.71855341281, 448279.6820707427)]]]
[1.8, 8.563790798187256, 0.11419904827151255, 0.11442914229985195, 0.11442914229985195, [[114, 2, (84321.7806164654, 448354.19495508034)], [163, 2, (85103.85770371312, 447346.7084731901)], [226, 2, (84560.50398411034, 446806.73360668455)], [26, 2, (84057.45199692005, 447189.4312589713)], [262, 2, (83752.93210630848, 448501.4754733475)], [265, 2, (83650.41718289697, 448834.68904687284)], [62, 2, (84734.4069749831, 446364.3296949315)], [65, 2, (84935.46094662073, 446105.53507511714)], [70, 2, (84511.71855341281, 448279.6820707427)]]]
[2.0, 12.49397873878479, 0.12102361588829975, 0.12127279589604242, 0.12127249932008503, [[114, 2, (84321.7806164654, 448354.19495508034)], [161, 2, (85014.62799713778, 447197.8441528263)], [163, 2, (85103.85770371312, 447346.7084731901)], [226, 2, (84560.50398411034, 446806.73360668455)], [26, 2, (84057.45199692005, 447189.4312589713)], [262, 2, (83752.93210630848, 448501.4754733475)], [265, 2, (83650.41718289697, 448834.68904687284)], [62, 2, (84734.4069749831, 446364.3296949315)], [65, 2, (84935.46094662073, 446105.53507511714)], [70, 2, (84511.71855341281, 448279.6820707427)]]]
[2.2, 18.47291326522827, 0.1273424423100801, 0.12761139445876396, 0.12761139445876396, [[112, 2, (83980.35094895505, 448017.53443806164)], [114, 2, (84321.7806164654, 448354.19495508034)], [161, 2, (85014.62799713778, 447197.8441528263)], [163, 2, (85103.85770371312, 447346.7084731901)], [226, 2, (84560.50398411034, 446806.73360668455)], [26, 2, (84057.45199692005, 447189.4312589713)], [262, 2, (83752.93210630848, 448501.4754733475)], [265, 2, (83650.41718289697, 448834.68904687284)], [62, 2, (84734.4069749831, 446364.3296949315)], [65, 2, (84935.46094662073, 446105.53507511714)], [70, 2, (84511.71855341281, 448279.6820707427)]]]
[2.4000000000000004, 25.920135498046875, 0.13329628566930043, 0.13358506714562038, 0.13358480878825946, [[112, 2, (83980.35094895505, 448017.53443806164)], [114, 2, (84321.7806164654, 448354.19495508034)], [161, 2, (85014.62799713778, 447197.8441528263)], [163, 2, (85103.85770371312, 447346.7084731901)], [226, 2, (84560.50398411034, 446806.73360668455)], [26, 2, (84057.45199692005, 447189.4312589713)], [262, 2, (83752.93210630848, 448501.4754733475)], [265, 2, (83650.41718289697, 448834.68904687284)], [270, 2, (84376.6436397008, 448183.32462977996)], [62, 2, (84734.4069749831, 446364.3296949315)], [65, 2, (84935.46094662073, 446105.53507511714)], [70, 2, (84511.71855341281, 448279.6820707427)]]]
[2.6000000000000005, 32.92529106140137, 0.13863335225694706, 0.13894170417883112, 0.13894170417883112, [[112, 2, (83980.35094895505, 448017.53443806164)], [114, 2, (84321.7806164654, 448354.19495508034)], [161, 2, (85014.62799713778, 447197.8441528263)], [163, 2, (85103.85770371312, 447346.7084731901)], [226, 2, (84560.50398411034, 446806.73360668455)], [26, 2, (84057.45199692005, 447189.4312589713)], [262, 2, (83752.93210630848, 448501.4754733475)], [265, 2, (83650.41718289697, 448834.68904687284)], [270, 2, (84376.6436397008, 448183.32462977996)], [62, 2, (84734.4069749831, 446364.3296949315)], [65, 2, (84935.46094662073, 446105.53507511714)], [70, 2, (84511.71855341281, 448279.6820707427)], [99, 2, (84512.49811524196, 446822.22776476404)]]]
[2.8000000000000003, 31.248510360717773, 0.14371858471488805, 0.14404678945253047, 0.14404678945253047, [[112, 2, (83980.35094895505, 448017.53443806164)], [114, 2, (84321.7806164654, 448354.19495508034)], [161, 2, (85014.62799713778, 447197.8441528263)], [163, 2, (85103.85770371312, 447346.7084731901)], [217, 2, (84115.36331444263, 447892.89766792266)], [226, 2, (84560.50398411034, 446806.73360668455)], [26, 2, (84057.45199692005, 447189.4312589713)], [262, 2, (83752.93210630848, 448501.4754733475)], [265, 2, (83650.41718289697, 448834.68904687284)], [270, 2, (84376.6436397008, 448183.32462977996)], [62, 2, (84734.4069749831, 446364.3296949315)], [65, 2, (84935.46094662073, 446105.53507511714)], [70, 2, (84511.71855341281, 448279.6820707427)], [99, 2, (84512.49811524196, 446822.22776476404)]]]
[3.0000000000000004, 336.87422466278076, 0.14853257420854388, 0.14888008248060772, 0.1488797451423412, [[112, 2, (83980.35094895505, 448017.53443806164)], [114, 2, (84321.7806164654, 448354.19495508034)], [161, 2, (85014.62799713778, 447197.8441528263)], [163, 2, (85103.85770371312, 447346.7084731901)], [217, 2, (84115.36331444263, 447892.89766792266)], [220, 2, (84797.53882432751, 446215.3983899097)], [226, 2, (84560.50398411034, 446806.73360668455)], [26, 2, (84057.45199692005, 447189.4312589713)], [262, 2, (83752.93210630848, 448501.4754733475)], [265, 2, (83650.41718289697, 448834.68904687284)], [270, 2, (84376.6436397008, 448183.32462977996)], [62, 2, (84734.4069749831, 446364.3296949315)], [65, 2, (84935.46094662073, 446105.53507511714)], [70, 2, (84511.71855341281, 448279.6820707427)], [99, 2, (84512.49811524196, 446822.22776476404)]]]
[3.2, 304.0454456806183, 0.15330551513430465, 0.15367249666062463, 0.15367322840758815, [[112, 2, (83980.35094895505, 448017.53443806164)], [114, 2, (84321.7806164654, 448354.19495508034)], [161, 2, (85014.62799713778, 447197.8441528263)], [163, 2, (85103.85770371312, 447346.7084731901)], [217, 2, (84115.36331444263, 447892.89766792266)], [220, 2, (84797.53882432751, 446215.3983899097)], [226, 2, (84560.50398411034, 446806.73360668455)], [26, 2, (84057.45199692005, 447189.4312589713)], [262, 2, (83752.93210630848, 448501.4754733475)], [265, 2, (83650.41718289697, 448834.68904687284)], [270, 2, (84376.6436397008, 448183.32462977996)], [62, 2, (84734.4069749831, 446364.3296949315)], [65, 2, (84935.46094662073, 446105.53507511714)], [70, 2, (84511.71855341281, 448279.6820707427)], [97, 2, (83655.9665405288, 448521.7226134596)], [99, 2, (84512.49811524196, 446822.22776476404)]]]
[3.4000000000000004, 326.2331750392914, 0.15806551339027275, 0.1584516456063538, 0.1584516456063538, [[112, 2, (83980.35094895505, 448017.53443806164)], [114, 2, (84321.7806164654, 448354.19495508034)], [158, 2, (84785.11046605089, 447028.95647427486)], [161, 2, (85014.62799713778, 447197.8441528263)], [163, 2, (85103.85770371312, 447346.7084731901)], [217, 2, (84115.36331444263, 447892.89766792266)], [220, 2, (84797.53882432751, 446215.3983899097)], [226, 2, (84560.50398411034, 446806.73360668455)], [26, 2, (84057.45199692005, 447189.4312589713)], [262, 2, (83752.93210630848, 448501.4754733475)], [265, 2, (83650.41718289697, 448834.68904687284)], [270, 2, (84376.6436397008, 448183.32462977996)], [62, 2, (84734.4069749831, 446364.3296949315)], [65, 2, (84935.46094662073, 446105.53507511714)], [70, 2, (84511.71855341281, 448279.6820707427)], [97, 2, (83655.9665405288, 448521.7226134596)], [99, 2, (84512.49811524196, 446822.22776476404)]]]
[3.6000000000000005, 164.78345131874084, 0.16239253882563362, 0.16279847707247863, 0.16279847707247863, [[112, 2, (83980.35094895505, 448017.53443806164)], [114, 2, (84321.7806164654, 448354.19495508034)], [158, 2, (84785.11046605089, 447028.95647427486)], [161, 2, (85014.62799713778, 447197.8441528263)], [163, 2, (85103.85770371312, 447346.7084731901)], [217, 2, (84115.36331444263, 447892.89766792266)], [220, 2, (84797.53882432751, 446215.3983899097)], [226, 2, (84560.50398411034, 446806.73360668455)], [26, 2, (84057.45199692005, 447189.4312589713)], [262, 2, (83752.93210630848, 448501.4754733475)], [265, 2, (83650.41718289697, 448834.68904687284)], [270, 2, (84376.6436397008, 448183.32462977996)], [281, 2, (84637.4790410537, 447861.5734633781)], [62, 2, (84734.4069749831, 446364.3296949315)], [65, 2, (84935.46094662073, 446105.53507511714)], [70, 2, (84511.71855341281, 448279.6820707427)], [97, 2, (83655.9665405288, 448521.7226134596)], [99, 2, (84512.49811524196, 446822.22776476404)]]]
[3.8000000000000003, 210.8896222114563, 0.1667145602129987, 0.16714038791949923, 0.16714038791949923, [[112, 2, (83980.35094895505, 448017.53443806164)], [114, 2, (84321.7806164654, 448354.19495508034)], [158, 2, (84785.11046605089, 447028.95647427486)], [161, 2, (85014.62799713778, 447197.8441528263)], [163, 2, (85103.85770371312, 447346.7084731901)], [205, 2, (84316.15073994012, 446994.3392868904)], [217, 2, (84115.36331444263, 447892.89766792266)], [220, 2, (84797.53882432751, 446215.3983899097)], [226, 2, (84560.50398411034, 446806.73360668455)], [26, 2, (84057.45199692005, 447189.4312589713)], [262, 2, (83752.93210630848, 448501.4754733475)], [265, 2, (83650.41718289697, 448834.68904687284)], [270, 2, (84376.6436397008, 448183.32462977996)], [281, 2, (84637.4790410537, 447861.5734633781)], [62, 2, (84734.4069749831, 446364.3296949315)], [65, 2, (84935.46094662073, 446105.53507511714)], [70, 2, (84511.71855341281, 448279.6820707427)], [97, 2, (83655.9665405288, 448521.7226134596)], [99, 2, (84512.49811524196, 446822.22776476404)]]]
[4.0, 551.9969429969788, 0.17080565984125864, 0.17124938120377803, 0.17124938120377803, [[112, 2, (83980.35094895505, 448017.53443806164)], [114, 2, (84321.7806164654, 448354.19495508034)], [158, 2, (84785.11046605089, 447028.95647427486)], [161, 2, (85014.62799713778, 447197.8441528263)], [163, 2, (85103.85770371312, 447346.7084731901)], [205, 2, (84316.15073994012, 446994.3392868904)], [217, 2, (84115.36331444263, 447892.89766792266)], [220, 2, (84797.53882432751, 446215.3983899097)], [226, 2, (84560.50398411034, 446806.73360668455)], [261, 2, (83884.42612877121, 448433.36499306577)], [26, 2, (84057.45199692005, 447189.4312589713)], [262, 2, (83752.93210630848, 448501.4754733475)], [265, 2, (83650.41718289697, 448834.68904687284)], [270, 2, (84376.6436397008, 448183.32462977996)], [281, 2, (84637.4790410537, 447861.5734633781)], [62, 2, (84734.4069749831, 446364.3296949315)], [65, 2, (84935.46094662073, 446105.53507511714)], [70, 2, (84511.71855341281, 448279.6820707427)], [97, 2, (83655.9665405288, 448521.7226134596)], [99, 2, (84512.49811524196, 446822.22776476404)]]]
