['budget', 'runtime', 'objective_value', 'flow_caught_optimal', 'flow_caught_fixed_solution', ['solution']]
[0.2, 5.119252920150757, 0.07398226362004065, 0.07426512708547904, 0.07426512708547904, [[144, 2, (84880.85876114457, 447505.5634201066)]]]
[0.4, 6.81277060508728, 0.14741112297719336, 0.1476890892403564, 0.1476890892403564, [[144, 2, (84880.85876114457, 447505.5634201066)], [207, 2, (84230.3564312548, 447162.8424262521)]]]
[0.6000000000000001, 6.678958177566528, 0.18893841347255425, 0.18922813189035584, 0.18922813189035584, [[144, 2, (84880.85876114457, 447505.5634201066)], [207, 2, (84230.3564312548, 447162.8424262521)], [70, 2, (84511.71855341281, 448279.6820707427)]]]
[0.8, 7.373955249786377, 0.22640003720280066, 0.2267027938323768, 0.2267027938323768, [[142, 2, (85273.88042519178, 447453.43639733037)], [144, 2, (84880.85876114457, 447505.5634201066)], [207, 2, (84230.3564312548, 447162.8424262521)], [70, 2, (84511.71855341281, 448279.6820707427)]]]
[1.0, 9.221722602844238, 0.2618249542476166, 0.26213020671887205, 0.26213020671887205, [[142, 2, (85273.88042519178, 447453.43639733037)], [144, 2, (84880.85876114457, 447505.5634201066)], [154, 2, (84688.10122435533, 447777.1268159442)], [207, 2, (84230.3564312548, 447162.8424262521)], [70, 2, (84511.71855341281, 448279.6820707427)]]]
[1.2, 10.713931560516357, 0.2877644592537005, 0.28808441946813507, 0.288084419467637, [[132, 2, (84242.91139009832, 448092.9856048382)], [142, 2, (85273.88042519178, 447453.43639733037)], [144, 2, (84880.85876114457, 447505.5634201066)], [154, 2, (84688.10122435533, 447777.1268159442)], [207, 2, (84230.3564312548, 447162.8424262521)], [70, 2, (84511.71855341281, 448279.6820707427)]]]
[1.4000000000000001, 18.642006874084473, 0.31326558735293675, 0.31359928218862304, 0.31359928218862304, [[132, 2, (84242.91139009832, 448092.9856048382)], [142, 2, (85273.88042519178, 447453.43639733037)], [144, 2, (84880.85876114457, 447505.5634201066)], [154, 2, (84688.10122435533, 447777.1268159442)], [175, 2, (85103.32332840441, 447746.2241638586)], [207, 2, (84230.3564312548, 447162.8424262521)], [70, 2, (84511.71855341281, 448279.6820707427)]]]
[1.6, 23.507843017578125, 0.3370939053008841, 0.33744017775443286, 0.33744017775443286, [[132, 2, (84242.91139009832, 448092.9856048382)], [142, 2, (85273.88042519178, 447453.43639733037)], [144, 2, (84880.85876114457, 447505.5634201066)], [154, 2, (84688.10122435533, 447777.1268159442)], [175, 2, (85103.32332840441, 447746.2241638586)], [207, 2, (84230.3564312548, 447162.8424262521)], [32, 2, (84361.72131375656, 446911.44890357344)], [70, 2, (84511.71855341281, 448279.6820707427)]]]
[1.8, 223.61120510101318, 0.3588465758223911, 0.3592059146089146, 0.3592059146089146, [[132, 2, (84242.91139009832, 448092.9856048382)], [142, 2, (85273.88042519178, 447453.43639733037)], [144, 2, (84880.85876114457, 447505.5634201066)], [154, 2, (84688.10122435533, 447777.1268159442)], [175, 2, (85103.32332840441, 447746.2241638586)], [207, 2, (84230.3564312548, 447162.8424262521)], [32, 2, (84361.72131375656, 446911.44890357344)], [70, 2, (84511.71855341281, 448279.6820707427)], [9, 2, (84317.01956255075, 447286.89704053523)]]]
[2.0, 24181.093448400497, 0.37743559044718045, 0.3778065395936071, 0.3778065395936071, [[134, 2, (84374.9184094457, 448185.77892816585)], [142, 2, (85273.88042519178, 447453.43639733037)], [144, 2, (84880.85876114457, 447505.5634201066)], [151, 2, (84635.68524302474, 447863.97810235963)], [154, 2, (84688.10122435533, 447777.1268159442)], [175, 2, (85103.32332840441, 447746.2241638586)], [207, 2, (84230.3564312548, 447162.8424262521)], [32, 2, (84361.72131375656, 446911.44890357344)], [70, 2, (84511.71855341281, 448279.6820707427)], [9, 2, (84317.01956255075, 447286.89704053523)]]]
