['budget', 'runtime', 'objective_value', 'flow_caught_optimal', 'flow_caught_fixed_solution', 'flow_impact_area', ['solution']]
[0.2, 1.9019978046417236, 0.016891433837855897, 0.017066546061384694, 0.01706654606138521, 3.4388339660526945, [[53, 2, (84547.11687055952, 448303.43531119917)]]]
[0.4, 1.7359950542449951, 0.02797518694736344, 0.02816907898630336, 0.021312854912209106, 3.4117825054159585, [[116, 2, (85103.85770371312, 447346.7084731901)], [53, 2, (84547.11687055952, 448303.43531119917)]]]
[0.6000000000000001, 1.7600085735321045, 0.03891528568176132, 0.03912673566470938, 0.03016494261748101, 3.357642187516989, [[116, 2, (85103.85770371312, 447346.7084731901)], [20, 2, (84033.22169951578, 447172.49598048395)], [53, 2, (84547.11687055952, 448303.43531119917)]]]
[0.8, 1.92799711227417, 0.04837318839817604, 0.04860371212830895, 0.04069840497215763, 3.337107186668865, [[116, 2, (85103.85770371312, 447346.7084731901)], [176, 2, (84354.64246980957, 448167.859075892)], [20, 2, (84033.22169951578, 447172.49598048395)], [53, 2, (84547.11687055952, 448303.43531119917)]]]
[1.0, 1.8170642852783203, 0.05776283258951472, 0.058012456199353135, 0.051656018292424166, 3.3171515431233516, [[116, 2, (85103.85770371312, 447346.7084731901)], [145, 2, (84241.08071984047, 447141.77953383187)], [176, 2, (84354.64246980957, 448167.859075892)], [20, 2, (84033.22169951578, 447172.49598048395)], [53, 2, (84547.11687055952, 448303.43531119917)]]]
[1.2, 1.8679945468902588, 0.06621902953476563, 0.06648118307558207, 0.05702755639393771, 3.1515403069650727, [[116, 2, (85103.85770371312, 447346.7084731901)], [145, 2, (84241.08071984047, 447141.77953383187)], [172, 2, (83884.42612877121, 448433.36499306577)], [176, 2, (84354.64246980957, 448167.859075892)], [20, 2, (84033.22169951578, 447172.49598048395)], [53, 2, (84547.11687055952, 448303.43531119917)]]]
[1.4000000000000001, 1.9190969467163086, 0.07448047165273088, 0.07476172516514154, 0.06639419931507948, 3.1315867005930835, [[116, 2, (85103.85770371312, 447346.7084731901)], [144, 2, (84294.7021627688, 447036.4650717308)], [172, 2, (83884.42612877121, 448433.36499306577)], [176, 2, (84354.64246980957, 448167.859075892)], [20, 2, (84033.22169951578, 447172.49598048395)], [24, 2, (84297.37558224256, 447037.8262580947)], [53, 2, (84547.11687055952, 448303.43531119917)]]]
[1.6, 1.9710001945495605, 0.08219974377414256, 0.08249798614564868, 0.07456674355452048, 3.0648297849638153, [[116, 2, (85103.85770371312, 447346.7084731901)], [144, 2, (84294.7021627688, 447036.4650717308)], [172, 2, (83884.42612877121, 448433.36499306577)], [176, 2, (84354.64246980957, 448167.859075892)], [20, 2, (84033.22169951578, 447172.49598048395)], [24, 2, (84297.37558224256, 447037.8262580947)], [46, 2, (84669.18401079041, 446520.31075752433)], [53, 2, (84547.11687055952, 448303.43531119917)]]]
[1.8, 2.046006679534912, 0.0892448107378594, 0.08956235749428595, 0.08103177928153203, 3.049408016720591, [[102, 2, (84880.85876114457, 447505.5634201066)], [116, 2, (85103.85770371312, 447346.7084731901)], [144, 2, (84294.7021627688, 447036.4650717308)], [172, 2, (83884.42612877121, 448433.36499306577)], [176, 2, (84354.64246980957, 448167.859075892)], [20, 2, (84033.22169951578, 447172.49598048395)], [24, 2, (84297.37558224256, 447037.8262580947)], [46, 2, (84669.18401079041, 446520.31075752433)], [53, 2, (84547.11687055952, 448303.43531119917)]]]
[2.0, 2.16699481010437, 0.0960795064157985, 0.0964160576908845, 0.08598680492096068, 3.02733822126131, [[102, 2, (84880.85876114457, 447505.5634201066)], [116, 2, (85103.85770371312, 447346.7084731901)], [144, 2, (84294.7021627688, 447036.4650717308)], [172, 2, (83884.42612877121, 448433.36499306577)], [176, 2, (84354.64246980957, 448167.859075892)], [20, 2, (84033.22169951578, 447172.49598048395)], [24, 2, (84297.37558224256, 447037.8262580947)], [46, 2, (84669.18401079041, 446520.31075752433)], [53, 2, (84547.11687055952, 448303.43531119917)], [80, 2, (83980.35094895505, 448017.53443806164)]]]
[2.2, 1.9410014152526855, 0.10273552231776158, 0.10309131994125563, 0.08896834494288348, 3.0106297850463166, [[102, 2, (84880.85876114457, 447505.5634201066)], [116, 2, (85103.85770371312, 447346.7084731901)], [144, 2, (84294.7021627688, 447036.4650717308)], [164, 2, (84259.41022179423, 447933.149900143)], [172, 2, (83884.42612877121, 448433.36499306577)], [176, 2, (84354.64246980957, 448167.859075892)], [20, 2, (84033.22169951578, 447172.49598048395)], [24, 2, (84297.37558224256, 447037.8262580947)], [46, 2, (84669.18401079041, 446520.31075752433)], [53, 2, (84547.11687055952, 448303.43531119917)], [80, 2, (83980.35094895505, 448017.53443806164)]]]
[2.4000000000000004, 1.8420023918151855, 0.1085275690511051, 0.10890285126170197, 0.09578651887460153, 2.999203094504639, [[102, 2, (84880.85876114457, 447505.5634201066)], [116, 2, (85103.85770371312, 447346.7084731901)], [144, 2, (84294.7021627688, 447036.4650717308)], [148, 2, (84387.50925558225, 447336.59303757077)], [164, 2, (84259.41022179423, 447933.149900143)], [172, 2, (83884.42612877121, 448433.36499306577)], [176, 2, (84354.64246980957, 448167.859075892)], [20, 2, (84033.22169951578, 447172.49598048395)], [24, 2, (84297.37558224256, 447037.8262580947)], [46, 2, (84669.18401079041, 446520.31075752433)], [53, 2, (84547.11687055952, 448303.43531119917)], [80, 2, (83980.35094895505, 448017.53443806164)]]]
[2.6000000000000005, 1.9323203563690186, 0.1141164361559494, 0.11450803506470485, 0.09990279303864949, 2.9175443883667995, [[102, 2, (84880.85876114457, 447505.5634201066)], [116, 2, (85103.85770371312, 447346.7084731901)], [144, 2, (84294.7021627688, 447036.4650717308)], [148, 2, (84387.50925558225, 447336.59303757077)], [164, 2, (84259.41022179423, 447933.149900143)], [172, 2, (83884.42612877121, 448433.36499306577)], [176, 2, (84354.64246980957, 448167.859075892)], [20, 2, (84033.22169951578, 447172.49598048395)], [24, 2, (84297.37558224256, 447037.8262580947)], [46, 2, (84669.18401079041, 446520.31075752433)], [53, 2, (84547.11687055952, 448303.43531119917)], [80, 2, (83980.35094895505, 448017.53443806164)], [82, 2, (84351.56594212889, 448323.69011376763)]]]
[2.8000000000000003, 1.9699959754943848, 0.11969419816799252, 0.1201052406378008, 0.10306277843474028, 2.9052081513618875, [[102, 2, (84880.85876114457, 447505.5634201066)], [116, 2, (85103.85770371312, 447346.7084731901)], [144, 2, (84294.7021627688, 447036.4650717308)], [148, 2, (84387.50925558225, 447336.59303757077)], [164, 2, (84259.41022179423, 447933.149900143)], [167, 2, (84627.07699752695, 447409.1412611593)], [172, 2, (83884.42612877121, 448433.36499306577)], [176, 2, (84354.64246980957, 448167.859075892)], [20, 2, (84033.22169951578, 447172.49598048395)], [24, 2, (84297.37558224256, 447037.8262580947)], [46, 2, (84669.18401079041, 446520.31075752433)], [53, 2, (84547.11687055952, 448303.43531119917)], [80, 2, (83980.35094895505, 448017.53443806164)], [82, 2, (84351.56594212889, 448323.69011376763)]]]
[3.0000000000000004, 2.130995750427246, 0.12525657103153343, 0.1256849454704532, 0.10686906653182315, 2.846057975884242, [[102, 2, (84880.85876114457, 447505.5634201066)], [112, 2, (84769.80929731176, 447017.69729570474)], [116, 2, (85103.85770371312, 447346.7084731901)], [144, 2, (84294.7021627688, 447036.4650717308)], [148, 2, (84387.50925558225, 447336.59303757077)], [164, 2, (84259.41022179423, 447933.149900143)], [167, 2, (84627.07699752695, 447409.1412611593)], [172, 2, (83884.42612877121, 448433.36499306577)], [176, 2, (84354.64246980957, 448167.859075892)], [20, 2, (84033.22169951578, 447172.49598048395)], [24, 2, (84297.37558224256, 447037.8262580947)], [46, 2, (84669.18401079041, 446520.31075752433)], [53, 2, (84547.11687055952, 448303.43531119917)], [80, 2, (83980.35094895505, 448017.53443806164)], [82, 2, (84351.56594212889, 448323.69011376763)]]]
[3.2, 2.221996307373047, 0.1306269398282519, 0.131074811241872, 0.11084019626720096, 2.8349059180561227, [[102, 2, (84880.85876114457, 447505.5634201066)], [112, 2, (84769.80929731176, 447017.69729570474)], [116, 2, (85103.85770371312, 447346.7084731901)], [144, 2, (84294.7021627688, 447036.4650717308)], [148, 2, (84387.50925558225, 447336.59303757077)], [164, 2, (84259.41022179423, 447933.149900143)], [167, 2, (84627.07699752695, 447409.1412611593)], [172, 2, (83884.42612877121, 448433.36499306577)], [176, 2, (84354.64246980957, 448167.859075892)], [20, 2, (84033.22169951578, 447172.49598048395)], [24, 2, (84297.37558224256, 447037.8262580947)], [46, 2, (84669.18401079041, 446520.31075752433)], [53, 2, (84547.11687055952, 448303.43531119917)], [80, 2, (83980.35094895505, 448017.53443806164)], [82, 2, (84351.56594212889, 448323.69011376763)], [94, 2, (84352.91723955447, 448170.3133742779)]]]
[3.4000000000000004, 2.19299578666687, 0.13585686205669242, 0.13632426104052794, 0.11447683838773465, 2.824432162002477, [[102, 2, (84880.85876114457, 447505.5634201066)], [112, 2, (84769.80929731176, 447017.69729570474)], [116, 2, (85103.85770371312, 447346.7084731901)], [144, 2, (84294.7021627688, 447036.4650717308)], [148, 2, (84387.50925558225, 447336.59303757077)], [164, 2, (84259.41022179423, 447933.149900143)], [167, 2, (84627.07699752695, 447409.1412611593)], [172, 2, (83884.42612877121, 448433.36499306577)], [176, 2, (84354.64246980957, 448167.859075892)], [20, 2, (84033.22169951578, 447172.49598048395)], [24, 2, (84297.37558224256, 447037.8262580947)], [46, 2, (84669.18401079041, 446520.31075752433)], [53, 2, (84547.11687055952, 448303.43531119917)], [55, 2, (84759.50677343977, 448445.9547539382)], [80, 2, (83980.35094895505, 448017.53443806164)], [82, 2, (84351.56594212889, 448323.69011376763)], [94, 2, (84352.91723955447, 448170.3133742779)]]]
[3.6000000000000005, 2.3620059490203857, 0.14107599588977884, 0.1415628758432888, 0.11974354697342265, 2.8129252731703347, [[102, 2, (84880.85876114457, 447505.5634201066)], [105, 2, (84716.50958487163, 447581.70587103994)], [112, 2, (84769.80929731176, 447017.69729570474)], [116, 2, (85103.85770371312, 447346.7084731901)], [144, 2, (84294.7021627688, 447036.4650717308)], [148, 2, (84387.50925558225, 447336.59303757077)], [164, 2, (84259.41022179423, 447933.149900143)], [167, 2, (84627.07699752695, 447409.1412611593)], [172, 2, (83884.42612877121, 448433.36499306577)], [176, 2, (84354.64246980957, 448167.859075892)], [20, 2, (84033.22169951578, 447172.49598048395)], [24, 2, (84297.37558224256, 447037.8262580947)], [46, 2, (84669.18401079041, 446520.31075752433)], [53, 2, (84547.11687055952, 448303.43531119917)], [55, 2, (84759.50677343977, 448445.9547539382)], [80, 2, (83980.35094895505, 448017.53443806164)], [82, 2, (84351.56594212889, 448323.69011376763)], [94, 2, (84352.91723955447, 448170.3133742779)]]]
[3.8000000000000003, 2.4919939041137695, 0.14605467961796723, 0.14656108817537747, 0.12662922576725635, 2.802474433887456, [[102, 2, (84880.85876114457, 447505.5634201066)], [105, 2, (84716.50958487163, 447581.70587103994)], [112, 2, (84769.80929731176, 447017.69729570474)], [116, 2, (85103.85770371312, 447346.7084731901)], [144, 2, (84294.7021627688, 447036.4650717308)], [145, 2, (84241.08071984047, 447141.77953383187)], [148, 2, (84387.50925558225, 447336.59303757077)], [164, 2, (84259.41022179423, 447933.149900143)], [167, 2, (84627.07699752695, 447409.1412611593)], [172, 2, (83884.42612877121, 448433.36499306577)], [176, 2, (84354.64246980957, 448167.859075892)], [20, 2, (84033.22169951578, 447172.49598048395)], [24, 2, (84297.37558224256, 447037.8262580947)], [46, 2, (84669.18401079041, 446520.31075752433)], [53, 2, (84547.11687055952, 448303.43531119917)], [55, 2, (84759.50677343977, 448445.9547539382)], [80, 2, (83980.35094895505, 448017.53443806164)], [82, 2, (84351.56594212889, 448323.69011376763)], [94, 2, (84352.91723955447, 448170.3133742779)]]]
[4.0, 2.738995313644409, 0.15099041256017168, 0.1515153251708997, 0.12916428267678218, 2.7693093348022257, [[102, 2, (84880.85876114457, 447505.5634201066)], [105, 2, (84716.50958487163, 447581.70587103994)], [112, 2, (84769.80929731176, 447017.69729570474)], [116, 2, (85103.85770371312, 447346.7084731901)], [144, 2, (84294.7021627688, 447036.4650717308)], [145, 2, (84241.08071984047, 447141.77953383187)], [148, 2, (84387.50925558225, 447336.59303757077)], [152, 2, (84814.15283194844, 446180.5738827459)], [164, 2, (84259.41022179423, 447933.149900143)], [167, 2, (84627.07699752695, 447409.1412611593)], [172, 2, (83884.42612877121, 448433.36499306577)], [176, 2, (84354.64246980957, 448167.859075892)], [20, 2, (84033.22169951578, 447172.49598048395)], [24, 2, (84297.37558224256, 447037.8262580947)], [46, 2, (84669.18401079041, 446520.31075752433)], [53, 2, (84547.11687055952, 448303.43531119917)], [55, 2, (84759.50677343977, 448445.9547539382)], [80, 2, (83980.35094895505, 448017.53443806164)], [82, 2, (84351.56594212889, 448323.69011376763)], [94, 2, (84352.91723955447, 448170.3133742779)]]]
