['budget', 'runtime', 'objective_value', 'flow_caught_optimal', 'flow_caught_fixed_solution', 'flow_impact_area', ['solution']]
[0.2, 0.11269783973693848, 0.016891433837856438, 0.01706654606138521, 0.01706654606138521, 0, [[53, 2, (84547.11687055952, 448303.43531119917)]]]
[0.4, 0.2004995346069336, 0.027975191508710324, 0.028169083970626525, 0.021312854912209103, 0, [[53, 2, (84547.11687055952, 448303.43531119917)], [116, 2, (85103.85770371312, 447346.7084731901)]]]
[0.6000000000000001, 0.25931715965270996, 0.03891528568176183, 0.03912673566470985, 0.030164942617481018, 0, [[20, 2, (84033.22169951578, 447172.49598048395)], [53, 2, (84547.11687055952, 448303.43531119917)], [116, 2, (85103.85770371312, 447346.7084731901)]]]
[0.8, 0.3243441581726074, 0.04837318840938298, 0.048603712139701674, 0.04069840497215763, 0, [[20, 2, (84033.22169951578, 447172.49598048395)], [53, 2, (84547.11687055952, 448303.43531119917)], [116, 2, (85103.85770371312, 447346.7084731901)], [176, 2, (84354.64246980957, 448167.859075892)]]]
[1.0, 0.4837491512298584, 0.057762832728915615, 0.058012456344691016, 0.05165601829242416, 0, [[20, 2, (84033.22169951578, 447172.49598048395)], [53, 2, (84547.11687055952, 448303.43531119917)], [116, 2, (85103.85770371312, 447346.7084731901)], [145, 2, (84241.08071984047, 447141.77953383187)], [176, 2, (84354.64246980957, 448167.859075892)]]]
[1.2, 0.6941988468170166, 0.06621902953476572, 0.06648118307558205, 0.057027556393937716, 0, [[20, 2, (84033.22169951578, 447172.49598048395)], [53, 2, (84547.11687055952, 448303.43531119917)], [116, 2, (85103.85770371312, 447346.7084731901)], [145, 2, (84241.08071984047, 447141.77953383187)], [172, 2, (83884.42612877121, 448433.36499306577)], [176, 2, (84354.64246980957, 448167.859075892)]]]
[1.4000000000000001, 0.8550057411193848, 0.07397954302554015, 0.07425867715288395, 0.06639419931507948, 0, [[20, 2, (84033.22169951578, 447172.49598048395)], [46, 2, (84669.18401079041, 446520.31075752433)], [53, 2, (84547.11687055952, 448303.43531119917)], [116, 2, (85103.85770371312, 447346.7084731901)], [145, 2, (84241.08071984047, 447141.77953383187)], [172, 2, (83884.42612877121, 448433.36499306577)], [176, 2, (84354.64246980957, 448167.859075892)]]]
[1.6, 1.1342291831970215, 0.08125514162986755, 0.08155352444860864, 0.07456674355452048, 0, [[20, 2, (84033.22169951578, 447172.49598048395)], [46, 2, (84669.18401079041, 446520.31075752433)], [53, 2, (84547.11687055952, 448303.43531119917)], [116, 2, (85103.85770371312, 447346.7084731901)], [144, 2, (84294.7021627688, 447036.4650717308)], [145, 2, (84241.08071984047, 447141.77953383187)], [172, 2, (83884.42612877121, 448433.36499306577)], [176, 2, (84354.64246980957, 448167.859075892)]]]
[1.8, 1.172980546951294, 0.0883002045406769, 0.08861789174377391, 0.08103177928153205, 0, [[20, 2, (84033.22169951578, 447172.49598048395)], [46, 2, (84669.18401079041, 446520.31075752433)], [53, 2, (84547.11687055952, 448303.43531119917)], [102, 2, (84880.85876114457, 447505.5634201066)], [116, 2, (85103.85770371312, 447346.7084731901)], [144, 2, (84294.7021627688, 447036.4650717308)], [145, 2, (84241.08071984047, 447141.77953383187)], [172, 2, (83884.42612877121, 448433.36499306577)], [176, 2, (84354.64246980957, 448167.859075892)]]]
[2.0, 1.2882945537567139, 0.09513490217867956, 0.09547159390134177, 0.0859868049209607, 0, [[20, 2, (84033.22169951578, 447172.49598048395)], [46, 2, (84669.18401079041, 446520.31075752433)], [53, 2, (84547.11687055952, 448303.43531119917)], [80, 2, (83980.35094895505, 448017.53443806164)], [102, 2, (84880.85876114457, 447505.5634201066)], [116, 2, (85103.85770371312, 447346.7084731901)], [144, 2, (84294.7021627688, 447036.4650717308)], [145, 2, (84241.08071984047, 447141.77953383187)], [172, 2, (83884.42612877121, 448433.36499306577)], [176, 2, (84354.64246980957, 448167.859075892)]]]
[2.2, 1.4586782455444336, 0.10179091799626398, 0.10214685606734385, 0.0889683449428835, 0, [[20, 2, (84033.22169951578, 447172.49598048395)], [46, 2, (84669.18401079041, 446520.31075752433)], [53, 2, (84547.11687055952, 448303.43531119917)], [80, 2, (83980.35094895505, 448017.53443806164)], [102, 2, (84880.85876114457, 447505.5634201066)], [116, 2, (85103.85770371312, 447346.7084731901)], [144, 2, (84294.7021627688, 447036.4650717308)], [145, 2, (84241.08071984047, 447141.77953383187)], [164, 2, (84259.41022179423, 447933.149900143)], [172, 2, (83884.42612877121, 448433.36499306577)], [176, 2, (84354.64246980957, 448167.859075892)]]]
[2.4000000000000004, 1.6878790855407715, 0.10771578680563514, 0.10809111266774293, 0.09578651887460152, 0, [[20, 2, (84033.22169951578, 447172.49598048395)], [24, 2, (84297.37558224256, 447037.8262580947)], [46, 2, (84669.18401079041, 446520.31075752433)], [53, 2, (84547.11687055952, 448303.43531119917)], [80, 2, (83980.35094895505, 448017.53443806164)], [102, 2, (84880.85876114457, 447505.5634201066)], [116, 2, (85103.85770371312, 447346.7084731901)], [144, 2, (84294.7021627688, 447036.4650717308)], [145, 2, (84241.08071984047, 447141.77953383187)], [164, 2, (84259.41022179423, 447933.149900143)], [172, 2, (83884.42612877121, 448433.36499306577)], [176, 2, (84354.64246980957, 448167.859075892)]]]
[2.6000000000000005, 1.6898531913757324, 0.11350782921607798, 0.11390263966568118, 0.09990279303864949, 0, [[20, 2, (84033.22169951578, 447172.49598048395)], [24, 2, (84297.37558224256, 447037.8262580947)], [46, 2, (84669.18401079041, 446520.31075752433)], [53, 2, (84547.11687055952, 448303.43531119917)], [80, 2, (83980.35094895505, 448017.53443806164)], [102, 2, (84880.85876114457, 447505.5634201066)], [116, 2, (85103.85770371312, 447346.7084731901)], [144, 2, (84294.7021627688, 447036.4650717308)], [145, 2, (84241.08071984047, 447141.77953383187)], [148, 2, (84387.50925558225, 447336.59303757077)], [164, 2, (84259.41022179423, 447933.149900143)], [172, 2, (83884.42612877121, 448433.36499306577)], [176, 2, (84354.64246980957, 448167.859075892)]]]
[2.8000000000000003, 1.98805570602417, 0.11909669630804753, 0.11950782345581766, 0.1030627784347403, 0, [[20, 2, (84033.22169951578, 447172.49598048395)], [24, 2, (84297.37558224256, 447037.8262580947)], [46, 2, (84669.18401079041, 446520.31075752433)], [53, 2, (84547.11687055952, 448303.43531119917)], [80, 2, (83980.35094895505, 448017.53443806164)], [82, 2, (84351.56594212889, 448323.69011376763)], [102, 2, (84880.85876114457, 447505.5634201066)], [116, 2, (85103.85770371312, 447346.7084731901)], [144, 2, (84294.7021627688, 447036.4650717308)], [145, 2, (84241.08071984047, 447141.77953383187)], [148, 2, (84387.50925558225, 447336.59303757077)], [164, 2, (84259.41022179423, 447933.149900143)], [172, 2, (83884.42612877121, 448433.36499306577)], [176, 2, (84354.64246980957, 448167.859075892)]]]
[3.0000000000000004, 1.976184368133545, 0.12467445808180141, 0.12510502879064705, 0.10686906653182315, 0, [[20, 2, (84033.22169951578, 447172.49598048395)], [24, 2, (84297.37558224256, 447037.8262580947)], [46, 2, (84669.18401079041, 446520.31075752433)], [53, 2, (84547.11687055952, 448303.43531119917)], [80, 2, (83980.35094895505, 448017.53443806164)], [82, 2, (84351.56594212889, 448323.69011376763)], [102, 2, (84880.85876114457, 447505.5634201066)], [116, 2, (85103.85770371312, 447346.7084731901)], [144, 2, (84294.7021627688, 447036.4650717308)], [145, 2, (84241.08071984047, 447141.77953383187)], [148, 2, (84387.50925558225, 447336.59303757077)], [164, 2, (84259.41022179423, 447933.149900143)], [167, 2, (84627.07699752695, 447409.1412611593)], [172, 2, (83884.42612877121, 448433.36499306577)], [176, 2, (84354.64246980957, 448167.859075892)]]]
[3.2, 2.10610294342041, 0.1302353927767124, 0.13068329577027948, 0.11084019626720096, 0, [[20, 2, (84033.22169951578, 447172.49598048395)], [24, 2, (84297.37558224256, 447037.8262580947)], [46, 2, (84669.18401079041, 446520.31075752433)], [53, 2, (84547.11687055952, 448303.43531119917)], [80, 2, (83980.35094895505, 448017.53443806164)], [82, 2, (84351.56594212889, 448323.69011376763)], [102, 2, (84880.85876114457, 447505.5634201066)], [112, 2, (84769.80929731176, 447017.69729570474)], [116, 2, (85103.85770371312, 447346.7084731901)], [144, 2, (84294.7021627688, 447036.4650717308)], [145, 2, (84241.08071984047, 447141.77953383187)], [148, 2, (84387.50925558225, 447336.59303757077)], [164, 2, (84259.41022179423, 447933.149900143)], [167, 2, (84627.07699752695, 447409.1412611593)], [172, 2, (83884.42612877121, 448433.36499306577)], [176, 2, (84354.64246980957, 448167.859075892)]]]
[3.4000000000000004, 2.3371591567993164, 0.13560576114146253, 0.1360731611097702, 0.11447683838773463, 0, [[20, 2, (84033.22169951578, 447172.49598048395)], [24, 2, (84297.37558224256, 447037.8262580947)], [46, 2, (84669.18401079041, 446520.31075752433)], [53, 2, (84547.11687055952, 448303.43531119917)], [80, 2, (83980.35094895505, 448017.53443806164)], [82, 2, (84351.56594212889, 448323.69011376763)], [94, 2, (84352.91723955447, 448170.3133742779)], [102, 2, (84880.85876114457, 447505.5634201066)], [112, 2, (84769.80929731176, 447017.69729570474)], [116, 2, (85103.85770371312, 447346.7084731901)], [144, 2, (84294.7021627688, 447036.4650717308)], [145, 2, (84241.08071984047, 447141.77953383187)], [148, 2, (84387.50925558225, 447336.59303757077)], [164, 2, (84259.41022179423, 447933.149900143)], [167, 2, (84627.07699752695, 447409.1412611593)], [172, 2, (83884.42612877121, 448433.36499306577)], [176, 2, (84354.64246980957, 448167.859075892)]]]
[3.6000000000000005, 2.556226968765259, 0.1408356833676773, 0.14132261090620046, 0.11974354697342265, 0, [[20, 2, (84033.22169951578, 447172.49598048395)], [24, 2, (84297.37558224256, 447037.8262580947)], [46, 2, (84669.18401079041, 446520.31075752433)], [53, 2, (84547.11687055952, 448303.43531119917)], [55, 2, (84759.50677343977, 448445.9547539382)], [80, 2, (83980.35094895505, 448017.53443806164)], [82, 2, (84351.56594212889, 448323.69011376763)], [94, 2, (84352.91723955447, 448170.3133742779)], [102, 2, (84880.85876114457, 447505.5634201066)], [112, 2, (84769.80929731176, 447017.69729570474)], [116, 2, (85103.85770371312, 447346.7084731901)], [144, 2, (84294.7021627688, 447036.4650717308)], [145, 2, (84241.08071984047, 447141.77953383187)], [148, 2, (84387.50925558225, 447336.59303757077)], [164, 2, (84259.41022179423, 447933.149900143)], [167, 2, (84627.07699752695, 447409.1412611593)], [172, 2, (83884.42612877121, 448433.36499306577)], [176, 2, (84354.64246980957, 448167.859075892)]]]
[3.8000000000000003, 2.5632998943328857, 0.146054679617967, 0.14656108817537747, 0.12662922576725635, 0, [[20, 2, (84033.22169951578, 447172.49598048395)], [24, 2, (84297.37558224256, 447037.8262580947)], [46, 2, (84669.18401079041, 446520.31075752433)], [53, 2, (84547.11687055952, 448303.43531119917)], [55, 2, (84759.50677343977, 448445.9547539382)], [80, 2, (83980.35094895505, 448017.53443806164)], [82, 2, (84351.56594212889, 448323.69011376763)], [94, 2, (84352.91723955447, 448170.3133742779)], [102, 2, (84880.85876114457, 447505.5634201066)], [105, 2, (84716.50958487163, 447581.70587103994)], [112, 2, (84769.80929731176, 447017.69729570474)], [116, 2, (85103.85770371312, 447346.7084731901)], [144, 2, (84294.7021627688, 447036.4650717308)], [145, 2, (84241.08071984047, 447141.77953383187)], [148, 2, (84387.50925558225, 447336.59303757077)], [164, 2, (84259.41022179423, 447933.149900143)], [167, 2, (84627.07699752695, 447409.1412611593)], [172, 2, (83884.42612877121, 448433.36499306577)], [176, 2, (84354.64246980957, 448167.859075892)]]]
[4.0, 2.8184654712677, 0.15099041256017157, 0.1515153251708997, 0.1291642826767822, 0, [[20, 2, (84033.22169951578, 447172.49598048395)], [24, 2, (84297.37558224256, 447037.8262580947)], [46, 2, (84669.18401079041, 446520.31075752433)], [53, 2, (84547.11687055952, 448303.43531119917)], [55, 2, (84759.50677343977, 448445.9547539382)], [80, 2, (83980.35094895505, 448017.53443806164)], [82, 2, (84351.56594212889, 448323.69011376763)], [94, 2, (84352.91723955447, 448170.3133742779)], [102, 2, (84880.85876114457, 447505.5634201066)], [105, 2, (84716.50958487163, 447581.70587103994)], [112, 2, (84769.80929731176, 447017.69729570474)], [116, 2, (85103.85770371312, 447346.7084731901)], [144, 2, (84294.7021627688, 447036.4650717308)], [145, 2, (84241.08071984047, 447141.77953383187)], [148, 2, (84387.50925558225, 447336.59303757077)], [152, 2, (84814.15283194844, 446180.5738827459)], [164, 2, (84259.41022179423, 447933.149900143)], [167, 2, (84627.07699752695, 447409.1412611593)], [172, 2, (83884.42612877121, 448433.36499306577)], [176, 2, (84354.64246980957, 448167.859075892)]]]
