['budget', 'runtime', 'objective_value', 'flow_caught_optimal', 'flow_caught_fixed_solution', 'flow_impact_area', ['solution']]
[0.2, 0.44534730911254883, 0.019125376278691073, 0.019304393618831656, 0.019304393618831656, 0, [[70, 2, (84511.71855341281, 448279.6820707427)]]]
[0.4, 0.9077672958374023, 0.036461580716277454, 0.03665437500261236, 0.03665437500261236, 0, [[70, 2, (84511.71855341281, 448279.6820707427)], [226, 2, (84560.50398411034, 446806.73360668455)]]]
[0.6000000000000001, 1.3751239776611328, 0.04749135243273655, 0.04769516214850642, 0.04769516214850642, 0, [[70, 2, (84511.71855341281, 448279.6820707427)], [114, 2, (84321.7806164654, 448354.19495508034)], [226, 2, (84560.50398411034, 446806.73360668455)]]]
[0.8, 1.8035919666290283, 0.058339740811310103, 0.05856249149252476, 0.05856249149252476, 0, [[70, 2, (84511.71855341281, 448279.6820707427)], [114, 2, (84321.7806164654, 448354.19495508034)], [163, 2, (85103.85770371312, 447346.7084731901)], [226, 2, (84560.50398411034, 446806.73360668455)]]]
[1.0, 2.762073278427124, 0.06887457948187356, 0.06911529637687258, 0.06911529637687258, 0, [[26, 2, (84057.45199692005, 447189.4312589713)], [70, 2, (84511.71855341281, 448279.6820707427)], [114, 2, (84321.7806164654, 448354.19495508034)], [163, 2, (85103.85770371312, 447346.7084731901)], [226, 2, (84560.50398411034, 446806.73360668455)]]]
[1.2, 3.6284406185150146, 0.07823863728721847, 0.07849844394458133, 0.07759236556639008, 0, [[26, 2, (84057.45199692005, 447189.4312589713)], [70, 2, (84511.71855341281, 448279.6820707427)], [114, 2, (84321.7806164654, 448354.19495508034)], [163, 2, (85103.85770371312, 447346.7084731901)], [206, 2, (84273.25358559746, 447078.5908565712)], [226, 2, (84560.50398411034, 446806.73360668455)]]]
[1.4000000000000001, 4.3752970695495605, 0.08669048443685161, 0.08696809952432168, 0.08682798382296307, 0, [[26, 2, (84057.45199692005, 447189.4312589713)], [62, 2, (84734.4069749831, 446364.3296949315)], [70, 2, (84511.71855341281, 448279.6820707427)], [114, 2, (84321.7806164654, 448354.19495508034)], [163, 2, (85103.85770371312, 447346.7084731901)], [206, 2, (84273.25358559746, 447078.5908565712)], [226, 2, (84560.50398411034, 446806.73360668455)]]]
[1.6, 5.327264070510864, 0.09386131388268855, 0.09415824227342061, 0.09293394529075039, 0, [[26, 2, (84057.45199692005, 447189.4312589713)], [62, 2, (84734.4069749831, 446364.3296949315)], [70, 2, (84511.71855341281, 448279.6820707427)], [114, 2, (84321.7806164654, 448354.19495508034)], [144, 2, (84880.85876114457, 447505.5634201066)], [163, 2, (85103.85770371312, 447346.7084731901)], [206, 2, (84273.25358559746, 447078.5908565712)], [226, 2, (84560.50398411034, 446806.73360668455)]]]
[1.8, 6.025235414505005, 0.10020629155154906, 0.10052261015518912, 0.10016950785368092, 0, [[26, 2, (84057.45199692005, 447189.4312589713)], [62, 2, (84734.4069749831, 446364.3296949315)], [70, 2, (84511.71855341281, 448279.6820707427)], [114, 2, (84321.7806164654, 448354.19495508034)], [144, 2, (84880.85876114457, 447505.5634201066)], [163, 2, (85103.85770371312, 447346.7084731901)], [206, 2, (84273.25358559746, 447078.5908565712)], [226, 2, (84560.50398411034, 446806.73360668455)], [242, 2, (84327.3224162179, 447843.85148106195)]]]
[2.0, 6.811212778091431, 0.10641817715969576, 0.10675389145034801, 0.10593548853346352, 0, [[26, 2, (84057.45199692005, 447189.4312589713)], [30, 2, (84275.92700507122, 447079.9520429351)], [62, 2, (84734.4069749831, 446364.3296949315)], [70, 2, (84511.71855341281, 448279.6820707427)], [114, 2, (84321.7806164654, 448354.19495508034)], [144, 2, (84880.85876114457, 447505.5634201066)], [163, 2, (85103.85770371312, 447346.7084731901)], [206, 2, (84273.25358559746, 447078.5908565712)], [226, 2, (84560.50398411034, 446806.73360668455)], [242, 2, (84327.3224162179, 447843.85148106195)]]]
