['budget', 'runtime', 'objective_value', 'flow_caught_optimal', 'flow_caught_fixed_solution', 'flow_impact_area', ['solution']]
[0.2, 4.65702748298645, 0.018614574549985146, 0.018787742667925073, 0.018494096830722607, 0, [[226, 2, (84560.50398411034, 446806.73360668455)]]]
[0.4, 4.740366697311401, 0.037235443342157545, 0.03741745420895562, 0.03728183866124242, 0, [[114, 2, (84321.7806164654, 448354.19495508034)], [226, 2, (84560.50398411034, 446806.73360668455)]]]
[0.6000000000000001, 4.9989235401153564, 0.050572606835514546, 0.05077350093053608, 0.05077348054324719, 0, [[114, 2, (84321.7806164654, 448354.19495508034)], [226, 2, (84560.50398411034, 446806.73360668455)], [70, 2, (84511.71855341281, 448279.6820707427)]]]
[0.8, 4.915416479110718, 0.06293978344918566, 0.06315957110590133, 0.06315957110601299, 0, [[114, 2, (84321.7806164654, 448354.19495508034)], [163, 2, (85103.85770371312, 447346.7084731901)], [226, 2, (84560.50398411034, 446806.73360668455)], [70, 2, (84511.71855341281, 448279.6820707427)]]]
[1.0, 5.09631085395813, 0.07396317030167476, 0.07420114712985179, 0.07420114712996584, 0, [[114, 2, (84321.7806164654, 448354.19495508034)], [163, 2, (85103.85770371312, 447346.7084731901)], [226, 2, (84560.50398411034, 446806.73360668455)], [26, 2, (84057.45199692005, 447189.4312589713)], [70, 2, (84511.71855341281, 448279.6820707427)]]]
[1.2, 5.235782623291016, 0.0839836284923306, 0.08423729226683296, 0.0826830090610069, 0, [[114, 2, (84321.7806164654, 448354.19495508034)], [163, 2, (85103.85770371312, 447346.7084731901)], [226, 2, (84560.50398411034, 446806.73360668455)], [26, 2, (84057.45199692005, 447189.4312589713)], [265, 2, (83650.41718289697, 448834.68904687284)], [70, 2, (84511.71855341281, 448279.6820707427)]]]
[1.4000000000000001, 5.613223314285278, 0.0930341293625104, 0.09330437776049993, 0.08673809244651381, 0, [[114, 2, (84321.7806164654, 448354.19495508034)], [163, 2, (85103.85770371312, 447346.7084731901)], [226, 2, (84560.50398411034, 446806.73360668455)], [26, 2, (84057.45199692005, 447189.4312589713)], [265, 2, (83650.41718289697, 448834.68904687284)], [61, 2, (84701.79549288675, 446442.3202262279)], [70, 2, (84511.71855341281, 448279.6820707427)]]]
[1.6, 6.548692226409912, 0.1018332882092547, 0.10212141474374989, 0.09285346168947675, 0, [[114, 2, (84321.7806164654, 448354.19495508034)], [163, 2, (85103.85770371312, 447346.7084731901)], [226, 2, (84560.50398411034, 446806.73360668455)], [26, 2, (84057.45199692005, 447189.4312589713)], [265, 2, (83650.41718289697, 448834.68904687284)], [61, 2, (84701.79549288675, 446442.3202262279)], [65, 2, (84935.46094662073, 446105.53507511714)], [70, 2, (84511.71855341281, 448279.6820707427)]]]
[1.8, 7.693429231643677, 0.10955224095708163, 0.10985640379477106, 0.09661011055592264, 0, [[114, 2, (84321.7806164654, 448354.19495508034)], [163, 2, (85103.85770371312, 447346.7084731901)], [226, 2, (84560.50398411034, 446806.73360668455)], [26, 2, (84057.45199692005, 447189.4312589713)], [262, 2, (83752.93210630848, 448501.4754733475)], [265, 2, (83650.41718289697, 448834.68904687284)], [61, 2, (84701.79549288675, 446442.3202262279)], [65, 2, (84935.46094662073, 446105.53507511714)], [70, 2, (84511.71855341281, 448279.6820707427)]]]
[2.0, 11.035039901733398, 0.11633361848543933, 0.11665546511097856, 0.10343031187426273, 0, [[114, 2, (84321.7806164654, 448354.19495508034)], [161, 2, (85014.62799713778, 447197.8441528263)], [163, 2, (85103.85770371312, 447346.7084731901)], [226, 2, (84560.50398411034, 446806.73360668455)], [26, 2, (84057.45199692005, 447189.4312589713)], [262, 2, (83752.93210630848, 448501.4754733475)], [265, 2, (83650.41718289697, 448834.68904687284)], [61, 2, (84701.79549288675, 446442.3202262279)], [65, 2, (84935.46094662073, 446105.53507511714)], [70, 2, (84511.71855341281, 448279.6820707427)]]]
[2.2, 9.388481616973877, 0.12265249836713198, 0.1229937590289223, 0.11228559693337688, 0, [[112, 2, (83980.35094895505, 448017.53443806164)], [114, 2, (84321.7806164654, 448354.19495508034)], [161, 2, (85014.62799713778, 447197.8441528263)], [163, 2, (85103.85770371312, 447346.7084731901)], [226, 2, (84560.50398411034, 446806.73360668455)], [26, 2, (84057.45199692005, 447189.4312589713)], [262, 2, (83752.93210630848, 448501.4754733475)], [265, 2, (83650.41718289697, 448834.68904687284)], [61, 2, (84701.79549288675, 446442.3202262279)], [65, 2, (84935.46094662073, 446105.53507511714)], [70, 2, (84511.71855341281, 448279.6820707427)]]]
[2.4000000000000004, 18.125077486038208, 0.1286316302441382, 0.1289925059022832, 0.11597275072506508, 0, [[112, 2, (83980.35094895505, 448017.53443806164)], [114, 2, (84321.7806164654, 448354.19495508034)], [161, 2, (85014.62799713778, 447197.8441528263)], [163, 2, (85103.85770371312, 447346.7084731901)], [226, 2, (84560.50398411034, 446806.73360668455)], [26, 2, (84057.45199692005, 447189.4312589713)], [262, 2, (83752.93210630848, 448501.4754733475)], [265, 2, (83650.41718289697, 448834.68904687284)], [270, 2, (84376.6436397008, 448183.32462977996)], [61, 2, (84701.79549288675, 446442.3202262279)], [65, 2, (84935.46094662073, 446105.53507511714)], [70, 2, (84511.71855341281, 448279.6820707427)]]]
[2.6000000000000005, 34.293901443481445, 0.13384032808629212, 0.1342196786977135, 0.11932411205554957, 0, [[112, 2, (83980.35094895505, 448017.53443806164)], [114, 2, (84321.7806164654, 448354.19495508034)], [161, 2, (85014.62799713778, 447197.8441528263)], [163, 2, (85103.85770371312, 447346.7084731901)], [220, 2, (84797.53882432751, 446215.3983899097)], [226, 2, (84560.50398411034, 446806.73360668455)], [26, 2, (84057.45199692005, 447189.4312589713)], [262, 2, (83752.93210630848, 448501.4754733475)], [265, 2, (83650.41718289697, 448834.68904687284)], [270, 2, (84376.6436397008, 448183.32462977996)], [61, 2, (84701.79549288675, 446442.3202262279)], [65, 2, (84935.46094662073, 446105.53507511714)], [70, 2, (84511.71855341281, 448279.6820707427)]]]
[2.8000000000000003, 30.752581357955933, 0.13895673365955358, 0.13935503859967605, 0.12251049135865097, 0, [[112, 2, (83980.35094895505, 448017.53443806164)], [114, 2, (84321.7806164654, 448354.19495508034)], [161, 2, (85014.62799713778, 447197.8441528263)], [163, 2, (85103.85770371312, 447346.7084731901)], [220, 2, (84797.53882432751, 446215.3983899097)], [226, 2, (84560.50398411034, 446806.73360668455)], [26, 2, (84057.45199692005, 447189.4312589713)], [262, 2, (83752.93210630848, 448501.4754733475)], [265, 2, (83650.41718289697, 448834.68904687284)], [270, 2, (84376.6436397008, 448183.32462977996)], [61, 2, (84701.79549288675, 446442.3202262279)], [65, 2, (84935.46094662073, 446105.53507511714)], [70, 2, (84511.71855341281, 448279.6820707427)], [99, 2, (84512.49811524196, 446822.22776476404)]]]
[3.0000000000000004, 161.25184535980225, 0.14404051691674913, 0.14445844349248946, 0.12610667855773913, 0, [[112, 2, (83980.35094895505, 448017.53443806164)], [114, 2, (84321.7806164654, 448354.19495508034)], [161, 2, (85014.62799713778, 447197.8441528263)], [163, 2, (85103.85770371312, 447346.7084731901)], [217, 2, (84115.36331444263, 447892.89766792266)], [220, 2, (84797.53882432751, 446215.3983899097)], [226, 2, (84560.50398411034, 446806.73360668455)], [26, 2, (84057.45199692005, 447189.4312589713)], [262, 2, (83752.93210630848, 448501.4754733475)], [265, 2, (83650.41718289697, 448834.68904687284)], [270, 2, (84376.6436397008, 448183.32462977996)], [61, 2, (84701.79549288675, 446442.3202262279)], [65, 2, (84935.46094662073, 446105.53507511714)], [70, 2, (84511.71855341281, 448279.6820707427)], [99, 2, (84512.49811524196, 446822.22776476404)]]]
[3.2, 178.46167039871216, 0.1487439005080826, 0.1491796761057078, 0.13483485608448637, 0, [[112, 2, (83980.35094895505, 448017.53443806164)], [114, 2, (84321.7806164654, 448354.19495508034)], [158, 2, (84785.11046605089, 447028.95647427486)], [161, 2, (85014.62799713778, 447197.8441528263)], [163, 2, (85103.85770371312, 447346.7084731901)], [217, 2, (84115.36331444263, 447892.89766792266)], [220, 2, (84797.53882432751, 446215.3983899097)], [226, 2, (84560.50398411034, 446806.73360668455)], [26, 2, (84057.45199692005, 447189.4312589713)], [262, 2, (83752.93210630848, 448501.4754733475)], [265, 2, (83650.41718289697, 448834.68904687284)], [270, 2, (84376.6436397008, 448183.32462977996)], [61, 2, (84701.79549288675, 446442.3202262279)], [65, 2, (84935.46094662073, 446105.53507511714)], [70, 2, (84511.71855341281, 448279.6820707427)], [99, 2, (84512.49811524196, 446822.22776476404)]]]
[3.4000000000000004, 394.1943817138672, 0.15326230280978134, 0.15371686716042238, 0.14047815878900038, 0, [[112, 2, (83980.35094895505, 448017.53443806164)], [114, 2, (84321.7806164654, 448354.19495508034)], [158, 2, (84785.11046605089, 447028.95647427486)], [161, 2, (85014.62799713778, 447197.8441528263)], [163, 2, (85103.85770371312, 447346.7084731901)], [217, 2, (84115.36331444263, 447892.89766792266)], [220, 2, (84797.53882432751, 446215.3983899097)], [226, 2, (84560.50398411034, 446806.73360668455)], [26, 2, (84057.45199692005, 447189.4312589713)], [262, 2, (83752.93210630848, 448501.4754733475)], [265, 2, (83650.41718289697, 448834.68904687284)], [270, 2, (84376.6436397008, 448183.32462977996)], [61, 2, (84701.79549288675, 446442.3202262279)], [65, 2, (84935.46094662073, 446105.53507511714)], [70, 2, (84511.71855341281, 448279.6820707427)], [97, 2, (83655.9665405288, 448521.7226134596)], [99, 2, (84512.49811524196, 446822.22776476404)]]]
[3.6000000000000005, 603.2072417736053, 0.1575875890306514, 0.15806165486962656, 0.1432985093107257, 0, [[112, 2, (83980.35094895505, 448017.53443806164)], [114, 2, (84321.7806164654, 448354.19495508034)], [158, 2, (84785.11046605089, 447028.95647427486)], [161, 2, (85014.62799713778, 447197.8441528263)], [163, 2, (85103.85770371312, 447346.7084731901)], [217, 2, (84115.36331444263, 447892.89766792266)], [220, 2, (84797.53882432751, 446215.3983899097)], [226, 2, (84560.50398411034, 446806.73360668455)], [26, 2, (84057.45199692005, 447189.4312589713)], [262, 2, (83752.93210630848, 448501.4754733475)], [265, 2, (83650.41718289697, 448834.68904687284)], [270, 2, (84376.6436397008, 448183.32462977996)], [281, 2, (84637.4790410537, 447861.5734633781)], [61, 2, (84701.79549288675, 446442.3202262279)], [65, 2, (84935.46094662073, 446105.53507511714)], [70, 2, (84511.71855341281, 448279.6820707427)], [97, 2, (83655.9665405288, 448521.7226134596)], [99, 2, (84512.49811524196, 446822.22776476404)]]]
[3.8000000000000003, 397.9789180755615, 0.16189118995360333, 0.1623849729892602, 0.14963847204870545, 0, [[112, 2, (83980.35094895505, 448017.53443806164)], [114, 2, (84321.7806164654, 448354.19495508034)], [158, 2, (84785.11046605089, 447028.95647427486)], [161, 2, (85014.62799713778, 447197.8441528263)], [163, 2, (85103.85770371312, 447346.7084731901)], [205, 2, (84316.15073994012, 446994.3392868904)], [217, 2, (84115.36331444263, 447892.89766792266)], [220, 2, (84797.53882432751, 446215.3983899097)], [226, 2, (84560.50398411034, 446806.73360668455)], [26, 2, (84057.45199692005, 447189.4312589713)], [262, 2, (83752.93210630848, 448501.4754733475)], [265, 2, (83650.41718289697, 448834.68904687284)], [270, 2, (84376.6436397008, 448183.32462977996)], [281, 2, (84637.4790410537, 447861.5734633781)], [61, 2, (84701.79549288675, 446442.3202262279)], [65, 2, (84935.46094662073, 446105.53507511714)], [70, 2, (84511.71855341281, 448279.6820707427)], [97, 2, (83655.9665405288, 448521.7226134596)], [99, 2, (84512.49811524196, 446822.22776476404)]]]
[4.0, 433.9050462245941, 0.1660240103084698, 0.1665367967521732, 0.15463629606610002, 0, [[112, 2, (83980.35094895505, 448017.53443806164)], [114, 2, (84321.7806164654, 448354.19495508034)], [158, 2, (84785.11046605089, 447028.95647427486)], [161, 2, (85014.62799713778, 447197.8441528263)], [163, 2, (85103.85770371312, 447346.7084731901)], [205, 2, (84316.15073994012, 446994.3392868904)], [217, 2, (84115.36331444263, 447892.89766792266)], [220, 2, (84797.53882432751, 446215.3983899097)], [226, 2, (84560.50398411034, 446806.73360668455)], [26, 2, (84057.45199692005, 447189.4312589713)], [262, 2, (83752.93210630848, 448501.4754733475)], [265, 2, (83650.41718289697, 448834.68904687284)], [270, 2, (84376.6436397008, 448183.32462977996)], [281, 2, (84637.4790410537, 447861.5734633781)], [61, 2, (84701.79549288675, 446442.3202262279)], [62, 2, (84734.4069749831, 446364.3296949315)], [65, 2, (84935.46094662073, 446105.53507511714)], [70, 2, (84511.71855341281, 448279.6820707427)], [97, 2, (83655.9665405288, 448521.7226134596)], [99, 2, (84512.49811524196, 446822.22776476404)]]]
