['budget', 'runtime', 'objective_value', 'flow_caught_optimal', ['solution']]
[0.2, 1.945082664489746, 0.016891433934057055, 0.01706654606116191, [[53, 2, (84547.11687055952, 448303.43531119917)]]]
[0.4, 2.0373244285583496, 0.02797519122095233, 0.02816908346081143, [[116, 2, (85103.85770371312, 447346.7084731901)], [53, 2, (84547.11687055952, 448303.43531119917)]]]
[0.6000000000000001, 2.07399582862854, 0.03891528531114331, 0.03912673519902742, [[116, 2, (85103.85770371312, 447346.7084731901)], [20, 2, (84033.22169951578, 447172.49598048395)], [53, 2, (84547.11687055952, 448303.43531119917)]]]
[0.8, 2.158996343612671, 0.04837326273003839, 0.04860378640109509, [[116, 2, (85103.85770371312, 447346.7084731901)], [176, 2, (84354.64246980957, 448167.859075892)], [20, 2, (84033.22169951578, 447172.49598048395)], [53, 2, (84547.11687055952, 448303.43531119917)]]]
[1.0, 2.5479955673217773, 0.057762832098000656, 0.05801245570413069, [[116, 2, (85103.85770371312, 447346.7084731901)], [145, 2, (84241.08071984047, 447141.77953383187)], [176, 2, (84354.64246980957, 448167.859075892)], [20, 2, (84033.22169951578, 447172.49598048395)], [53, 2, (84547.11687055952, 448303.43531119917)]]]
[1.2, 2.67999529838562, 0.06621902953476555, 0.06648118307558198, [[116, 2, (85103.85770371312, 447346.7084731901)], [145, 2, (84241.08071984047, 447141.77953383187)], [172, 2, (83884.42612877121, 448433.36499306577)], [176, 2, (84354.64246980957, 448167.859075892)], [20, 2, (84033.22169951578, 447172.49598048395)], [53, 2, (84547.11687055952, 448303.43531119917)]]]
[1.4000000000000001, 2.879004716873169, 0.07448047165273088, 0.07476172516514154, [[116, 2, (85103.85770371312, 447346.7084731901)], [144, 2, (84294.7021627688, 447036.4650717308)], [172, 2, (83884.42612877121, 448433.36499306577)], [176, 2, (84354.64246980957, 448167.859075892)], [20, 2, (84033.22169951578, 447172.49598048395)], [24, 2, (84297.37558224256, 447037.8262580947)], [53, 2, (84547.11687055952, 448303.43531119917)]]]
[1.6, 3.0019843578338623, 0.08219974377414256, 0.08249798614564868, [[116, 2, (85103.85770371312, 447346.7084731901)], [144, 2, (84294.7021627688, 447036.4650717308)], [172, 2, (83884.42612877121, 448433.36499306577)], [176, 2, (84354.64246980957, 448167.859075892)], [20, 2, (84033.22169951578, 447172.49598048395)], [24, 2, (84297.37558224256, 447037.8262580947)], [46, 2, (84669.18401079041, 446520.31075752433)], [53, 2, (84547.11687055952, 448303.43531119917)]]]
[1.8, 3.3629939556121826, 0.08924480621929887, 0.08956235297520702, [[102, 2, (84880.85876114457, 447505.5634201066)], [116, 2, (85103.85770371312, 447346.7084731901)], [144, 2, (84294.7021627688, 447036.4650717308)], [172, 2, (83884.42612877121, 448433.36499306577)], [176, 2, (84354.64246980957, 448167.859075892)], [20, 2, (84033.22169951578, 447172.49598048395)], [24, 2, (84297.37558224256, 447037.8262580947)], [46, 2, (84669.18401079041, 446520.31075752433)], [53, 2, (84547.11687055952, 448303.43531119917)]]]
[2.0, 3.5419979095458984, 0.09607950641579847, 0.09641605769088446, [[102, 2, (84880.85876114457, 447505.5634201066)], [116, 2, (85103.85770371312, 447346.7084731901)], [144, 2, (84294.7021627688, 447036.4650717308)], [172, 2, (83884.42612877121, 448433.36499306577)], [176, 2, (84354.64246980957, 448167.859075892)], [20, 2, (84033.22169951578, 447172.49598048395)], [24, 2, (84297.37558224256, 447037.8262580947)], [46, 2, (84669.18401079041, 446520.31075752433)], [53, 2, (84547.11687055952, 448303.43531119917)], [80, 2, (83980.35094895505, 448017.53443806164)]]]
[2.2, 3.775071859359741, 0.10273552231776158, 0.10309131994125563, [[102, 2, (84880.85876114457, 447505.5634201066)], [116, 2, (85103.85770371312, 447346.7084731901)], [144, 2, (84294.7021627688, 447036.4650717308)], [164, 2, (84259.41022179423, 447933.149900143)], [172, 2, (83884.42612877121, 448433.36499306577)], [176, 2, (84354.64246980957, 448167.859075892)], [20, 2, (84033.22169951578, 447172.49598048395)], [24, 2, (84297.37558224256, 447037.8262580947)], [46, 2, (84669.18401079041, 446520.31075752433)], [53, 2, (84547.11687055952, 448303.43531119917)], [80, 2, (83980.35094895505, 448017.53443806164)]]]
[2.4000000000000004, 4.027913331985474, 0.10852756905110457, 0.10890285126170146, [[102, 2, (84880.85876114457, 447505.5634201066)], [116, 2, (85103.85770371312, 447346.7084731901)], [144, 2, (84294.7021627688, 447036.4650717308)], [148, 2, (84387.50925558225, 447336.59303757077)], [164, 2, (84259.41022179423, 447933.149900143)], [172, 2, (83884.42612877121, 448433.36499306577)], [176, 2, (84354.64246980957, 448167.859075892)], [20, 2, (84033.22169951578, 447172.49598048395)], [24, 2, (84297.37558224256, 447037.8262580947)], [46, 2, (84669.18401079041, 446520.31075752433)], [53, 2, (84547.11687055952, 448303.43531119917)], [80, 2, (83980.35094895505, 448017.53443806164)]]]
[2.6000000000000005, 4.0839927196502686, 0.11411643615594923, 0.11450803506470468, [[102, 2, (84880.85876114457, 447505.5634201066)], [116, 2, (85103.85770371312, 447346.7084731901)], [144, 2, (84294.7021627688, 447036.4650717308)], [148, 2, (84387.50925558225, 447336.59303757077)], [164, 2, (84259.41022179423, 447933.149900143)], [172, 2, (83884.42612877121, 448433.36499306577)], [176, 2, (84354.64246980957, 448167.859075892)], [20, 2, (84033.22169951578, 447172.49598048395)], [24, 2, (84297.37558224256, 447037.8262580947)], [46, 2, (84669.18401079041, 446520.31075752433)], [53, 2, (84547.11687055952, 448303.43531119917)], [80, 2, (83980.35094895505, 448017.53443806164)], [82, 2, (84351.56594212889, 448323.69011376763)]]]
[2.8000000000000003, 4.334991931915283, 0.11969419816799229, 0.12010524063780058, [[102, 2, (84880.85876114457, 447505.5634201066)], [116, 2, (85103.85770371312, 447346.7084731901)], [144, 2, (84294.7021627688, 447036.4650717308)], [148, 2, (84387.50925558225, 447336.59303757077)], [164, 2, (84259.41022179423, 447933.149900143)], [167, 2, (84627.07699752695, 447409.1412611593)], [172, 2, (83884.42612877121, 448433.36499306577)], [176, 2, (84354.64246980957, 448167.859075892)], [20, 2, (84033.22169951578, 447172.49598048395)], [24, 2, (84297.37558224256, 447037.8262580947)], [46, 2, (84669.18401079041, 446520.31075752433)], [53, 2, (84547.11687055952, 448303.43531119917)], [80, 2, (83980.35094895505, 448017.53443806164)], [82, 2, (84351.56594212889, 448323.69011376763)]]]
[3.0000000000000004, 4.687991619110107, 0.12525657103153331, 0.12568494547045309, [[102, 2, (84880.85876114457, 447505.5634201066)], [112, 2, (84769.80929731176, 447017.69729570474)], [116, 2, (85103.85770371312, 447346.7084731901)], [144, 2, (84294.7021627688, 447036.4650717308)], [148, 2, (84387.50925558225, 447336.59303757077)], [164, 2, (84259.41022179423, 447933.149900143)], [167, 2, (84627.07699752695, 447409.1412611593)], [172, 2, (83884.42612877121, 448433.36499306577)], [176, 2, (84354.64246980957, 448167.859075892)], [20, 2, (84033.22169951578, 447172.49598048395)], [24, 2, (84297.37558224256, 447037.8262580947)], [46, 2, (84669.18401079041, 446520.31075752433)], [53, 2, (84547.11687055952, 448303.43531119917)], [80, 2, (83980.35094895505, 448017.53443806164)], [82, 2, (84351.56594212889, 448323.69011376763)]]]
[3.2, 4.7779951095581055, 0.13062693982825185, 0.13107481124187192, [[102, 2, (84880.85876114457, 447505.5634201066)], [112, 2, (84769.80929731176, 447017.69729570474)], [116, 2, (85103.85770371312, 447346.7084731901)], [144, 2, (84294.7021627688, 447036.4650717308)], [148, 2, (84387.50925558225, 447336.59303757077)], [164, 2, (84259.41022179423, 447933.149900143)], [167, 2, (84627.07699752695, 447409.1412611593)], [172, 2, (83884.42612877121, 448433.36499306577)], [176, 2, (84354.64246980957, 448167.859075892)], [20, 2, (84033.22169951578, 447172.49598048395)], [24, 2, (84297.37558224256, 447037.8262580947)], [46, 2, (84669.18401079041, 446520.31075752433)], [53, 2, (84547.11687055952, 448303.43531119917)], [80, 2, (83980.35094895505, 448017.53443806164)], [82, 2, (84351.56594212889, 448323.69011376763)], [94, 2, (84352.91723955447, 448170.3133742779)]]]
[3.4000000000000004, 5.092986345291138, 0.13585686205669242, 0.13632426104052794, [[102, 2, (84880.85876114457, 447505.5634201066)], [112, 2, (84769.80929731176, 447017.69729570474)], [116, 2, (85103.85770371312, 447346.7084731901)], [144, 2, (84294.7021627688, 447036.4650717308)], [148, 2, (84387.50925558225, 447336.59303757077)], [164, 2, (84259.41022179423, 447933.149900143)], [167, 2, (84627.07699752695, 447409.1412611593)], [172, 2, (83884.42612877121, 448433.36499306577)], [176, 2, (84354.64246980957, 448167.859075892)], [20, 2, (84033.22169951578, 447172.49598048395)], [24, 2, (84297.37558224256, 447037.8262580947)], [46, 2, (84669.18401079041, 446520.31075752433)], [53, 2, (84547.11687055952, 448303.43531119917)], [55, 2, (84759.50677343977, 448445.9547539382)], [80, 2, (83980.35094895505, 448017.53443806164)], [82, 2, (84351.56594212889, 448323.69011376763)], [94, 2, (84352.91723955447, 448170.3133742779)]]]
[3.6000000000000005, 5.479990005493164, 0.14107585849054857, 0.14156273849325307, [[102, 2, (84880.85876114457, 447505.5634201066)], [105, 2, (84716.50958487163, 447581.70587103994)], [112, 2, (84769.80929731176, 447017.69729570474)], [116, 2, (85103.85770371312, 447346.7084731901)], [144, 2, (84294.7021627688, 447036.4650717308)], [148, 2, (84387.50925558225, 447336.59303757077)], [164, 2, (84259.41022179423, 447933.149900143)], [167, 2, (84627.07699752695, 447409.1412611593)], [172, 2, (83884.42612877121, 448433.36499306577)], [176, 2, (84354.64246980957, 448167.859075892)], [20, 2, (84033.22169951578, 447172.49598048395)], [24, 2, (84297.37558224256, 447037.8262580947)], [46, 2, (84669.18401079041, 446520.31075752433)], [53, 2, (84547.11687055952, 448303.43531119917)], [55, 2, (84759.50677343977, 448445.9547539382)], [80, 2, (83980.35094895505, 448017.53443806164)], [82, 2, (84351.56594212889, 448323.69011376763)], [94, 2, (84352.91723955447, 448170.3133742779)]]]
[3.8000000000000003, 5.467989683151245, 0.14605468502139954, 0.1465610936045198, [[102, 2, (84880.85876114457, 447505.5634201066)], [105, 2, (84716.50958487163, 447581.70587103994)], [112, 2, (84769.80929731176, 447017.69729570474)], [116, 2, (85103.85770371312, 447346.7084731901)], [144, 2, (84294.7021627688, 447036.4650717308)], [145, 2, (84241.08071984047, 447141.77953383187)], [148, 2, (84387.50925558225, 447336.59303757077)], [164, 2, (84259.41022179423, 447933.149900143)], [167, 2, (84627.07699752695, 447409.1412611593)], [172, 2, (83884.42612877121, 448433.36499306577)], [176, 2, (84354.64246980957, 448167.859075892)], [20, 2, (84033.22169951578, 447172.49598048395)], [24, 2, (84297.37558224256, 447037.8262580947)], [46, 2, (84669.18401079041, 446520.31075752433)], [53, 2, (84547.11687055952, 448303.43531119917)], [55, 2, (84759.50677343977, 448445.9547539382)], [80, 2, (83980.35094895505, 448017.53443806164)], [82, 2, (84351.56594212889, 448323.69011376763)], [94, 2, (84352.91723955447, 448170.3133742779)]]]
[4.0, 7.9860053062438965, 0.15099042000480475, 0.1515153326407075, [[102, 2, (84880.85876114457, 447505.5634201066)], [105, 2, (84716.50958487163, 447581.70587103994)], [112, 2, (84769.80929731176, 447017.69729570474)], [116, 2, (85103.85770371312, 447346.7084731901)], [144, 2, (84294.7021627688, 447036.4650717308)], [145, 2, (84241.08071984047, 447141.77953383187)], [148, 2, (84387.50925558225, 447336.59303757077)], [152, 2, (84814.15283194844, 446180.5738827459)], [164, 2, (84259.41022179423, 447933.149900143)], [167, 2, (84627.07699752695, 447409.1412611593)], [172, 2, (83884.42612877121, 448433.36499306577)], [176, 2, (84354.64246980957, 448167.859075892)], [20, 2, (84033.22169951578, 447172.49598048395)], [24, 2, (84297.37558224256, 447037.8262580947)], [46, 2, (84669.18401079041, 446520.31075752433)], [53, 2, (84547.11687055952, 448303.43531119917)], [55, 2, (84759.50677343977, 448445.9547539382)], [80, 2, (83980.35094895505, 448017.53443806164)], [82, 2, (84351.56594212889, 448323.69011376763)], [94, 2, (84352.91723955447, 448170.3133742779)]]]
