['budget', 'runtime', 'objective_value', 'flow_caught_optimal', ['solution']]
[0.2, 2.7318050861358643, 0.016891433837855897, 0.017066546061384694, [[53, 2, (84547.11687055952, 448303.43531119917)]]]
[0.4, 2.315355062484741, 0.02797518694736344, 0.02816907898630336, [[116, 2, (85103.85770371312, 447346.7084731901)], [53, 2, (84547.11687055952, 448303.43531119917)]]]
[0.6000000000000001, 2.324284553527832, 0.03891528568176132, 0.03912673566470938, [[116, 2, (85103.85770371312, 447346.7084731901)], [20, 2, (84033.22169951578, 447172.49598048395)], [53, 2, (84547.11687055952, 448303.43531119917)]]]
[0.8, 2.3110973834991455, 0.048373188399355026, 0.04860371212950751, [[116, 2, (85103.85770371312, 447346.7084731901)], [176, 2, (84354.64246980957, 448167.859075892)], [20, 2, (84033.22169951578, 447172.49598048395)], [53, 2, (84547.11687055952, 448303.43531119917)]]]
[1.0, 2.4113967418670654, 0.05776282729059104, 0.058012450505258176, [[116, 2, (85103.85770371312, 447346.7084731901)], [145, 2, (84241.08071984047, 447141.77953383187)], [176, 2, (84354.64246980957, 448167.859075892)], [20, 2, (84033.22169951578, 447172.49598048395)], [53, 2, (84547.11687055952, 448303.43531119917)]]]
[1.2, 2.4466543197631836, 0.06621902953476565, 0.06648118307558208, [[116, 2, (85103.85770371312, 447346.7084731901)], [145, 2, (84241.08071984047, 447141.77953383187)], [172, 2, (83884.42612877121, 448433.36499306577)], [176, 2, (84354.64246980957, 448167.859075892)], [20, 2, (84033.22169951578, 447172.49598048395)], [53, 2, (84547.11687055952, 448303.43531119917)]]]
[1.4000000000000001, 2.4627180099487305, 0.07448047165273088, 0.07476172516514154, [[116, 2, (85103.85770371312, 447346.7084731901)], [144, 2, (84294.7021627688, 447036.4650717308)], [172, 2, (83884.42612877121, 448433.36499306577)], [176, 2, (84354.64246980957, 448167.859075892)], [20, 2, (84033.22169951578, 447172.49598048395)], [24, 2, (84297.37558224256, 447037.8262580947)], [53, 2, (84547.11687055952, 448303.43531119917)]]]
[1.6, 2.5464539527893066, 0.08219974377414256, 0.08249798614564868, [[116, 2, (85103.85770371312, 447346.7084731901)], [144, 2, (84294.7021627688, 447036.4650717308)], [172, 2, (83884.42612877121, 448433.36499306577)], [176, 2, (84354.64246980957, 448167.859075892)], [20, 2, (84033.22169951578, 447172.49598048395)], [24, 2, (84297.37558224256, 447037.8262580947)], [46, 2, (84669.18401079041, 446520.31075752433)], [53, 2, (84547.11687055952, 448303.43531119917)]]]
[1.8, 2.4740750789642334, 0.0892448062192989, 0.08956235297520702, [[102, 2, (84880.85876114457, 447505.5634201066)], [116, 2, (85103.85770371312, 447346.7084731901)], [144, 2, (84294.7021627688, 447036.4650717308)], [172, 2, (83884.42612877121, 448433.36499306577)], [176, 2, (84354.64246980957, 448167.859075892)], [20, 2, (84033.22169951578, 447172.49598048395)], [24, 2, (84297.37558224256, 447037.8262580947)], [46, 2, (84669.18401079041, 446520.31075752433)], [53, 2, (84547.11687055952, 448303.43531119917)]]]
[2.0, 2.5389130115509033, 0.09607950641579847, 0.09641605769088447, [[102, 2, (84880.85876114457, 447505.5634201066)], [116, 2, (85103.85770371312, 447346.7084731901)], [144, 2, (84294.7021627688, 447036.4650717308)], [172, 2, (83884.42612877121, 448433.36499306577)], [176, 2, (84354.64246980957, 448167.859075892)], [20, 2, (84033.22169951578, 447172.49598048395)], [24, 2, (84297.37558224256, 447037.8262580947)], [46, 2, (84669.18401079041, 446520.31075752433)], [53, 2, (84547.11687055952, 448303.43531119917)], [80, 2, (83980.35094895505, 448017.53443806164)]]]
[2.2, 2.5475378036499023, 0.10273552231776155, 0.10309131994125559, [[102, 2, (84880.85876114457, 447505.5634201066)], [116, 2, (85103.85770371312, 447346.7084731901)], [144, 2, (84294.7021627688, 447036.4650717308)], [164, 2, (84259.41022179423, 447933.149900143)], [172, 2, (83884.42612877121, 448433.36499306577)], [176, 2, (84354.64246980957, 448167.859075892)], [20, 2, (84033.22169951578, 447172.49598048395)], [24, 2, (84297.37558224256, 447037.8262580947)], [46, 2, (84669.18401079041, 446520.31075752433)], [53, 2, (84547.11687055952, 448303.43531119917)], [80, 2, (83980.35094895505, 448017.53443806164)]]]
[2.4000000000000004, 2.494105100631714, 0.10852756905110503, 0.10890285126170192, [[102, 2, (84880.85876114457, 447505.5634201066)], [116, 2, (85103.85770371312, 447346.7084731901)], [144, 2, (84294.7021627688, 447036.4650717308)], [148, 2, (84387.50925558225, 447336.59303757077)], [164, 2, (84259.41022179423, 447933.149900143)], [172, 2, (83884.42612877121, 448433.36499306577)], [176, 2, (84354.64246980957, 448167.859075892)], [20, 2, (84033.22169951578, 447172.49598048395)], [24, 2, (84297.37558224256, 447037.8262580947)], [46, 2, (84669.18401079041, 446520.31075752433)], [53, 2, (84547.11687055952, 448303.43531119917)], [80, 2, (83980.35094895505, 448017.53443806164)]]]
[2.6000000000000005, 2.593404531478882, 0.11411643615595089, 0.11450803506470633, [[102, 2, (84880.85876114457, 447505.5634201066)], [116, 2, (85103.85770371312, 447346.7084731901)], [144, 2, (84294.7021627688, 447036.4650717308)], [148, 2, (84387.50925558225, 447336.59303757077)], [164, 2, (84259.41022179423, 447933.149900143)], [172, 2, (83884.42612877121, 448433.36499306577)], [176, 2, (84354.64246980957, 448167.859075892)], [20, 2, (84033.22169951578, 447172.49598048395)], [24, 2, (84297.37558224256, 447037.8262580947)], [46, 2, (84669.18401079041, 446520.31075752433)], [53, 2, (84547.11687055952, 448303.43531119917)], [80, 2, (83980.35094895505, 448017.53443806164)], [82, 2, (84351.56594212889, 448323.69011376763)]]]
[2.8000000000000003, 2.7078371047973633, 0.11969419816799254, 0.12010524063780076, [[102, 2, (84880.85876114457, 447505.5634201066)], [116, 2, (85103.85770371312, 447346.7084731901)], [144, 2, (84294.7021627688, 447036.4650717308)], [148, 2, (84387.50925558225, 447336.59303757077)], [164, 2, (84259.41022179423, 447933.149900143)], [167, 2, (84627.07699752695, 447409.1412611593)], [172, 2, (83884.42612877121, 448433.36499306577)], [176, 2, (84354.64246980957, 448167.859075892)], [20, 2, (84033.22169951578, 447172.49598048395)], [24, 2, (84297.37558224256, 447037.8262580947)], [46, 2, (84669.18401079041, 446520.31075752433)], [53, 2, (84547.11687055952, 448303.43531119917)], [80, 2, (83980.35094895505, 448017.53443806164)], [82, 2, (84351.56594212889, 448323.69011376763)]]]
[3.0000000000000004, 2.603685140609741, 0.1252565710315333, 0.12568494547045309, [[102, 2, (84880.85876114457, 447505.5634201066)], [112, 2, (84769.80929731176, 447017.69729570474)], [116, 2, (85103.85770371312, 447346.7084731901)], [144, 2, (84294.7021627688, 447036.4650717308)], [148, 2, (84387.50925558225, 447336.59303757077)], [164, 2, (84259.41022179423, 447933.149900143)], [167, 2, (84627.07699752695, 447409.1412611593)], [172, 2, (83884.42612877121, 448433.36499306577)], [176, 2, (84354.64246980957, 448167.859075892)], [20, 2, (84033.22169951578, 447172.49598048395)], [24, 2, (84297.37558224256, 447037.8262580947)], [46, 2, (84669.18401079041, 446520.31075752433)], [53, 2, (84547.11687055952, 448303.43531119917)], [80, 2, (83980.35094895505, 448017.53443806164)], [82, 2, (84351.56594212889, 448323.69011376763)]]]
[3.2, 2.6369662284851074, 0.13062693982825188, 0.13107481124187195, [[102, 2, (84880.85876114457, 447505.5634201066)], [112, 2, (84769.80929731176, 447017.69729570474)], [116, 2, (85103.85770371312, 447346.7084731901)], [144, 2, (84294.7021627688, 447036.4650717308)], [148, 2, (84387.50925558225, 447336.59303757077)], [164, 2, (84259.41022179423, 447933.149900143)], [167, 2, (84627.07699752695, 447409.1412611593)], [172, 2, (83884.42612877121, 448433.36499306577)], [176, 2, (84354.64246980957, 448167.859075892)], [20, 2, (84033.22169951578, 447172.49598048395)], [24, 2, (84297.37558224256, 447037.8262580947)], [46, 2, (84669.18401079041, 446520.31075752433)], [53, 2, (84547.11687055952, 448303.43531119917)], [80, 2, (83980.35094895505, 448017.53443806164)], [82, 2, (84351.56594212889, 448323.69011376763)], [94, 2, (84352.91723955447, 448170.3133742779)]]]
[3.4000000000000004, 2.8141613006591797, 0.13585686205669242, 0.13632426104052797, [[102, 2, (84880.85876114457, 447505.5634201066)], [112, 2, (84769.80929731176, 447017.69729570474)], [116, 2, (85103.85770371312, 447346.7084731901)], [144, 2, (84294.7021627688, 447036.4650717308)], [148, 2, (84387.50925558225, 447336.59303757077)], [164, 2, (84259.41022179423, 447933.149900143)], [167, 2, (84627.07699752695, 447409.1412611593)], [172, 2, (83884.42612877121, 448433.36499306577)], [176, 2, (84354.64246980957, 448167.859075892)], [20, 2, (84033.22169951578, 447172.49598048395)], [24, 2, (84297.37558224256, 447037.8262580947)], [46, 2, (84669.18401079041, 446520.31075752433)], [53, 2, (84547.11687055952, 448303.43531119917)], [55, 2, (84759.50677343977, 448445.9547539382)], [80, 2, (83980.35094895505, 448017.53443806164)], [82, 2, (84351.56594212889, 448323.69011376763)], [94, 2, (84352.91723955447, 448170.3133742779)]]]
[3.6000000000000005, 2.782294273376465, 0.14107585849054857, 0.14156273849325304, [[102, 2, (84880.85876114457, 447505.5634201066)], [105, 2, (84716.50958487163, 447581.70587103994)], [112, 2, (84769.80929731176, 447017.69729570474)], [116, 2, (85103.85770371312, 447346.7084731901)], [144, 2, (84294.7021627688, 447036.4650717308)], [148, 2, (84387.50925558225, 447336.59303757077)], [164, 2, (84259.41022179423, 447933.149900143)], [167, 2, (84627.07699752695, 447409.1412611593)], [172, 2, (83884.42612877121, 448433.36499306577)], [176, 2, (84354.64246980957, 448167.859075892)], [20, 2, (84033.22169951578, 447172.49598048395)], [24, 2, (84297.37558224256, 447037.8262580947)], [46, 2, (84669.18401079041, 446520.31075752433)], [53, 2, (84547.11687055952, 448303.43531119917)], [55, 2, (84759.50677343977, 448445.9547539382)], [80, 2, (83980.35094895505, 448017.53443806164)], [82, 2, (84351.56594212889, 448323.69011376763)], [94, 2, (84352.91723955447, 448170.3133742779)]]]
[3.8000000000000003, 2.9741885662078857, 0.14605468010334857, 0.14656108866078985, [[102, 2, (84880.85876114457, 447505.5634201066)], [105, 2, (84716.50958487163, 447581.70587103994)], [112, 2, (84769.80929731176, 447017.69729570474)], [116, 2, (85103.85770371312, 447346.7084731901)], [144, 2, (84294.7021627688, 447036.4650717308)], [145, 2, (84241.08071984047, 447141.77953383187)], [148, 2, (84387.50925558225, 447336.59303757077)], [164, 2, (84259.41022179423, 447933.149900143)], [167, 2, (84627.07699752695, 447409.1412611593)], [172, 2, (83884.42612877121, 448433.36499306577)], [176, 2, (84354.64246980957, 448167.859075892)], [20, 2, (84033.22169951578, 447172.49598048395)], [24, 2, (84297.37558224256, 447037.8262580947)], [46, 2, (84669.18401079041, 446520.31075752433)], [53, 2, (84547.11687055952, 448303.43531119917)], [55, 2, (84759.50677343977, 448445.9547539382)], [80, 2, (83980.35094895505, 448017.53443806164)], [82, 2, (84351.56594212889, 448323.69011376763)], [94, 2, (84352.91723955447, 448170.3133742779)]]]
[4.0, 3.3582096099853516, 0.1509908928403165, 0.15151580560970526, [[102, 2, (84880.85876114457, 447505.5634201066)], [105, 2, (84716.50958487163, 447581.70587103994)], [112, 2, (84769.80929731176, 447017.69729570474)], [116, 2, (85103.85770371312, 447346.7084731901)], [144, 2, (84294.7021627688, 447036.4650717308)], [145, 2, (84241.08071984047, 447141.77953383187)], [148, 2, (84387.50925558225, 447336.59303757077)], [152, 2, (84814.15283194844, 446180.5738827459)], [164, 2, (84259.41022179423, 447933.149900143)], [167, 2, (84627.07699752695, 447409.1412611593)], [172, 2, (83884.42612877121, 448433.36499306577)], [176, 2, (84354.64246980957, 448167.859075892)], [20, 2, (84033.22169951578, 447172.49598048395)], [24, 2, (84297.37558224256, 447037.8262580947)], [46, 2, (84669.18401079041, 446520.31075752433)], [53, 2, (84547.11687055952, 448303.43531119917)], [55, 2, (84759.50677343977, 448445.9547539382)], [80, 2, (83980.35094895505, 448017.53443806164)], [82, 2, (84351.56594212889, 448323.69011376763)], [94, 2, (84352.91723955447, 448170.3133742779)]]]
