['budget', 'runtime', 'objective_value', 'flow_caught_optimal', 'flow_caught_fixed_solution', 'flow_impact_area', ['solution']]
[0.2, 2.60801362991333, 0.019227908119263504, 0.019404242761931298, 0.01940422801864504, 4.301340150999126, [[58, 2, (84525.8778802715, 448289.1833669253)]]]
[0.4, 2.7610621452331543, 0.03255107550837717, 0.03273462743751884, 0.02304122279283114, 3.94964075801532, [[58, 2, (84525.8778802715, 448289.1833669253)], [94, 2, (84321.7806164654, 448354.19495508034)]]]
[0.6000000000000001, 2.608988046646118, 0.043147501393188084, 0.04334851035958344, 0.03637162210288943, 3.879674513960168, [[51, 2, (84727.88467856383, 446379.92780119076)], [58, 2, (84525.8778802715, 448289.1833669253)], [94, 2, (84321.7806164654, 448354.19495508034)]]]
[0.8, 2.6462714672088623, 0.05335286578937038, 0.05357288894430097, 0.04621106580517634, 3.852551220219518, [[135, 2, (85103.85770371312, 447346.7084731901)], [51, 2, (84727.88467856383, 446379.92780119076)], [58, 2, (84525.8778802715, 448289.1833669253)], [94, 2, (84321.7806164654, 448354.19495508034)]]]
[1.0, 2.795069932937622, 0.06217473069328583, 0.06241315456384037, 0.0550513609309833, 3.8085490337431693, [[135, 2, (85103.85770371312, 447346.7084731901)], [21, 2, (84033.22169951578, 447172.49598048395)], [51, 2, (84727.88467856383, 446379.92780119076)], [58, 2, (84525.8778802715, 448289.1833669253)], [94, 2, (84321.7806164654, 448354.19495508034)]]]
[1.2, 2.8469977378845215, 0.06978923252173073, 0.07004702290033955, 0.0655166481966972, 3.791119343848369, [[135, 2, (85103.85770371312, 447346.7084731901)], [21, 2, (84033.22169951578, 447172.49598048395)], [25, 2, (84297.37558224256, 447037.8262580947)], [51, 2, (84727.88467856383, 446379.92780119076)], [58, 2, (84525.8778802715, 448289.1833669253)], [94, 2, (84321.7806164654, 448354.19495508034)]]]
[1.4000000000000001, 2.801072597503662, 0.07733047979621868, 0.07760758119077331, 0.0731468027574192, 3.7721628622529244, [[135, 2, (85103.85770371312, 447346.7084731901)], [21, 2, (84033.22169951578, 447172.49598048395)], [215, 2, (84354.64246980957, 448167.859075892)], [25, 2, (84297.37558224256, 447037.8262580947)], [51, 2, (84727.88467856383, 446379.92780119076)], [58, 2, (84525.8778802715, 448289.1833669253)], [94, 2, (84321.7806164654, 448354.19495508034)]]]
[1.6, 2.9480698108673096, 0.08404546774749493, 0.08434201028952472, 0.08070736075393711, 3.756786776940931, [[135, 2, (85103.85770371312, 447346.7084731901)], [168, 2, (84294.7021627688, 447036.4650717308)], [21, 2, (84033.22169951578, 447172.49598048395)], [215, 2, (84354.64246980957, 448167.859075892)], [25, 2, (84297.37558224256, 447037.8262580947)], [51, 2, (84727.88467856383, 446379.92780119076)], [58, 2, (84525.8778802715, 448289.1833669253)], [94, 2, (84321.7806164654, 448354.19495508034)]]]
[1.8, 3.138094425201416, 0.09017042891987351, 0.09048006708563701, 0.085925663909732, 3.566822029873409, [[135, 2, (85103.85770371312, 447346.7084731901)], [168, 2, (84294.7021627688, 447036.4650717308)], [209, 2, (83884.42612877121, 448433.36499306577)], [21, 2, (84033.22169951578, 447172.49598048395)], [215, 2, (84354.64246980957, 448167.859075892)], [25, 2, (84297.37558224256, 447037.8262580947)], [51, 2, (84727.88467856383, 446379.92780119076)], [58, 2, (84525.8778802715, 448289.1833669253)], [94, 2, (84321.7806164654, 448354.19495508034)]]]
[2.0, 4.004089832305908, 0.09624367196069895, 0.09657013100454834, 0.09054421351315649, 3.4793527108509457, [[135, 2, (85103.85770371312, 447346.7084731901)], [168, 2, (84294.7021627688, 447036.4650717308)], [181, 2, (84646.84934729052, 446565.9477406789)], [209, 2, (83884.42612877121, 448433.36499306577)], [21, 2, (84033.22169951578, 447172.49598048395)], [215, 2, (84354.64246980957, 448167.859075892)], [25, 2, (84297.37558224256, 447037.8262580947)], [51, 2, (84727.88467856383, 446379.92780119076)], [58, 2, (84525.8778802715, 448289.1833669253)], [94, 2, (84321.7806164654, 448354.19495508034)]]]
[2.2, 4.982994318008423, 0.1020331795436063, 0.10237909590102763, 0.09606018989111029, 3.4644214142267824, [[135, 2, (85103.85770371312, 447346.7084731901)], [168, 2, (84294.7021627688, 447036.4650717308)], [181, 2, (84646.84934729052, 446565.9477406789)], [196, 2, (84301.85534330901, 447877.3383882173)], [209, 2, (83884.42612877121, 448433.36499306577)], [21, 2, (84033.22169951578, 447172.49598048395)], [215, 2, (84354.64246980957, 448167.859075892)], [25, 2, (84297.37558224256, 447037.8262580947)], [51, 2, (84727.88467856383, 446379.92780119076)], [58, 2, (84525.8778802715, 448289.1833669253)], [94, 2, (84321.7806164654, 448354.19495508034)]]]
[2.4000000000000004, 4.096994638442993, 0.1077943611985504, 0.10815792117740942, 0.10159275647879983, 3.399588786295238, [[131, 2, (84823.3633878987, 447057.1044207001)], [135, 2, (85103.85770371312, 447346.7084731901)], [168, 2, (84294.7021627688, 447036.4650717308)], [181, 2, (84646.84934729052, 446565.9477406789)], [196, 2, (84301.85534330901, 447877.3383882173)], [209, 2, (83884.42612877121, 448433.36499306577)], [21, 2, (84033.22169951578, 447172.49598048395)], [215, 2, (84354.64246980957, 448167.859075892)], [25, 2, (84297.37558224256, 447037.8262580947)], [51, 2, (84727.88467856383, 446379.92780119076)], [58, 2, (84525.8778802715, 448289.1833669253)], [94, 2, (84321.7806164654, 448354.19495508034)]]]
[2.6000000000000005, 4.4099955558776855, 0.1134960786552404, 0.11387917863284908, 0.10774770508172367, 3.386932462565261, [[119, 2, (84880.85876114457, 447505.5634201066)], [131, 2, (84823.3633878987, 447057.1044207001)], [135, 2, (85103.85770371312, 447346.7084731901)], [168, 2, (84294.7021627688, 447036.4650717308)], [181, 2, (84646.84934729052, 446565.9477406789)], [196, 2, (84301.85534330901, 447877.3383882173)], [209, 2, (83884.42612877121, 448433.36499306577)], [21, 2, (84033.22169951578, 447172.49598048395)], [215, 2, (84354.64246980957, 448167.859075892)], [25, 2, (84297.37558224256, 447037.8262580947)], [51, 2, (84727.88467856383, 446379.92780119076)], [58, 2, (84525.8778802715, 448289.1833669253)], [94, 2, (84321.7806164654, 448354.19495508034)]]]
[2.8000000000000003, 6.717992067337036, 0.1190383234917931, 0.11944101314937916, 0.11037325280156518, 3.3756430518620224, [[119, 2, (84880.85876114457, 447505.5634201066)], [131, 2, (84823.3633878987, 447057.1044207001)], [135, 2, (85103.85770371312, 447346.7084731901)], [168, 2, (84294.7021627688, 447036.4650717308)], [181, 2, (84646.84934729052, 446565.9477406789)], [193, 2, (85032.16813787172, 447385.608266497)], [196, 2, (84301.85534330901, 447877.3383882173)], [209, 2, (83884.42612877121, 448433.36499306577)], [21, 2, (84033.22169951578, 447172.49598048395)], [215, 2, (84354.64246980957, 448167.859075892)], [25, 2, (84297.37558224256, 447037.8262580947)], [51, 2, (84727.88467856383, 446379.92780119076)], [58, 2, (84525.8778802715, 448289.1833669253)], [94, 2, (84321.7806164654, 448354.19495508034)]]]
[3.0000000000000004, 6.059993028640747, 0.1245547756852329, 0.1249768109126639, 0.11618237444622395, 3.3576372749339707, [[119, 2, (84880.85876114457, 447505.5634201066)], [131, 2, (84823.3633878987, 447057.1044207001)], [135, 2, (85103.85770371312, 447346.7084731901)], [168, 2, (84294.7021627688, 447036.4650717308)], [181, 2, (84646.84934729052, 446565.9477406789)], [193, 2, (85032.16813787172, 447385.608266497)], [196, 2, (84301.85534330901, 447877.3383882173)], [209, 2, (83884.42612877121, 448433.36499306577)], [21, 2, (84033.22169951578, 447172.49598048395)], [215, 2, (84354.64246980957, 448167.859075892)], [25, 2, (84297.37558224256, 447037.8262580947)], [51, 2, (84727.88467856383, 446379.92780119076)], [58, 2, (84525.8778802715, 448289.1833669253)], [92, 2, (83980.35094895505, 448017.53443806164)], [94, 2, (84321.7806164654, 448354.19495508034)]]]
[3.2, 8.313079595565796, 0.12985853953765233, 0.1302991548834468, 0.12160212589184502, 3.318571116672885, [[119, 2, (84880.85876114457, 447505.5634201066)], [131, 2, (84823.3633878987, 447057.1044207001)], [135, 2, (85103.85770371312, 447346.7084731901)], [168, 2, (84294.7021627688, 447036.4650717308)], [181, 2, (84646.84934729052, 446565.9477406789)], [193, 2, (85032.16813787172, 447385.608266497)], [196, 2, (84301.85534330901, 447877.3383882173)], [209, 2, (83884.42612877121, 448433.36499306577)], [21, 2, (84033.22169951578, 447172.49598048395)], [215, 2, (84354.64246980957, 448167.859075892)], [25, 2, (84297.37558224256, 447037.8262580947)], [51, 2, (84727.88467856383, 446379.92780119076)], [53, 2, (84935.46094662073, 446105.53507511714)], [58, 2, (84525.8778802715, 448289.1833669253)], [92, 2, (83980.35094895505, 448017.53443806164)], [94, 2, (84321.7806164654, 448354.19495508034)]]]
[3.4000000000000004, 11.372075080871582, 0.1350481985869956, 0.1355061118366546, 0.12397200400669903, 3.244226528672582, [[119, 2, (84880.85876114457, 447505.5634201066)], [131, 2, (84823.3633878987, 447057.1044207001)], [135, 2, (85103.85770371312, 447346.7084731901)], [168, 2, (84294.7021627688, 447036.4650717308)], [181, 2, (84646.84934729052, 446565.9477406789)], [193, 2, (85032.16813787172, 447385.608266497)], [196, 2, (84301.85534330901, 447877.3383882173)], [209, 2, (83884.42612877121, 448433.36499306577)], [21, 2, (84033.22169951578, 447172.49598048395)], [213, 2, (83650.41718289697, 448834.68904687284)], [215, 2, (84354.64246980957, 448167.859075892)], [25, 2, (84297.37558224256, 447037.8262580947)], [51, 2, (84727.88467856383, 446379.92780119076)], [53, 2, (84935.46094662073, 446105.53507511714)], [58, 2, (84525.8778802715, 448289.1833669253)], [92, 2, (83980.35094895505, 448017.53443806164)], [94, 2, (84321.7806164654, 448354.19495508034)]]]
[3.6000000000000005, 7.3150551319122314, 0.14004716228590766, 0.14052468182622097, 0.12823651815024462, 3.2333941386977205, [[119, 2, (84880.85876114457, 447505.5634201066)], [131, 2, (84823.3633878987, 447057.1044207001)], [135, 2, (85103.85770371312, 447346.7084731901)], [168, 2, (84294.7021627688, 447036.4650717308)], [181, 2, (84646.84934729052, 446565.9477406789)], [193, 2, (85032.16813787172, 447385.608266497)], [196, 2, (84301.85534330901, 447877.3383882173)], [209, 2, (83884.42612877121, 448433.36499306577)], [21, 2, (84033.22169951578, 447172.49598048395)], [213, 2, (83650.41718289697, 448834.68904687284)], [215, 2, (84354.64246980957, 448167.859075892)], [25, 2, (84297.37558224256, 447037.8262580947)], [51, 2, (84727.88467856383, 446379.92780119076)], [53, 2, (84935.46094662073, 446105.53507511714)], [58, 2, (84525.8778802715, 448289.1833669253)], [73, 2, (85030.63520852219, 447388.1870506309)], [92, 2, (83980.35094895505, 448017.53443806164)], [94, 2, (84321.7806164654, 448354.19495508034)]]]
[3.8000000000000003, 15.075039863586426, 0.14490121130576697, 0.1453983756864579, 0.13378807936304238, 3.223622393174671, [[119, 2, (84880.85876114457, 447505.5634201066)], [131, 2, (84823.3633878987, 447057.1044207001)], [135, 2, (85103.85770371312, 447346.7084731901)], [168, 2, (84294.7021627688, 447036.4650717308)], [181, 2, (84646.84934729052, 446565.9477406789)], [193, 2, (85032.16813787172, 447385.608266497)], [196, 2, (84301.85534330901, 447877.3383882173)], [209, 2, (83884.42612877121, 448433.36499306577)], [21, 2, (84033.22169951578, 447172.49598048395)], [213, 2, (83650.41718289697, 448834.68904687284)], [215, 2, (84354.64246980957, 448167.859075892)], [25, 2, (84297.37558224256, 447037.8262580947)], [42, 2, (84229.92821995473, 447316.6735784422)], [51, 2, (84727.88467856383, 446379.92780119076)], [53, 2, (84935.46094662073, 446105.53507511714)], [58, 2, (84525.8778802715, 448289.1833669253)], [73, 2, (85030.63520852219, 447388.1870506309)], [92, 2, (83980.35094895505, 448017.53443806164)], [94, 2, (84321.7806164654, 448354.19495508034)]]]
[4.0, 16.733043432235718, 0.149564313756496, 0.15008114345035523, 0.13898125994252172, 3.214413929320862, [[119, 2, (84880.85876114457, 447505.5634201066)], [131, 2, (84823.3633878987, 447057.1044207001)], [135, 2, (85103.85770371312, 447346.7084731901)], [168, 2, (84294.7021627688, 447036.4650717308)], [172, 2, (84387.50925558225, 447336.59303757077)], [181, 2, (84646.84934729052, 446565.9477406789)], [193, 2, (85032.16813787172, 447385.608266497)], [196, 2, (84301.85534330901, 447877.3383882173)], [209, 2, (83884.42612877121, 448433.36499306577)], [21, 2, (84033.22169951578, 447172.49598048395)], [213, 2, (83650.41718289697, 448834.68904687284)], [215, 2, (84354.64246980957, 448167.859075892)], [25, 2, (84297.37558224256, 447037.8262580947)], [42, 2, (84229.92821995473, 447316.6735784422)], [51, 2, (84727.88467856383, 446379.92780119076)], [53, 2, (84935.46094662073, 446105.53507511714)], [58, 2, (84525.8778802715, 448289.1833669253)], [73, 2, (85030.63520852219, 447388.1870506309)], [92, 2, (83980.35094895505, 448017.53443806164)], [94, 2, (84321.7806164654, 448354.19495508034)]]]
