[[84525.8778802715, 448289.1833669253]]
[[84646.6277765699, 446923.3310114949], [84525.8778802715, 448289.1833669253]]
[[84321.7806164654, 448354.19495508034], [84646.6277765699, 446923.3310114949], [84525.8778802715, 448289.1833669253]]
[[84321.7806164654, 448354.19495508034], [85103.85770371312, 447346.7084731901], [84646.6277765699, 446923.3310114949], [84525.8778802715, 448289.1833669253]]
[[84321.7806164654, 448354.19495508034], [85103.85770371312, 447346.7084731901], [84646.6277765699, 446923.3310114949], [84033.22169951578, 447172.49598048395], [84525.8778802715, 448289.1833669253]]
[[84321.7806164654, 448354.19495508034], [85103.85770371312, 447346.7084731901], [84646.6277765699, 446923.3310114949], [84033.22169951578, 447172.49598048395], [84727.88467856383, 446379.92780119076], [84525.8778802715, 448289.1833669253]]
[[84321.7806164654, 448354.19495508034], [85103.85770371312, 447346.7084731901], [84646.6277765699, 446923.3310114949], [84033.22169951578, 447172.49598048395], [84297.37558224256, 447037.8262580947], [84727.88467856383, 446379.92780119076], [84525.8778802715, 448289.1833669253]]
[[84321.7806164654, 448354.19495508034], [85103.85770371312, 447346.7084731901], [84646.6277765699, 446923.3310114949], [84033.22169951578, 447172.49598048395], [84354.64246980957, 448167.859075892], [84297.37558224256, 447037.8262580947], [84727.88467856383, 446379.92780119076], [84525.8778802715, 448289.1833669253]]
[[84321.7806164654, 448354.19495508034], [85103.85770371312, 447346.7084731901], [84241.08071984047, 447141.77953383187], [84646.6277765699, 446923.3310114949], [84033.22169951578, 447172.49598048395], [84354.64246980957, 448167.859075892], [84297.37558224256, 447037.8262580947], [84727.88467856383, 446379.92780119076], [84525.8778802715, 448289.1833669253]]
[[84321.7806164654, 448354.19495508034], [85001.87702318851, 447188.4615040179], [85103.85770371312, 447346.7084731901], [84241.08071984047, 447141.77953383187], [84646.6277765699, 446923.3310114949], [84033.22169951578, 447172.49598048395], [84354.64246980957, 448167.859075892], [84297.37558224256, 447037.8262580947], [84727.88467856383, 446379.92780119076], [84525.8778802715, 448289.1833669253]]
[[84321.7806164654, 448354.19495508034], [85001.87702318851, 447188.4615040179], [85103.85770371312, 447346.7084731901], [84241.08071984047, 447141.77953383187], [84646.6277765699, 446923.3310114949], [84033.22169951578, 447172.49598048395], [83752.93210630848, 448501.4754733475], [84354.64246980957, 448167.859075892], [84297.37558224256, 447037.8262580947], [84727.88467856383, 446379.92780119076], [84525.8778802715, 448289.1833669253]]
[[84321.7806164654, 448354.19495508034], [85001.87702318851, 447188.4615040179], [85103.85770371312, 447346.7084731901], [84294.7021627688, 447036.4650717308], [84241.08071984047, 447141.77953383187], [84646.6277765699, 446923.3310114949], [84033.22169951578, 447172.49598048395], [83752.93210630848, 448501.4754733475], [84354.64246980957, 448167.859075892], [84297.37558224256, 447037.8262580947], [84727.88467856383, 446379.92780119076], [84525.8778802715, 448289.1833669253]]
[[84321.7806164654, 448354.19495508034], [84823.3633878987, 447057.1044207001], [85103.85770371312, 447346.7084731901], [84294.7021627688, 447036.4650717308], [84241.08071984047, 447141.77953383187], [84646.6277765699, 446923.3310114949], [85032.16813787172, 447385.608266497], [84033.22169951578, 447172.49598048395], [83752.93210630848, 448501.4754733475], [84354.64246980957, 448167.859075892], [84297.37558224256, 447037.8262580947], [84727.88467856383, 446379.92780119076], [84525.8778802715, 448289.1833669253]]
[[84717.74429046172, 447478.03322837123], [84321.7806164654, 448354.19495508034], [84823.3633878987, 447057.1044207001], [85103.85770371312, 447346.7084731901], [84294.7021627688, 447036.4650717308], [84241.08071984047, 447141.77953383187], [84646.6277765699, 446923.3310114949], [85032.16813787172, 447385.608266497], [84033.22169951578, 447172.49598048395], [83752.93210630848, 448501.4754733475], [84354.64246980957, 448167.859075892], [84297.37558224256, 447037.8262580947], [84727.88467856383, 446379.92780119076], [84525.8778802715, 448289.1833669253]]
[[84717.74429046172, 447478.03322837123], [84321.7806164654, 448354.19495508034], [84823.3633878987, 447057.1044207001], [85103.85770371312, 447346.7084731901], [84294.7021627688, 447036.4650717308], [84241.08071984047, 447141.77953383187], [84646.6277765699, 446923.3310114949], [85032.16813787172, 447385.608266497], [84301.85534330901, 447877.3383882173], [84033.22169951578, 447172.49598048395], [83752.93210630848, 448501.4754733475], [84354.64246980957, 448167.859075892], [84297.37558224256, 447037.8262580947], [84727.88467856383, 446379.92780119076], [84525.8778802715, 448289.1833669253]]
[[84717.74429046172, 447478.03322837123], [84321.7806164654, 448354.19495508034], [84823.3633878987, 447057.1044207001], [85103.85770371312, 447346.7084731901], [84294.7021627688, 447036.4650717308], [84241.08071984047, 447141.77953383187], [84646.6277765699, 446923.3310114949], [85032.16813787172, 447385.608266497], [84301.85534330901, 447877.3383882173], [84033.22169951578, 447172.49598048395], [83752.93210630848, 448501.4754733475], [84354.64246980957, 448167.859075892], [84297.37558224256, 447037.8262580947], [84727.88467856383, 446379.92780119076], [84935.46094662073, 446105.53507511714], [84525.8778802715, 448289.1833669253]]
[[84717.74429046172, 447478.03322837123], [84321.7806164654, 448354.19495508034], [85001.87702318851, 447188.4615040179], [85103.85770371312, 447346.7084731901], [84294.7021627688, 447036.4650717308], [84241.08071984047, 447141.77953383187], [84646.6277765699, 446923.3310114949], [85032.16813787172, 447385.608266497], [84301.85534330901, 447877.3383882173], [84033.22169951578, 447172.49598048395], [83752.93210630848, 448501.4754733475], [84354.64246980957, 448167.859075892], [84297.37558224256, 447037.8262580947], [84727.88467856383, 446379.92780119076], [84935.46094662073, 446105.53507511714], [84525.8778802715, 448289.1833669253], [84571.06209602603, 446957.6536268316]]
[[84717.74429046172, 447478.03322837123], [84321.7806164654, 448354.19495508034], [85001.87702318851, 447188.4615040179], [85103.85770371312, 447346.7084731901], [84294.7021627688, 447036.4650717308], [84241.08071984047, 447141.77953383187], [84646.6277765699, 446923.3310114949], [85032.16813787172, 447385.608266497], [84301.85534330901, 447877.3383882173], [84033.22169951578, 447172.49598048395], [83752.93210630848, 448501.4754733475], [84354.64246980957, 448167.859075892], [84621.74826997881, 447616.134275384], [84297.37558224256, 447037.8262580947], [84727.88467856383, 446379.92780119076], [84935.46094662073, 446105.53507511714], [84525.8778802715, 448289.1833669253], [84571.06209602603, 446957.6536268316]]
[[84717.74429046172, 447478.03322837123], [83980.35094895505, 448017.53443806164], [84321.7806164654, 448354.19495508034], [85001.87702318851, 447188.4615040179], [85103.85770371312, 447346.7084731901], [84294.7021627688, 447036.4650717308], [84241.08071984047, 447141.77953383187], [84646.6277765699, 446923.3310114949], [85032.16813787172, 447385.608266497], [84301.85534330901, 447877.3383882173], [84033.22169951578, 447172.49598048395], [83752.93210630848, 448501.4754733475], [84354.64246980957, 448167.859075892], [84621.74826997881, 447616.134275384], [84297.37558224256, 447037.8262580947], [84727.88467856383, 446379.92780119076], [84935.46094662073, 446105.53507511714], [84525.8778802715, 448289.1833669253], [84571.06209602603, 446957.6536268316]]
[[84717.74429046172, 447478.03322837123], [83980.35094895505, 448017.53443806164], [84321.7806164654, 448354.19495508034], [85001.87702318851, 447188.4615040179], [85103.85770371312, 447346.7084731901], [84294.7021627688, 447036.4650717308], [84241.08071984047, 447141.77953383187], [84646.6277765699, 446923.3310114949], [85032.16813787172, 447385.608266497], [84301.85534330901, 447877.3383882173], [84033.22169951578, 447172.49598048395], [83752.93210630848, 448501.4754733475], [84354.64246980957, 448167.859075892], [84621.74826997881, 447616.134275384], [84297.37558224256, 447037.8262580947], [84688.75090004822, 446473.5164387465], [84727.88467856383, 446379.92780119076], [84935.46094662073, 446105.53507511714], [84525.8778802715, 448289.1833669253], [84571.06209602603, 446957.6536268316]]
