['budget', 'runtime', 'objective_value', 'flow_caught', ['solution']]
[0.2, 5.654578924179077, 0.024959532140009164, 0.025000547721483753, [[224, 2, (84294.70216276878, 447036.4650717308)]]]
[0.4, 7.853519916534424, 0.04456463058714983, 0.044625421101733245, [[224, 2, (84294.70216276878, 447036.4650717308)], [34, 2, (84297.37558224254, 447037.8262580947)]]]
[0.6000000000000001, 9.326354742050171, 0.06133504017623766, 0.061415563084425896, [[224, 2, (84294.70216276878, 447036.4650717308)], [34, 2, (84297.37558224254, 447037.8262580947)], [76, 2, (84511.71855341281, 448279.6820707427)]]]
[0.8, 7.278176784515381, 0.07627760661731084, 0.07637755896936098, [[176, 2, (85099.61641608654, 447315.85233068565)], [224, 2, (84294.70216276878, 447036.4650717308)], [34, 2, (84297.37558224254, 447037.8262580947)], [76, 2, (84511.71855341281, 448279.6820707427)]]]
[1.0, 5.569039344787598, 0.08836683916038213, 0.08848664512184906, [[176, 2, (85099.61641608654, 447315.85233068565)], [224, 2, (84294.70216276878, 447036.4650717308)], [34, 2, (84297.37558224254, 447037.8262580947)], [35, 2, (84333.12321086143, 446967.616616694)], [76, 2, (84511.71855341281, 448279.6820707427)]]]
[1.2, 5.865293264389038, 0.09837036222704244, 0.098510047033501, [[176, 2, (85099.61641608654, 447315.85233068565)], [223, 2, (84330.44979138767, 446966.2554303301)], [224, 2, (84294.70216276878, 447036.4650717308)], [34, 2, (84297.37558224254, 447037.8262580947)], [35, 2, (84333.12321086143, 446967.616616694)], [76, 2, (84511.71855341281, 448279.6820707427)]]]
[1.4000000000000001, 5.688375473022461, 0.10789351812196414, 0.10805169567185706, [[121, 2, (84321.7806164654, 448354.19495508034)], [176, 2, (85099.61641608654, 447315.85233068565)], [223, 2, (84330.44979138767, 446966.2554303301)], [224, 2, (84294.70216276878, 447036.4650717308)], [34, 2, (84297.37558224254, 447037.8262580947)], [35, 2, (84333.12321086143, 446967.616616694)], [76, 2, (84511.71855341281, 448279.6820707427)]]]
[1.6, 5.992365121841431, 0.11712601940317496, 0.11730342618655432, [[121, 2, (84321.7806164654, 448354.19495508034)], [176, 2, (85099.61641608654, 447315.85233068565)], [223, 2, (84330.44979138767, 446966.2554303301)], [224, 2, (84294.70216276878, 447036.4650717308)], [246, 2, (84560.50398411034, 446806.73360668455)], [34, 2, (84297.37558224254, 447037.8262580947)], [35, 2, (84333.12321086143, 446967.616616694)], [76, 2, (84511.71855341281, 448279.6820707427)]]]
[1.8, 5.748739242553711, 0.12626279328809356, 0.12646009678480674, [[121, 2, (84321.7806164654, 448354.19495508034)], [176, 2, (85099.61641608654, 447315.85233068565)], [223, 2, (84330.44979138767, 446966.2554303301)], [224, 2, (84294.70216276878, 447036.4650717308)], [225, 2, (84258.9545341499, 447106.6747131315)], [246, 2, (84560.50398411034, 446806.73360668455)], [34, 2, (84297.37558224254, 447037.8262580947)], [35, 2, (84333.12321086143, 446967.616616694)], [76, 2, (84511.71855341281, 448279.6820707427)]]]
[2.0, 5.753316879272461, 0.13364357342176253, 0.13386079564341066, [[121, 2, (84321.7806164654, 448354.19495508034)], [176, 2, (85099.61641608654, 447315.85233068565)], [207, 2, (84263.62580987417, 447397.5099410558)], [223, 2, (84330.44979138767, 446966.2554303301)], [224, 2, (84294.70216276878, 447036.4650717308)], [225, 2, (84258.9545341499, 447106.6747131315)], [246, 2, (84560.50398411034, 446806.73360668455)], [34, 2, (84297.37558224254, 447037.8262580947)], [35, 2, (84333.12321086143, 446967.616616694)], [76, 2, (84511.71855341281, 448279.6820707427)]]]
[2.2, 5.907299995422363, 0.14071614152093845, 0.1409532846533702, [[111, 2, (84740.8489725257, 447494.64730339433)], [121, 2, (84321.7806164654, 448354.19495508034)], [176, 2, (85099.61641608654, 447315.85233068565)], [207, 2, (84263.62580987417, 447397.5099410558)], [223, 2, (84330.44979138767, 446966.2554303301)], [224, 2, (84294.70216276878, 447036.4650717308)], [225, 2, (84258.9545341499, 447106.6747131315)], [246, 2, (84560.50398411034, 446806.73360668455)], [34, 2, (84297.37558224254, 447037.8262580947)], [35, 2, (84333.12321086143, 446967.616616694)], [76, 2, (84511.71855341281, 448279.6820707427)]]]
[2.4000000000000004, 6.09043025970459, 0.14725650709872767, 0.14751357623522077, [[111, 2, (84740.8489725257, 447494.64730339433)], [121, 2, (84321.7806164654, 448354.19495508034)], [176, 2, (85099.61641608654, 447315.85233068565)], [207, 2, (84263.62580987417, 447397.5099410558)], [223, 2, (84330.44979138767, 446966.2554303301)], [224, 2, (84294.70216276878, 447036.4650717308)], [225, 2, (84258.9545341499, 447106.6747131315)], [246, 2, (84560.50398411034, 446806.73360668455)], [33, 2, (84261.62795362367, 447108.0358994954)], [34, 2, (84297.37558224254, 447037.8262580947)], [35, 2, (84333.12321086143, 446967.616616694)], [76, 2, (84511.71855341281, 448279.6820707427)]]]
[2.6000000000000005, 6.409490585327148, 0.1535800153375572, 0.15385701227049012, [[111, 2, (84740.8489725257, 447494.64730339433)], [121, 2, (84321.7806164654, 448354.19495508034)], [155, 2, (84880.85876114457, 447505.5634201066)], [176, 2, (85099.61641608654, 447315.85233068565)], [207, 2, (84263.62580987417, 447397.5099410558)], [223, 2, (84330.44979138767, 446966.2554303301)], [224, 2, (84294.70216276878, 447036.4650717308)], [225, 2, (84258.9545341499, 447106.6747131315)], [246, 2, (84560.50398411034, 446806.73360668455)], [33, 2, (84261.62795362367, 447108.0358994954)], [34, 2, (84297.37558224254, 447037.8262580947)], [35, 2, (84333.12321086143, 446967.616616694)], [76, 2, (84511.71855341281, 448279.6820707427)]]]
[2.8000000000000003, 6.698092222213745, 0.15969319793669648, 0.15999012595734632, [[111, 2, (84740.8489725257, 447494.64730339433)], [121, 2, (84321.7806164654, 448354.19495508034)], [155, 2, (84880.85876114457, 447505.5634201066)], [176, 2, (85099.61641608654, 447315.85233068565)], [207, 2, (84263.62580987417, 447397.5099410558)], [223, 2, (84330.44979138767, 446966.2554303301)], [224, 2, (84294.70216276878, 447036.4650717308)], [225, 2, (84258.9545341499, 447106.6747131315)], [246, 2, (84560.50398411034, 446806.73360668455)], [305, 2, (84668.5749869018, 447597.5261040959)], [33, 2, (84261.62795362367, 447108.0358994954)], [34, 2, (84297.37558224254, 447037.8262580947)], [35, 2, (84333.12321086143, 446967.616616694)], [76, 2, (84511.71855341281, 448279.6820707427)]]]
[3.0000000000000004, 6.4410340785980225, 0.16579312515629582, 0.16610999334025672, [[111, 2, (84740.8489725257, 447494.64730339433)], [121, 2, (84321.7806164654, 448354.19495508034)], [155, 2, (84880.85876114457, 447505.5634201066)], [176, 2, (85099.61641608654, 447315.85233068565)], [207, 2, (84263.62580987417, 447397.5099410558)], [223, 2, (84330.44979138767, 446966.2554303301)], [224, 2, (84294.70216276878, 447036.4650717308)], [225, 2, (84258.9545341499, 447106.6747131315)], [246, 2, (84560.50398411034, 446806.73360668455)], [255, 2, (84385.48716829394, 447563.02613001404)], [305, 2, (84668.5749869018, 447597.5261040959)], [33, 2, (84261.62795362367, 447108.0358994954)], [34, 2, (84297.37558224254, 447037.8262580947)], [35, 2, (84333.12321086143, 446967.616616694)], [76, 2, (84511.71855341281, 448279.6820707427)]]]
[3.2, 7.1090028285980225, 0.17137726256720187, 0.17171406778424683, [[111, 2, (84740.8489725257, 447494.64730339433)], [121, 2, (84321.7806164654, 448354.19495508034)], [155, 2, (84880.85876114457, 447505.5634201066)], [158, 2, (84669.68286794862, 447600.31404232804)], [176, 2, (85099.61641608654, 447315.85233068565)], [207, 2, (84263.62580987417, 447397.5099410558)], [223, 2, (84330.44979138767, 446966.2554303301)], [224, 2, (84294.70216276878, 447036.4650717308)], [225, 2, (84258.9545341499, 447106.6747131315)], [246, 2, (84560.50398411034, 446806.73360668455)], [255, 2, (84385.48716829394, 447563.02613001404)], [305, 2, (84668.5749869018, 447597.5261040959)], [33, 2, (84261.62795362367, 447108.0358994954)], [34, 2, (84297.37558224254, 447037.8262580947)], [35, 2, (84333.12321086143, 446967.616616694)], [76, 2, (84511.71855341281, 448279.6820707427)]]]
[3.4000000000000004, 7.23432469367981, 0.17692989297391104, 0.17728633655534715, [[111, 2, (84740.8489725257, 447494.64730339433)], [121, 2, (84321.7806164654, 448354.19495508034)], [155, 2, (84880.85876114457, 447505.5634201066)], [158, 2, (84669.68286794862, 447600.31404232804)], [176, 2, (85099.61641608654, 447315.85233068565)], [207, 2, (84263.62580987417, 447397.5099410558)], [223, 2, (84330.44979138767, 446966.2554303301)], [224, 2, (84294.70216276878, 447036.4650717308)], [225, 2, (84258.9545341499, 447106.6747131315)], [246, 2, (84560.50398411034, 446806.73360668455)], [255, 2, (84385.48716829394, 447563.02613001404)], [305, 2, (84668.5749869018, 447597.5261040959)], [33, 2, (84261.62795362367, 447108.0358994954)], [34, 2, (84297.37558224254, 447037.8262580947)], [35, 2, (84333.12321086143, 446967.616616694)], [67, 2, (84734.4069749831, 446364.3296949315)], [76, 2, (84511.71855341281, 448279.6820707427)]]]
[3.6000000000000005, 7.791939973831177, 0.1824508003279524, 0.18282718263994804, [[111, 2, (84740.8489725257, 447494.64730339433)], [121, 2, (84321.7806164654, 448354.19495508034)], [155, 2, (84880.85876114457, 447505.5634201066)], [158, 2, (84669.68286794862, 447600.31404232804)], [176, 2, (85099.61641608654, 447315.85233068565)], [207, 2, (84263.62580987417, 447397.5099410558)], [223, 2, (84330.44979138767, 446966.2554303301)], [224, 2, (84294.70216276878, 447036.4650717308)], [225, 2, (84258.9545341499, 447106.6747131315)], [246, 2, (84560.50398411034, 446806.73360668455)], [255, 2, (84385.48716829394, 447563.02613001404)], [305, 2, (84668.5749869018, 447597.5261040959)], [33, 2, (84261.62795362367, 447108.0358994954)], [34, 2, (84297.37558224254, 447037.8262580947)], [35, 2, (84333.12321086143, 446967.616616694)], [67, 2, (84734.4069749831, 446364.3296949315)], [7, 2, (84215.4453513515, 447511.95359815925)], [76, 2, (84511.71855341281, 448279.6820707427)]]]
[3.8000000000000003, 7.399968385696411, 0.18782317153935887, 0.18821950114505398, [[111, 2, (84740.8489725257, 447494.64730339433)], [121, 2, (84321.7806164654, 448354.19495508034)], [155, 2, (84880.85876114457, 447505.5634201066)], [158, 2, (84669.68286794862, 447600.31404232804)], [176, 2, (85099.61641608654, 447315.85233068565)], [207, 2, (84263.62580987417, 447397.5099410558)], [223, 2, (84330.44979138767, 446966.2554303301)], [224, 2, (84294.70216276878, 447036.4650717308)], [225, 2, (84258.9545341499, 447106.6747131315)], [246, 2, (84560.50398411034, 446806.73360668455)], [255, 2, (84385.48716829394, 447563.02613001404)], [305, 2, (84668.5749869018, 447597.5261040959)], [33, 2, (84261.62795362367, 447108.0358994954)], [34, 2, (84297.37558224254, 447037.8262580947)], [35, 2, (84333.12321086143, 446967.616616694)], [67, 2, (84734.4069749831, 446364.3296949315)], [7, 2, (84215.4453513515, 447511.95359815925)], [76, 2, (84511.71855341281, 448279.6820707427)], [82, 2, (84383.90029153871, 447565.5720723079)]]]
[4.0, 8.116132974624634, 0.19315629332922937, 0.19357255237912888, [[111, 2, (84740.8489725257, 447494.64730339433)], [121, 2, (84321.7806164654, 448354.19495508034)], [155, 2, (84880.85876114457, 447505.5634201066)], [158, 2, (84669.68286794862, 447600.31404232804)], [176, 2, (85099.61641608654, 447315.85233068565)], [207, 2, (84263.62580987417, 447397.5099410558)], [223, 2, (84330.44979138767, 446966.2554303301)], [224, 2, (84294.70216276878, 447036.4650717308)], [225, 2, (84258.9545341499, 447106.6747131315)], [246, 2, (84560.50398411034, 446806.73360668455)], [255, 2, (84385.48716829394, 447563.02613001404)], [295, 2, (84376.6436397008, 448183.32462977996)], [305, 2, (84668.5749869018, 447597.5261040959)], [33, 2, (84261.62795362367, 447108.0358994954)], [34, 2, (84297.37558224254, 447037.8262580947)], [35, 2, (84333.12321086143, 446967.616616694)], [67, 2, (84734.4069749831, 446364.3296949315)], [7, 2, (84215.4453513515, 447511.95359815925)], [76, 2, (84511.71855341281, 448279.6820707427)], [82, 2, (84383.90029153871, 447565.5720723079)]]]
