[[84501.60474851374, 448272.89543061226]]
[[84560.50398411034, 446806.73360668455], [84501.60474851374, 448272.89543061226]]
[[84306.88795363365, 448369.44737573666], [84560.50398411034, 446806.73360668455], [84501.60474851374, 448272.89543061226]]
[[84306.88795363365, 448369.44737573666], [85108.09899133966, 447377.56461569446], [84560.50398411034, 446806.73360668455], [84501.60474851374, 448272.89543061226]]
[[84306.88795363365, 448369.44737573666], [85108.09899133966, 447377.56461569446], [84560.50398411034, 446806.73360668455], [84071.99017536262, 447199.59242606367], [84501.60474851374, 448272.89543061226]]
[[84306.88795363365, 448369.44737573666], [85108.09899133966, 447377.56461569446], [84560.50398411034, 446806.73360668455], [84071.99017536262, 447199.59242606367], [84739.06575813971, 446353.1881904606], [84501.60474851374, 448272.89543061226]]
[[84306.88795363365, 448369.44737573666], [85108.09899133966, 447377.56461569446], [84560.50398411034, 446806.73360668455], [84071.99017536262, 447199.59242606367], [84333.12321086143, 446967.616616694], [84739.06575813971, 446353.1881904606], [84501.60474851374, 448272.89543061226]]
[[84306.88795363365, 448369.44737573666], [85108.09899133966, 447377.56461569446], [84560.50398411034, 446806.73360668455], [84071.99017536262, 447199.59242606367], [84389.84434163553, 448192.60396211274], [84333.12321086143, 446967.616616694], [84739.06575813971, 446353.1881904606], [84501.60474851374, 448272.89543061226]]
[[84306.88795363365, 448369.44737573666], [85108.09899133966, 447377.56461569446], [84223.20690553103, 447176.88435453223], [84560.50398411034, 446806.73360668455], [84071.99017536262, 447199.59242606367], [84389.84434163553, 448192.60396211274], [84333.12321086143, 446967.616616694], [84739.06575813971, 446353.1881904606], [84501.60474851374, 448272.89543061226]]
[[84306.88795363365, 448369.44737573666], [85031.62929573683, 447210.35435123753], [85108.09899133966, 447377.56461569446], [84223.20690553103, 447176.88435453223], [84560.50398411034, 446806.73360668455], [84071.99017536262, 447199.59242606367], [84389.84434163553, 448192.60396211274], [84333.12321086143, 446967.616616694], [84739.06575813971, 446353.1881904606], [84501.60474851374, 448272.89543061226]]
