['budget', 'runtime', 'objective_value', 'flow_caught_optimal', 'flow_caught_fixed_solution', 'flow_impact_area', ['solution']]
[0.2, 13.66597843170166, 0.02460251593490638, 0.02475260048610057, 0.024752604176022985, 6.9038117649214445, [[94, 2, (84494.01939483944, 448267.8054505144)]]]
[0.4, 12.840426921844482, 0.04031136568533428, 0.04047924611880663, 0.03941215564349332, 6.786835431300693, [[222, 2, (85099.61641608654, 447315.85233068565)], [94, 2, (84494.01939483944, 448267.8054505144)]]]
[0.6000000000000001, 13.179975509643555, 0.05407179022357045, 0.0542435796718798, 0.053176396848781914, 5.932859062411915, [[152, 2, (84306.88795363365, 448369.44737573666)], [222, 2, (85099.61641608654, 447315.85233068565)], [94, 2, (84494.01939483944, 448267.8054505144)]]]
[0.8, 15.028002977371216, 0.06746844001523565, 0.06765513526415763, 0.061776139713746916, 5.662501104134918, [[152, 2, (84306.88795363365, 448369.44737573666)], [222, 2, (85099.61641608654, 447315.85233068565)], [315, 2, (84560.50398411034, 446806.73360668455)], [94, 2, (84494.01939483944, 448267.8054505144)]]]
[1.0, 14.533393859863281, 0.07908047126722623, 0.07928573136558147, 0.07234264475998375, 5.586335185306862, [[152, 2, (84306.88795363365, 448369.44737573666)], [222, 2, (85099.61641608654, 447315.85233068565)], [315, 2, (84560.50398411034, 446806.73360668455)], [35, 2, (84081.68229432433, 447206.3665374586)], [94, 2, (84494.01939483944, 448267.8054505144)]]]
[1.2, 13.840330362319946, 0.08597895547450861, 0.08620135302995527, 0.07825571600360373, 5.434415090050998, [[152, 2, (84306.88795363365, 448369.44737573666)], [222, 2, (85099.61641608654, 447315.85233068565)], [315, 2, (84560.50398411034, 446806.73360668455)], [35, 2, (84081.68229432433, 447206.3665374586)], [81, 2, (84693.64262236269, 446461.817859052)], [94, 2, (84494.01939483944, 448267.8054505144)]]]
[1.4000000000000001, 14.028619289398193, 0.09258835321463606, 0.09282792579933928, 0.08335666495827783, 5.284489014465511, [[152, 2, (84306.88795363365, 448369.44737573666)], [222, 2, (85099.61641608654, 447315.85233068565)], [315, 2, (84560.50398411034, 446806.73360668455)], [35, 2, (84081.68229432433, 447206.3665374586)], [377, 2, (83642.6364134917, 448865.3994836554)], [81, 2, (84693.64262236269, 446461.817859052)], [94, 2, (84494.01939483944, 448267.8054505144)]]]
[1.6, 15.90119981765747, 0.09861255059493312, 0.09887182684622942, 0.08941365954401426, 5.268762088855572, [[152, 2, (84306.88795363365, 448369.44737573666)], [222, 2, (85099.61641608654, 447315.85233068565)], [315, 2, (84560.50398411034, 446806.73360668455)], [35, 2, (84081.68229432433, 447206.3665374586)], [377, 2, (83642.6364134917, 448865.3994836554)], [383, 2, (84389.84434163553, 448192.60396211274)], [81, 2, (84693.64262236269, 446461.817859052)], [94, 2, (84494.01939483944, 448267.8054505144)]]]
[1.8, 48.70165753364563, 0.10452141618439223, 0.1047979841923266, 0.09314041307327836, 5.125030936970641, [[152, 2, (84306.88795363365, 448369.44737573666)], [216, 2, (84823.3633878987, 447057.1044207001)], [222, 2, (85099.61641608654, 447315.85233068565)], [315, 2, (84560.50398411034, 446806.73360668455)], [35, 2, (84081.68229432433, 447206.3665374586)], [377, 2, (83642.6364134917, 448865.3994836554)], [383, 2, (84389.84434163553, 448192.60396211274)], [81, 2, (84693.64262236269, 446461.817859052)], [94, 2, (84494.01939483944, 448267.8054505144)]]]
[2.0, 45.585540533065796, 0.11025043060772294, 0.11054594923213015, 0.10193896539735862, 5.069338341085941, [[152, 2, (84306.88795363365, 448369.44737573666)], [216, 2, (84823.3633878987, 447057.1044207001)], [222, 2, (85099.61641608654, 447315.85233068565)], [315, 2, (84560.50398411034, 446806.73360668455)], [35, 2, (84081.68229432433, 447206.3665374586)], [377, 2, (83642.6364134917, 448865.3994836554)], [383, 2, (84389.84434163553, 448192.60396211274)], [81, 2, (84693.64262236269, 446461.817859052)], [87, 2, (84958.38042789267, 446114.9160599387)], [94, 2, (84494.01939483944, 448267.8054505144)]]]
