[[84306.88795363365, 448369.44737573666]]
[[84306.88795363365, 448369.44737573666], [85099.61641608654, 447315.85233068565]]
[[84494.01939483944, 448267.8054505144], [84306.88795363365, 448369.44737573666], [85099.61641608654, 447315.85233068565]]
[[84494.01939483944, 448267.8054505144], [84306.88795363365, 448369.44737573666], [85099.61641608654, 447315.85233068565], [84560.50398411034, 446806.73360668455]]
[[84494.01939483944, 448267.8054505144], [84306.88795363365, 448369.44737573666], [85099.61641608654, 447315.85233068565], [84560.50398411034, 446806.73360668455], [84081.68229432433, 447206.3665374586]]
[[84494.01939483944, 448267.8054505144], [84306.88795363365, 448369.44737573666], [85099.61641608654, 447315.85233068565], [84560.50398411034, 446806.73360668455], [84081.68229432433, 447206.3665374586], [84718.10123393493, 446403.3249605797]]
[[84494.01939483944, 448267.8054505144], [84306.88795363365, 448369.44737573666], [85099.61641608654, 447315.85233068565], [84560.50398411034, 446806.73360668455], [84081.68229432433, 447206.3665374586], [83642.6364134917, 448865.3994836554], [84718.10123393493, 446403.3249605797]]
[[84494.01939483944, 448267.8054505144], [84306.88795363365, 448369.44737573666], [84823.3633878987, 447057.1044207001], [85099.61641608654, 447315.85233068565], [84560.50398411034, 446806.73360668455], [84081.68229432433, 447206.3665374586], [83642.6364134917, 448865.3994836554], [84718.10123393493, 446403.3249605797]]
[[84494.01939483944, 448267.8054505144], [84306.88795363365, 448369.44737573666], [84823.3633878987, 447057.1044207001], [85099.61641608654, 447315.85233068565], [84560.50398411034, 446806.73360668455], [84081.68229432433, 447206.3665374586], [83642.6364134917, 448865.3994836554], [84389.84434163553, 448192.60396211274], [84718.10123393493, 446403.3249605797]]
[[84494.01939483944, 448267.8054505144], [84306.88795363365, 448369.44737573666], [84823.3633878987, 447057.1044207001], [85099.61641608654, 447315.85233068565], [84560.50398411034, 446806.73360668455], [84081.68229432433, 447206.3665374586], [83642.6364134917, 448865.3994836554], [84389.84434163553, 448192.60396211274], [84718.10123393493, 446403.3249605797], [84958.38042789267, 446114.9160599387]]
