[[84291.9952908019, 448384.699796393]]
[[84291.9952908019, 448384.699796393], [85097.49577227327, 447300.4242594334]]
[[84479.53826509761, 448258.08821578225], [84291.9952908019, 448384.699796393], [85097.49577227327, 447300.4242594334]]
[[84479.53826509761, 448258.08821578225], [84291.9952908019, 448384.699796393], [85097.49577227327, 447300.4242594334], [84557.87787918745, 446824.3646807362]]
[[84479.53826509761, 448258.08821578225], [84291.9952908019, 448384.699796393], [85097.49577227327, 447300.4242594334], [84557.87787918745, 446824.3646807362], [84093.79744302647, 447214.83417670225]]
[[84479.53826509761, 448258.08821578225], [84291.9952908019, 448384.699796393], [85097.49577227327, 447300.4242594334], [84557.87787918745, 446824.3646807362], [84093.79744302647, 447214.83417670225], [84731.44229479252, 446371.41974323115]]
[[84479.53826509761, 448258.08821578225], [84291.9952908019, 448384.699796393], [85097.49577227327, 447300.4242594334], [84557.87787918745, 446824.3646807362], [84093.79744302647, 447214.83417670225], [83638.74602878904, 448880.7547020467], [84731.44229479252, 446371.41974323115]]
[[84479.53826509761, 448258.08821578225], [84291.9952908019, 448384.699796393], [84823.3633878987, 447057.1044207001], [85097.49577227327, 447300.4242594334], [84557.87787918745, 446824.3646807362], [84093.79744302647, 447214.83417670225], [83638.74602878904, 448880.7547020467], [84731.44229479252, 446371.41974323115]]
[[84479.53826509761, 448258.08821578225], [84291.9952908019, 448384.699796393], [84823.3633878987, 447057.1044207001], [85097.49577227327, 447300.4242594334], [84557.87787918745, 446824.3646807362], [84093.79744302647, 447214.83417670225], [83638.74602878904, 448880.7547020467], [84404.93085813239, 448203.2089133502], [84731.44229479252, 446371.41974323115]]
[[84479.53826509761, 448258.08821578225], [84291.9952908019, 448384.699796393], [84823.3633878987, 447057.1044207001], [85097.49577227327, 447300.4242594334], [84557.87787918745, 446824.3646807362], [84093.79744302647, 447214.83417670225], [83638.74602878904, 448880.7547020467], [84404.93085813239, 448203.2089133502], [84731.44229479252, 446371.41974323115], [84958.38042789267, 446114.9160599387]]
