[[84518.15461107584, 448284.0008417348]]
[[84557.87787918745, 446824.3646807362], [84518.15461107584, 448284.0008417348]]
[[84321.7806164654, 448354.19495508034], [84557.87787918745, 446824.3646807362], [84518.15461107584, 448284.0008417348]]
[[84321.7806164654, 448354.19495508034], [85103.8577037131, 447346.7084731901], [84557.87787918745, 446824.3646807362], [84518.15461107584, 448284.0008417348]]
[[84321.7806164654, 448354.19495508034], [85103.8577037131, 447346.7084731901], [84557.87787918745, 446824.3646807362], [84057.45199692006, 447189.4312589713], [84518.15461107584, 448284.0008417348]]
[[84321.7806164654, 448354.19495508034], [85103.8577037131, 447346.7084731901], [84557.87787918745, 446824.3646807362], [84057.45199692006, 447189.4312589713], [84731.44229479252, 446371.41974323115], [84518.15461107584, 448284.0008417348]]
[[84321.7806164654, 448354.19495508034], [85103.8577037131, 447346.7084731901], [84557.87787918745, 446824.3646807362], [84057.45199692006, 447189.4312589713], [84318.82415941387, 446995.70047325426], [84731.44229479252, 446371.41974323115], [84518.15461107584, 448284.0008417348]]
[[84321.7806164654, 448354.19495508034], [85103.8577037131, 447346.7084731901], [84557.87787918745, 446824.3646807362], [84057.45199692006, 447189.4312589713], [84367.21456689028, 448176.6965352565], [84318.82415941387, 446995.70047325426], [84731.44229479252, 446371.41974323115], [84518.15461107584, 448284.0008417348]]
[[84321.7806164654, 448354.19495508034], [85103.8577037131, 447346.7084731901], [84230.3564312548, 447162.8424262521], [84557.87787918745, 446824.3646807362], [84057.45199692006, 447189.4312589713], [84367.21456689028, 448176.6965352565], [84318.82415941387, 446995.70047325426], [84731.44229479252, 446371.41974323115], [84518.15461107584, 448284.0008417348]]
[[84321.7806164654, 448354.19495508034], [85014.62799713778, 447197.84415282635], [85103.8577037131, 447346.7084731901], [84230.3564312548, 447162.8424262521], [84557.87787918745, 446824.3646807362], [84057.45199692006, 447189.4312589713], [84367.21456689028, 448176.6965352565], [84318.82415941387, 446995.70047325426], [84731.44229479252, 446371.41974323115], [84518.15461107584, 448284.0008417348]]
