['budget', 'runtime', 'objective_value', 'flow_caught_optimal', 'flow_caught_fixed_solution', 'flow_impact_area', ['solution']]
[0.2, 36.13824152946472, 0.026174573976945694, 0.02632030832311053, 0.010855249535860974, 8.527871122150692, [[201, 2, (84291.9952908019, 448384.699796393)]]]
[0.4, 36.39686679840088, 0.04691146981327375, 0.04706638341021486, 0.029705093378061105, 7.793959047682391, [[201, 2, (84291.9952908019, 448384.699796393)], [431, 2, (84563.13008903325, 446789.1025326329)]]]
[0.6000000000000001, 37.4849328994751, 0.0645917279456203, 0.06476385172790486, 0.04932302469689406, 7.604741220017158, [[201, 2, (84291.9952908019, 448384.699796393)], [296, 2, (85097.49577227327, 447300.4242594334)], [431, 2, (84563.13008903325, 446789.1025326329)]]]
[0.8, 36.256813049316406, 0.07822070072462992, 0.07841208699650834, 0.06357764007195989, 7.5547199339635895, [[122, 2, (84479.53826509761, 448258.08821578225)], [201, 2, (84291.9952908019, 448384.699796393)], [296, 2, (85097.49577227327, 447300.4242594334)], [431, 2, (84563.13008903325, 446789.1025326329)]]]
[1.0, 39.15292453765869, 0.08953804086823548, 0.08974826155993144, 0.07379782859757815, 7.475665022703255, [[122, 2, (84479.53826509761, 448258.08821578225)], [201, 2, (84291.9952908019, 448384.699796393)], [296, 2, (85097.49577227327, 447300.4242594334)], [431, 2, (84563.13008903325, 446789.1025326329)], [47, 2, (84093.79744302647, 447214.83417670225)]]]
[1.2, 43.184940814971924, 0.09780333596943486, 0.09802854732240253, 0.08219040545056504, 7.135909049989843, [[122, 2, (84479.53826509761, 448258.08821578225)], [201, 2, (84291.9952908019, 448384.699796393)], [296, 2, (85097.49577227327, 447300.4242594334)], [423, 2, (84710.88643940697, 446412.802697406)], [431, 2, (84563.13008903325, 446789.1025326329)], [47, 2, (84093.79744302647, 447214.83417670225)]]]
[1.4000000000000001, 47.4068238735199, 0.10427725524881955, 0.10451920839436306, 0.08589648181690036, 6.914922709766102, [[122, 2, (84479.53826509761, 448258.08821578225)], [201, 2, (84291.9952908019, 448384.699796393)], [288, 2, (84823.3633878987, 447057.1044207001)], [296, 2, (85097.49577227327, 447300.4242594334)], [423, 2, (84710.88643940697, 446412.802697406)], [431, 2, (84563.13008903325, 446789.1025326329)], [47, 2, (84093.79744302647, 447214.83417670225)]]]
[1.6, 67.97177934646606, 0.11054817319394437, 0.11080720615543016, 0.08772959039188527, 6.716862640590203, [[122, 2, (84479.53826509761, 448258.08821578225)], [201, 2, (84291.9952908019, 448384.699796393)], [288, 2, (84823.3633878987, 447057.1044207001)], [296, 2, (85097.49577227327, 447300.4242594334)], [423, 2, (84710.88643940697, 446412.802697406)], [431, 2, (84563.13008903325, 446789.1025326329)], [47, 2, (84093.79744302647, 447214.83417670225)], [521, 2, (83650.41718289696, 448834.68904687284)]]]
[1.8, 185.90202450752258, 0.11606977527886798, 0.11634857980379958, 0.0910238102686465, 6.701369041963372, [[122, 2, (84479.53826509761, 448258.08821578225)], [201, 2, (84291.9952908019, 448384.699796393)], [288, 2, (84823.3633878987, 447057.1044207001)], [296, 2, (85097.49577227327, 447300.4242594334)], [423, 2, (84710.88643940697, 446412.802697406)], [431, 2, (84563.13008903325, 446789.1025326329)], [47, 2, (84093.79744302647, 447214.83417670225)], [521, 2, (83650.41718289696, 448834.68904687284)], [531, 2, (84404.93085813239, 448203.2089133502)]]]
[2.0, 424.0864746570587, 0.1215204628345025, 0.12181888637238766, 0.09728518067517056, 6.675528780086662, [[122, 2, (84479.53826509761, 448258.08821578225)], [201, 2, (84291.9952908019, 448384.699796393)], [288, 2, (84823.3633878987, 447057.1044207001)], [296, 2, (85097.49577227327, 447300.4242594334)], [298, 2, (85110.21963515294, 447392.9926869467)], [423, 2, (84710.88643940697, 446412.802697406)], [431, 2, (84563.13008903325, 446789.1025326329)], [47, 2, (84093.79744302647, 447214.83417670225)], [521, 2, (83650.41718289696, 448834.68904687284)], [531, 2, (84404.93085813239, 448203.2089133502)]]]
