['budget', 'runtime', 'objective_value', 'flow_caught_optimal', 'flow_caught_fixed_solution', 'flow_impact_area', ['solution']]
[0.2, 66.41663956642151, 0.028796224651208853, 0.028933950558902057, 0.011194144116077685, 10.059657533706142, [[246, 2, (84287.74024427854, 448389.05763086624)]]]
[0.4, 66.68545198440552, 0.050394104450411835, 0.050543767974512537, 0.030535101732175007, 9.370728312988062, [[246, 2, (84287.74024427854, 448389.05763086624)], [537, 2, (84563.13008903325, 446789.1025326329)]]]
[0.6000000000000001, 67.05083203315735, 0.06518066569044847, 0.06534772673238408, 0.052511491636568264, 9.148346682372546, [[246, 2, (84287.74024427854, 448389.05763086624)], [367, 2, (85096.2233859853, 447291.1674166821)], [537, 2, (84563.13008903325, 446789.1025326329)]]]
[0.8, 69.45364379882812, 0.07830088770177591, 0.07848734580286551, 0.05868568543296272, 9.096825496058736, [[149, 2, (84473.59728879327, 448254.1016579434)], [246, 2, (84287.74024427854, 448389.05763086624)], [367, 2, (85096.2233859853, 447291.1674166821)], [537, 2, (84563.13008903325, 446789.1025326329)]]]
[1.0, 72.30169081687927, 0.08951599324965863, 0.08972151865119786, 0.06894720066106255, 9.01712648805294, [[149, 2, (84473.59728879327, 448254.1016579434)], [246, 2, (84287.74024427854, 448389.05763086624)], [367, 2, (85096.2233859853, 447291.1674166821)], [537, 2, (84563.13008903325, 446789.1025326329)], [57, 2, (84097.83582592719, 447217.6567231168)]]]
[1.2, 72.96526050567627, 0.09941340757967963, 0.09963833643064536, 0.07756364336614853, 8.966151349380773, [[149, 2, (84473.59728879327, 448254.1016579434)], [246, 2, (84287.74024427854, 448389.05763086624)], [315, 2, (85141.17516866863, 447427.9920012702)], [367, 2, (85096.2233859853, 447291.1674166821)], [537, 2, (84563.13008903325, 446789.1025326329)], [57, 2, (84097.83582592719, 447217.6567231168)]]]
[1.4000000000000001, 72.65579605102539, 0.10734986881774379, 0.10758913475315005, 0.08049286730215377, 8.482256238386084, [[135, 2, (84751.9670038042, 446322.3347934642)], [149, 2, (84473.59728879327, 448254.1016579434)], [246, 2, (84287.74024427854, 448389.05763086624)], [315, 2, (85141.17516866863, 447427.9920012702)], [367, 2, (85096.2233859853, 447291.1674166821)], [537, 2, (84563.13008903325, 446789.1025326329)], [57, 2, (84097.83582592719, 447217.6567231168)]]]
[1.6, 85.78813576698303, 0.11444957249519051, 0.11470280353276696, 0.08282687995585722, 7.966575309629403, [[135, 2, (84751.9670038042, 446322.3347934642)], [149, 2, (84473.59728879327, 448254.1016579434)], [246, 2, (84287.74024427854, 448389.05763086624)], [315, 2, (85141.17516866863, 447427.9920012702)], [367, 2, (85096.2233859853, 447291.1674166821)], [537, 2, (84563.13008903325, 446789.1025326329)], [57, 2, (84097.83582592719, 447217.6567231168)], [647, 2, (83711.10718425814, 448595.14763996884)]]]
[1.8, 118.20939922332764, 0.11937945085757962, 0.11965198304457664, 0.08482043185981891, 7.906858653913405, [[135, 2, (84751.9670038042, 446322.3347934642)], [141, 2, (84969.84016852862, 446119.6065523495)], [149, 2, (84473.59728879327, 448254.1016579434)], [246, 2, (84287.74024427854, 448389.05763086624)], [315, 2, (85141.17516866863, 447427.9920012702)], [367, 2, (85096.2233859853, 447291.1674166821)], [537, 2, (84563.13008903325, 446789.1025326329)], [57, 2, (84097.83582592719, 447217.6567231168)], [647, 2, (83711.10718425814, 448595.14763996884)]]]
[2.0, 600.6335246562958, 0.12429111475603488, 0.12458257853767392, 0.09257190219039732, 7.815563609194024, [[135, 2, (84751.9670038042, 446322.3347934642)], [141, 2, (84969.84016852862, 446119.6065523495)], [149, 2, (84473.59728879327, 448254.1016579434)], [213, 2, (84526.8630551493, 446834.84144175047)], [246, 2, (84287.74024427854, 448389.05763086624)], [315, 2, (85141.17516866863, 447427.9920012702)], [367, 2, (85096.2233859853, 447291.1674166821)], [537, 2, (84563.13008903325, 446789.1025326329)], [57, 2, (84097.83582592719, 447217.6567231168)], [647, 2, (83711.10718425814, 448595.14763996884)]]]
