[[84287.74024427854, 448389.05763086624]]
[[84287.74024427854, 448389.05763086624], [85096.2233859853, 447291.1674166821]]
[[84473.59728879327, 448254.1016579434], [84287.74024427854, 448389.05763086624], [85096.2233859853, 447291.1674166821]]
[[84473.59728879327, 448254.1016579434], [84287.74024427854, 448389.05763086624], [85096.2233859853, 447291.1674166821], [84557.87787918745, 446824.3646807362]]
[[84473.59728879327, 448254.1016579434], [84287.74024427854, 448389.05763086624], [85096.2233859853, 447291.1674166821], [84557.87787918745, 446824.3646807362], [84065.52876272149, 447195.0763518004]]
[[84473.59728879327, 448254.1016579434], [84287.74024427854, 448389.05763086624], [85096.2233859853, 447291.1674166821], [84557.87787918745, 446824.3646807362], [84065.52876272149, 447195.0763518004], [84721.86409725373, 446394.3260531224]]
[[84473.59728879327, 448254.1016579434], [84287.74024427854, 448389.05763086624], [85096.2233859853, 447291.1674166821], [84557.87787918745, 446824.3646807362], [84065.52876272149, 447195.0763518004], [83636.41179796746, 448889.96783308143], [84721.86409725373, 446394.3260531224]]
[[84473.59728879327, 448254.1016579434], [84287.74024427854, 448389.05763086624], [84839.11459101255, 447068.694751581], [85096.2233859853, 447291.1674166821], [84557.87787918745, 446824.3646807362], [84065.52876272149, 447195.0763518004], [83636.41179796746, 448889.96783308143], [84721.86409725373, 446394.3260531224]]
[[84473.59728879327, 448254.1016579434], [84287.74024427854, 448389.05763086624], [84839.11459101255, 447068.694751581], [85096.2233859853, 447291.1674166821], [84557.87787918745, 446824.3646807362], [84065.52876272149, 447195.0763518004], [83636.41179796746, 448889.96783308143], [84413.31225618617, 448209.10055292654], [84721.86409725373, 446394.3260531224]]
[[84473.59728879327, 448254.1016579434], [84287.74024427854, 448389.05763086624], [84839.11459101255, 447068.694751581], [85096.2233859853, 447291.1674166821], [84557.87787918745, 446824.3646807362], [84065.52876272149, 447195.0763518004], [83636.41179796746, 448889.96783308143], [84413.31225618617, 448209.10055292654], [84721.86409725373, 446394.3260531224], [84969.84016852862, 446119.6065523495]]
