[[84506.27265846715, 448276.0277260571]]
[[84557.87787918745, 446824.3646807362], [84506.27265846715, 448276.0277260571]]
[[84313.27052341869, 448362.9106240268], [84557.87787918745, 446824.3646807362], [84506.27265846715, 448276.0277260571]]
[[84313.27052341869, 448362.9106240268], [85106.40247628905, 447365.2221586927], [84557.87787918745, 446824.3646807362], [84506.27265846715, 448276.0277260571]]
[[84313.27052341869, 448362.9106240268], [85106.40247628905, 447365.2221586927], [84557.87787918745, 446824.3646807362], [84065.52876272149, 447195.0763518004], [84506.27265846715, 448276.0277260571]]
[[84313.27052341869, 448362.9106240268], [85106.40247628905, 447365.2221586927], [84557.87787918745, 446824.3646807362], [84065.52876272149, 447195.0763518004], [84736.91555052895, 446358.3304232933], [84506.27265846715, 448276.0277260571]]
[[84313.27052341869, 448362.9106240268], [85106.40247628905, 447365.2221586927], [84557.87787918745, 446824.3646807362], [84065.52876272149, 447195.0763518004], [84315.24939655197, 447002.7214373943], [84736.91555052895, 446358.3304232933], [84506.27265846715, 448276.0277260571]]
[[84313.27052341869, 448362.9106240268], [85106.40247628905, 447365.2221586927], [84557.87787918745, 446824.3646807362], [84065.52876272149, 447195.0763518004], [84383.97736299787, 448188.4798144093], [84315.24939655197, 447002.7214373943], [84736.91555052895, 446358.3304232933], [84506.27265846715, 448276.0277260571]]
[[84313.27052341869, 448362.9106240268], [85106.40247628905, 447365.2221586927], [84223.20690553101, 447176.88435453223], [84557.87787918745, 446824.3646807362], [84065.52876272149, 447195.0763518004], [84383.97736299787, 448188.4798144093], [84315.24939655197, 447002.7214373943], [84736.91555052895, 446358.3304232933], [84506.27265846715, 448276.0277260571]]
[[84313.27052341869, 448362.9106240268], [85028.12902837821, 447207.7787221528], [85106.40247628905, 447365.2221586927], [84223.20690553101, 447176.88435453223], [84557.87787918745, 446824.3646807362], [84065.52876272149, 447195.0763518004], [84383.97736299787, 448188.4798144093], [84315.24939655197, 447002.7214373943], [84736.91555052895, 446358.3304232933], [84506.27265846715, 448276.0277260571]]
