['budget', 'runtime', 'objective_value', 'flow_caught_optimal', 'flow_caught_fixed_solution', 'flow_impact_area', ['solution']]
[0.2, 119.69140529632568, 0.028796224651208853, 0.028933950558902057, 0.028933950433074323, 10.059657533706142, [[246, 2, (84287.74024427854, 448389.05763086624)]]]
[0.4, 121.21681356430054, 0.050394104450411835, 0.050543767974512537, 0.04475868533534831, 9.370728312988062, [[246, 2, (84287.74024427854, 448389.05763086624)], [537, 2, (84563.13008903325, 446789.1025326329)]]]
[0.6000000000000001, 99.75087523460388, 0.06518066569044847, 0.06534772673238408, 0.05789857297690128, 9.148346682372546, [[246, 2, (84287.74024427854, 448389.05763086624)], [367, 2, (85096.2233859853, 447291.1674166821)], [537, 2, (84563.13008903325, 446789.1025326329)]]]
[0.8, 165.30506372451782, 0.07830088770177591, 0.07848734580286551, 0.07627976529425129, 9.096825496058736, [[149, 2, (84473.59728879327, 448254.1016579434)], [246, 2, (84287.74024427854, 448389.05763086624)], [367, 2, (85096.2233859853, 447291.1674166821)], [537, 2, (84563.13008903325, 446789.1025326329)]]]
[1.0, 125.46500754356384, 0.08951599324965863, 0.08972151865119786, 0.08654128052225046, 9.01712648805294, [[149, 2, (84473.59728879327, 448254.1016579434)], [246, 2, (84287.74024427854, 448389.05763086624)], [367, 2, (85096.2233859853, 447291.1674166821)], [537, 2, (84563.13008903325, 446789.1025326329)], [57, 2, (84097.83582592719, 447217.6567231168)]]]
[1.2, 126.98181056976318, 0.09941340757967963, 0.09963833643064536, 0.09466017249988413, 8.966151349380773, [[149, 2, (84473.59728879327, 448254.1016579434)], [246, 2, (84287.74024427854, 448389.05763086624)], [315, 2, (85141.17516866863, 447427.9920012702)], [367, 2, (85096.2233859853, 447291.1674166821)], [537, 2, (84563.13008903325, 446789.1025326329)], [57, 2, (84097.83582592719, 447217.6567231168)]]]
[1.4000000000000001, 129.14805722236633, 0.10734986881774379, 0.10758913475315005, 0.10121329584940837, 8.482256238386084, [[135, 2, (84751.9670038042, 446322.3347934642)], [149, 2, (84473.59728879327, 448254.1016579434)], [246, 2, (84287.74024427854, 448389.05763086624)], [315, 2, (85141.17516866863, 447427.9920012702)], [367, 2, (85096.2233859853, 447291.1674166821)], [537, 2, (84563.13008903325, 446789.1025326329)], [57, 2, (84097.83582592719, 447217.6567231168)]]]
[1.6, 145.68086981773376, 0.11444957249519051, 0.11470280353276696, 0.10626352864564531, 7.966575309629403, [[135, 2, (84751.9670038042, 446322.3347934642)], [149, 2, (84473.59728879327, 448254.1016579434)], [246, 2, (84287.74024427854, 448389.05763086624)], [315, 2, (85141.17516866863, 447427.9920012702)], [367, 2, (85096.2233859853, 447291.1674166821)], [537, 2, (84563.13008903325, 446789.1025326329)], [57, 2, (84097.83582592719, 447217.6567231168)], [647, 2, (83711.10718425814, 448595.14763996884)]]]
[1.8, 188.08504223823547, 0.11937945085757962, 0.11965198304457664, 0.11112818462598437, 7.906858653913405, [[135, 2, (84751.9670038042, 446322.3347934642)], [141, 2, (84969.84016852862, 446119.6065523495)], [149, 2, (84473.59728879327, 448254.1016579434)], [246, 2, (84287.74024427854, 448389.05763086624)], [315, 2, (85141.17516866863, 447427.9920012702)], [367, 2, (85096.2233859853, 447291.1674166821)], [537, 2, (84563.13008903325, 446789.1025326329)], [57, 2, (84097.83582592719, 447217.6567231168)], [647, 2, (83711.10718425814, 448595.14763996884)]]]
[2.0, 782.1391067504883, 0.12429111475603488, 0.12458257853767392, 0.11618023404516986, 7.815563609194024, [[135, 2, (84751.9670038042, 446322.3347934642)], [141, 2, (84969.84016852862, 446119.6065523495)], [149, 2, (84473.59728879327, 448254.1016579434)], [213, 2, (84526.8630551493, 446834.84144175047)], [246, 2, (84287.74024427854, 448389.05763086624)], [315, 2, (85141.17516866863, 447427.9920012702)], [367, 2, (85096.2233859853, 447291.1674166821)], [537, 2, (84563.13008903325, 446789.1025326329)], [57, 2, (84097.83582592719, 447217.6567231168)], [647, 2, (83711.10718425814, 448595.14763996884)]]]
