['budget', 'runtime', 'objective_value', 'flow_caught_optimal', 'flow_caught_fixed_solution', 'flow_impact_area', ['solution']]
[0.2, 170.04547476768494, 0.02879626780721954, 0.028933991773574665, 0.011194144116077685, 10.059491646715031, [[246, 2, (84287.74024427854, 448389.05763086624)]]]
[0.4, 207.70014810562134, 0.0503941044504118, 0.0505437679745125, 0.030535101732175007, 9.370728312987994, [[246, 2, (84287.74024427854, 448389.05763086624)], [537, 2, (84563.13008903325, 446789.1025326329)]]]
[0.6000000000000001, 247.28329634666443, 0.06518038554910623, 0.06534744668806045, 0.052511491636568264, 9.148354972592207, [[246, 2, (84287.74024427854, 448389.05763086624)], [367, 2, (85096.2233859853, 447291.1674166821)], [537, 2, (84563.13008903325, 446789.1025326329)]]]
[0.8, 278.7674705982208, 0.07830108723972101, 0.07848754526923174, 0.05868568543296272, 9.0968193796464, [[149, 2, (84473.59728879327, 448254.1016579434)], [246, 2, (84287.74024427854, 448389.05763086624)], [367, 2, (85096.2233859853, 447291.1674166821)], [537, 2, (84563.13008903325, 446789.1025326329)]]]
[1.0, 415.7202603816986, 0.08951599324965931, 0.08972151865119854, 0.06894720066106255, 9.017126488052916, [[149, 2, (84473.59728879327, 448254.1016579434)], [246, 2, (84287.74024427854, 448389.05763086624)], [367, 2, (85096.2233859853, 447291.1674166821)], [537, 2, (84563.13008903325, 446789.1025326329)], [57, 2, (84097.83582592719, 447217.6567231168)]]]
[1.2, 513.1122348308563, 0.09941349266460156, 0.0996384215122606, 0.07756364336614853, 8.96615106682006, [[149, 2, (84473.59728879327, 448254.1016579434)], [246, 2, (84287.74024427854, 448389.05763086624)], [315, 2, (85141.17516866863, 447427.9920012702)], [367, 2, (85096.2233859853, 447291.1674166821)], [537, 2, (84563.13008903325, 446789.1025326329)], [57, 2, (84097.83582592719, 447217.6567231168)]]]
[1.4000000000000001, 571.5849831104279, 0.10734985748714426, 0.10758912345533568, 0.08049286730215377, 8.482259039875121, [[135, 2, (84751.9670038042, 446322.3347934642)], [149, 2, (84473.59728879327, 448254.1016579434)], [246, 2, (84287.74024427854, 448389.05763086624)], [315, 2, (85141.17516866863, 447427.9920012702)], [367, 2, (85096.2233859853, 447291.1674166821)], [537, 2, (84563.13008903325, 446789.1025326329)], [57, 2, (84097.83582592719, 447217.6567231168)]]]
[1.6, 637.4440665245056, 0.11444957026105876, 0.11470280130161165, 0.08282687995585722, 7.966575563963417, [[135, 2, (84751.9670038042, 446322.3347934642)], [149, 2, (84473.59728879327, 448254.1016579434)], [246, 2, (84287.74024427854, 448389.05763086624)], [315, 2, (85141.17516866863, 447427.9920012702)], [367, 2, (85096.2233859853, 447291.1674166821)], [537, 2, (84563.13008903325, 446789.1025326329)], [57, 2, (84097.83582592719, 447217.6567231168)], [647, 2, (83711.10718425814, 448595.14763996884)]]]
[1.8, 823.0168182849884, 0.11937959539853207, 0.11965212747626108, 0.08482043185981891, 7.906849316984382, [[135, 2, (84751.9670038042, 446322.3347934642)], [141, 2, (84969.84016852862, 446119.6065523495)], [149, 2, (84473.59728879327, 448254.1016579434)], [246, 2, (84287.74024427854, 448389.05763086624)], [315, 2, (85141.17516866863, 447427.9920012702)], [367, 2, (85096.2233859853, 447291.1674166821)], [537, 2, (84563.13008903325, 446789.1025326329)], [57, 2, (84097.83582592719, 447217.6567231168)], [647, 2, (83711.10718425814, 448595.14763996884)]]]
[2.0, 787.5111026763916, 0.12429192578469199, 0.12458338962647474, 0.09257190219039732, 7.815568748452506, [[135, 2, (84751.9670038042, 446322.3347934642)], [141, 2, (84969.84016852862, 446119.6065523495)], [149, 2, (84473.59728879327, 448254.1016579434)], [213, 2, (84526.8630551493, 446834.84144175047)], [246, 2, (84287.74024427854, 448389.05763086624)], [315, 2, (85141.17516866863, 447427.9920012702)], [367, 2, (85096.2233859853, 447291.1674166821)], [537, 2, (84563.13008903325, 446789.1025326329)], [57, 2, (84097.83582592719, 447217.6567231168)], [647, 2, (83711.10718425814, 448595.14763996884)]]]
