['budget', 'runtime', 'objective_value', 'flow_caught', ['solution']]
[0.2, 4.4013893604278564, 0.020744148046506924, 0.020803923705914103, [[31, 2, (84318.82415941388, 446995.7004732543)]]]
[0.4, 4.428724765777588, 0.03596312518364859, 0.036042519813633905, [[206, 2, (84273.25358559746, 447078.5908565712)], [31, 2, (84318.82415941388, 446995.7004732543)]]]
[0.6000000000000001, 4.371324300765991, 0.049020549150650926, 0.04911949267025303, [[206, 2, (84273.25358559746, 447078.5908565712)], [31, 2, (84318.82415941388, 446995.7004732543)], [70, 2, (84511.71855341281, 448279.6820707427)]]]
[0.8, 4.437722444534302, 0.06124048997164473, 0.06135912744855568, [[206, 2, (84273.25358559746, 447078.5908565712)], [30, 2, (84275.92700507122, 447079.9520429351)], [31, 2, (84318.82415941388, 446995.7004732543)], [70, 2, (84511.71855341281, 448279.6820707427)]]]
[1.0, 4.599539279937744, 0.07200829456489728, 0.07214664869332235, [[205, 2, (84316.15073994012, 446994.3392868904)], [206, 2, (84273.25358559746, 447078.5908565712)], [30, 2, (84275.92700507122, 447079.9520429351)], [31, 2, (84318.82415941388, 446995.7004732543)], [70, 2, (84511.71855341281, 448279.6820707427)]]]
[1.2, 4.801686763763428, 0.08150135650953232, 0.08165837524456536, [[205, 2, (84316.15073994012, 446994.3392868904)], [206, 2, (84273.25358559746, 447078.5908565712)], [226, 2, (84560.50398411034, 446806.73360668455)], [30, 2, (84275.92700507122, 447079.9520429351)], [31, 2, (84318.82415941388, 446995.7004732543)], [70, 2, (84511.71855341281, 448279.6820707427)]]]
[1.4000000000000001, 4.801178455352783, 0.08853246305576976, 0.08870742551668645, [[114, 2, (84321.7806164654, 448354.19495508034)], [205, 2, (84316.15073994012, 446994.3392868904)], [206, 2, (84273.25358559746, 447078.5908565712)], [226, 2, (84560.50398411034, 446806.73360668455)], [30, 2, (84275.92700507122, 447079.9520429351)], [31, 2, (84318.82415941388, 446995.7004732543)], [70, 2, (84511.71855341281, 448279.6820707427)]]]
[1.6, 5.088094711303711, 0.09487739855113524, 0.09507220474271823, [[104, 2, (84740.8489725257, 447494.64730339433)], [114, 2, (84321.7806164654, 448354.19495508034)], [205, 2, (84316.15073994012, 446994.3392868904)], [206, 2, (84273.25358559746, 447078.5908565712)], [226, 2, (84560.50398411034, 446806.73360668455)], [30, 2, (84275.92700507122, 447079.9520429351)], [31, 2, (84318.82415941388, 446995.7004732543)], [70, 2, (84511.71855341281, 448279.6820707427)]]]
[1.8, 5.5335822105407715, 0.10100292274656278, 0.1012175764189159, [[104, 2, (84740.8489725257, 447494.64730339433)], [114, 2, (84321.7806164654, 448354.19495508034)], [205, 2, (84316.15073994012, 446994.3392868904)], [206, 2, (84273.25358559746, 447078.5908565712)], [207, 2, (84230.3564312548, 447162.8424262521)], [226, 2, (84560.50398411034, 446806.73360668455)], [30, 2, (84275.92700507122, 447079.9520429351)], [31, 2, (84318.82415941388, 446995.7004732543)], [70, 2, (84511.71855341281, 448279.6820707427)]]]
[2.0, 5.346645355224609, 0.10675093433990294, 0.10698544341919243, [[104, 2, (84740.8489725257, 447494.64730339433)], [114, 2, (84321.7806164654, 448354.19495508034)], [144, 2, (84880.85876114457, 447505.5634201066)], [205, 2, (84316.15073994012, 446994.3392868904)], [206, 2, (84273.25358559746, 447078.5908565712)], [207, 2, (84230.3564312548, 447162.8424262521)], [226, 2, (84560.50398411034, 446806.73360668455)], [30, 2, (84275.92700507122, 447079.9520429351)], [31, 2, (84318.82415941388, 446995.7004732543)], [70, 2, (84511.71855341281, 448279.6820707427)]]]
[2.2, 5.586315155029297, 0.1122745074240415, 0.11252887936265688, [[104, 2, (84740.8489725257, 447494.64730339433)], [114, 2, (84321.7806164654, 448354.19495508034)], [144, 2, (84880.85876114457, 447505.5634201066)], [205, 2, (84316.15073994012, 446994.3392868904)], [206, 2, (84273.25358559746, 447078.5908565712)], [207, 2, (84230.3564312548, 447162.8424262521)], [226, 2, (84560.50398411034, 446806.73360668455)], [279, 2, (84668.5749869018, 447597.5261040959)], [30, 2, (84275.92700507122, 447079.9520429351)], [31, 2, (84318.82415941388, 446995.7004732543)], [70, 2, (84511.71855341281, 448279.6820707427)]]]
[2.4000000000000004, 6.345202684402466, 0.11772694325398081, 0.1180011973744321, [[104, 2, (84740.8489725257, 447494.64730339433)], [114, 2, (84321.7806164654, 448354.19495508034)], [144, 2, (84880.85876114457, 447505.5634201066)], [205, 2, (84316.15073994012, 446994.3392868904)], [206, 2, (84273.25358559746, 447078.5908565712)], [207, 2, (84230.3564312548, 447162.8424262521)], [226, 2, (84560.50398411034, 446806.73360668455)], [234, 2, (84385.48716829394, 447563.02613001404)], [279, 2, (84668.5749869018, 447597.5261040959)], [30, 2, (84275.92700507122, 447079.9520429351)], [31, 2, (84318.82415941388, 446995.7004732543)], [70, 2, (84511.71855341281, 448279.6820707427)]]]
[2.6000000000000005, 5.82339072227478, 0.12302030418329366, 0.12331382966199561, [[104, 2, (84740.8489725257, 447494.64730339433)], [114, 2, (84321.7806164654, 448354.19495508034)], [144, 2, (84880.85876114457, 447505.5634201066)], [205, 2, (84316.15073994012, 446994.3392868904)], [206, 2, (84273.25358559746, 447078.5908565712)], [207, 2, (84230.3564312548, 447162.8424262521)], [226, 2, (84560.50398411034, 446806.73360668455)], [234, 2, (84385.48716829394, 447563.02613001404)], [279, 2, (84668.5749869018, 447597.5261040959)], [30, 2, (84275.92700507122, 447079.9520429351)], [31, 2, (84318.82415941388, 446995.7004732543)], [62, 2, (84734.4069749831, 446364.3296949315)], [70, 2, (84511.71855341281, 448279.6820707427)]]]
[2.8000000000000003, 5.167149305343628, 0.12812974662569282, 0.12844314519734928, [[104, 2, (84740.8489725257, 447494.64730339433)], [114, 2, (84321.7806164654, 448354.19495508034)], [144, 2, (84880.85876114457, 447505.5634201066)], [147, 2, (84669.68286794862, 447600.31404232804)], [205, 2, (84316.15073994012, 446994.3392868904)], [206, 2, (84273.25358559746, 447078.5908565712)], [207, 2, (84230.3564312548, 447162.8424262521)], [226, 2, (84560.50398411034, 446806.73360668455)], [234, 2, (84385.48716829394, 447563.02613001404)], [279, 2, (84668.5749869018, 447597.5261040959)], [30, 2, (84275.92700507122, 447079.9520429351)], [31, 2, (84318.82415941388, 446995.7004732543)], [62, 2, (84734.4069749831, 446364.3296949315)], [70, 2, (84511.71855341281, 448279.6820707427)]]]
[3.0000000000000004, 5.394169092178345, 0.1329545798389354, 0.13328787413100532, [[104, 2, (84740.8489725257, 447494.64730339433)], [114, 2, (84321.7806164654, 448354.19495508034)], [144, 2, (84880.85876114457, 447505.5634201066)], [147, 2, (84669.68286794862, 447600.31404232804)], [205, 2, (84316.15073994012, 446994.3392868904)], [206, 2, (84273.25358559746, 447078.5908565712)], [207, 2, (84230.3564312548, 447162.8424262521)], [226, 2, (84560.50398411034, 446806.73360668455)], [234, 2, (84385.48716829394, 447563.02613001404)], [279, 2, (84668.5749869018, 447597.5261040959)], [30, 2, (84275.92700507122, 447079.9520429351)], [31, 2, (84318.82415941388, 446995.7004732543)], [62, 2, (84734.4069749831, 446364.3296949315)], [70, 2, (84511.71855341281, 448279.6820707427)], [76, 2, (84383.90029153871, 447565.5720723079)]]]
[3.2, 6.359723329544067, 0.13772891398103496, 0.1380821000203996, [[104, 2, (84740.8489725257, 447494.64730339433)], [114, 2, (84321.7806164654, 448354.19495508034)], [144, 2, (84880.85876114457, 447505.5634201066)], [147, 2, (84669.68286794862, 447600.31404232804)], [205, 2, (84316.15073994012, 446994.3392868904)], [206, 2, (84273.25358559746, 447078.5908565712)], [207, 2, (84230.3564312548, 447162.8424262521)], [226, 2, (84560.50398411034, 446806.73360668455)], [234, 2, (84385.48716829394, 447563.02613001404)], [279, 2, (84668.5749869018, 447597.5261040959)], [30, 2, (84275.92700507122, 447079.9520429351)], [31, 2, (84318.82415941388, 446995.7004732543)], [51, 2, (84229.92821995473, 447316.6735784422)], [62, 2, (84734.4069749831, 446364.3296949315)], [70, 2, (84511.71855341281, 448279.6820707427)], [76, 2, (84383.90029153871, 447565.5720723079)]]]
[3.4000000000000004, 5.4990012645721436, 0.14244400659114267, 0.1428170754651207, [[103, 2, (84671.53492633377, 447444.8050783249)], [104, 2, (84740.8489725257, 447494.64730339433)], [114, 2, (84321.7806164654, 448354.19495508034)], [144, 2, (84880.85876114457, 447505.5634201066)], [147, 2, (84669.68286794862, 447600.31404232804)], [205, 2, (84316.15073994012, 446994.3392868904)], [206, 2, (84273.25358559746, 447078.5908565712)], [207, 2, (84230.3564312548, 447162.8424262521)], [226, 2, (84560.50398411034, 446806.73360668455)], [234, 2, (84385.48716829394, 447563.02613001404)], [279, 2, (84668.5749869018, 447597.5261040959)], [30, 2, (84275.92700507122, 447079.9520429351)], [31, 2, (84318.82415941388, 446995.7004732543)], [51, 2, (84229.92821995473, 447316.6735784422)], [62, 2, (84734.4069749831, 446364.3296949315)], [70, 2, (84511.71855341281, 448279.6820707427)], [76, 2, (84383.90029153871, 447565.5720723079)]]]
[3.6000000000000005, 5.310017347335815, 0.14711885834130797, 0.14751179091104463, [[103, 2, (84671.53492633377, 447444.8050783249)], [104, 2, (84740.8489725257, 447494.64730339433)], [114, 2, (84321.7806164654, 448354.19495508034)], [144, 2, (84880.85876114457, 447505.5634201066)], [147, 2, (84669.68286794862, 447600.31404232804)], [205, 2, (84316.15073994012, 446994.3392868904)], [206, 2, (84273.25358559746, 447078.5908565712)], [207, 2, (84230.3564312548, 447162.8424262521)], [226, 2, (84560.50398411034, 446806.73360668455)], [234, 2, (84385.48716829394, 447563.02613001404)], [270, 2, (84376.6436397008, 448183.32462977996)], [279, 2, (84668.5749869018, 447597.5261040959)], [30, 2, (84275.92700507122, 447079.9520429351)], [31, 2, (84318.82415941388, 446995.7004732543)], [51, 2, (84229.92821995473, 447316.6735784422)], [62, 2, (84734.4069749831, 446364.3296949315)], [70, 2, (84511.71855341281, 448279.6820707427)], [76, 2, (84383.90029153871, 447565.5720723079)]]]
[3.8000000000000003, 5.394805908203125, 0.15178951093703769, 0.15220230602434878, [[103, 2, (84671.53492633377, 447444.8050783249)], [104, 2, (84740.8489725257, 447494.64730339433)], [114, 2, (84321.7806164654, 448354.19495508034)], [144, 2, (84880.85876114457, 447505.5634201066)], [147, 2, (84669.68286794862, 447600.31404232804)], [205, 2, (84316.15073994012, 446994.3392868904)], [206, 2, (84273.25358559746, 447078.5908565712)], [207, 2, (84230.3564312548, 447162.8424262521)], [226, 2, (84560.50398411034, 446806.73360668455)], [234, 2, (84385.48716829394, 447563.02613001404)], [239, 2, (85032.16813787172, 447385.608266497)], [270, 2, (84376.6436397008, 448183.32462977996)], [279, 2, (84668.5749869018, 447597.5261040959)], [30, 2, (84275.92700507122, 447079.9520429351)], [31, 2, (84318.82415941388, 446995.7004732543)], [51, 2, (84229.92821995473, 447316.6735784422)], [62, 2, (84734.4069749831, 446364.3296949315)], [70, 2, (84511.71855341281, 448279.6820707427)], [76, 2, (84383.90029153871, 447565.5720723079)]]]
[4.0, 6.047794342041016, 0.15644997566914723, 0.15688266469751913, [[103, 2, (84671.53492633377, 447444.8050783249)], [104, 2, (84740.8489725257, 447494.64730339433)], [114, 2, (84321.7806164654, 448354.19495508034)], [144, 2, (84880.85876114457, 447505.5634201066)], [147, 2, (84669.68286794862, 447600.31404232804)], [205, 2, (84316.15073994012, 446994.3392868904)], [206, 2, (84273.25358559746, 447078.5908565712)], [207, 2, (84230.3564312548, 447162.8424262521)], [226, 2, (84560.50398411034, 446806.73360668455)], [234, 2, (84385.48716829394, 447563.02613001404)], [239, 2, (85032.16813787172, 447385.608266497)], [270, 2, (84376.6436397008, 448183.32462977996)], [279, 2, (84668.5749869018, 447597.5261040959)], [30, 2, (84275.92700507122, 447079.9520429351)], [31, 2, (84318.82415941388, 446995.7004732543)], [49, 2, (84272.60498463939, 447595.0860036524)], [51, 2, (84229.92821995473, 447316.6735784422)], [62, 2, (84734.4069749831, 446364.3296949315)], [70, 2, (84511.71855341281, 448279.6820707427)], [76, 2, (84383.90029153871, 447565.5720723079)]]]
