['budget', 'runtime', 'objective_value', 'flow_caught_optimal', 'flow_caught_fixed_solution', 'flow_impact_area', ['solution']]
[0.2, 19.94899582862854, -0.05625625731031965, 0.024851469669721543, 0.024851469725930813, 0, [[173, 2, (84297.9523559346, 448378.59882813046)]]]
[0.4, 19.901222705841064, -0.03656124003842188, 0.040097197905892334, 0.04009719790589235, 0, [[173, 2, (84297.9523559346, 448378.59882813046)], [366, 2, (84560.50398411034, 446806.73360668455)]]]
[0.6000000000000001, 19.271427154541016, -0.018919757954645965, 0.056165628372207746, 0.05616562837220774, 0, [[173, 2, (84297.9523559346, 448378.59882813046)], [255, 2, (85097.49577227327, 447300.4242594334)], [366, 2, (84560.50398411034, 446806.73360668455)]]]
[0.8, 20.280973196029663, -0.004602152884914253, 0.06994440919785837, 0.06994440919785842, 0, [[106, 2, (84488.119675315, 448263.846577105)], [173, 2, (84297.9523559346, 448378.59882813046)], [255, 2, (85097.49577227327, 447300.4242594334)], [366, 2, (84560.50398411034, 446806.73360668455)]]]
[1.0, 21.348820447921753, 0.0064015118928897, 0.08018436800713896, 0.08018410617516762, 0, [[106, 2, (84488.119675315, 448263.846577105)], [173, 2, (84297.9523559346, 448378.59882813046)], [255, 2, (85097.49577227327, 447300.4242594334)], [366, 2, (84560.50398411034, 446806.73360668455)], [41, 2, (84081.68229432433, 447206.3665374586)]]]
[1.2, 20.68018627166748, 0.01686101453836347, 0.088892559456985, 0.08889255945698568, 0, [[106, 2, (84488.119675315, 448263.846577105)], [173, 2, (84297.9523559346, 448378.59882813046)], [255, 2, (85097.49577227327, 447300.4242594334)], [366, 2, (84560.50398411034, 446806.73360668455)], [41, 2, (84081.68229432433, 447206.3665374586)], [94, 2, (84723.53648095099, 446390.32653869694)]]]
[1.4000000000000001, 29.988754510879517, 0.026304857296403687, 0.09596792333342291, 0.0949257229464868, 0, [[106, 2, (84488.119675315, 448263.846577105)], [173, 2, (84297.9523559346, 448378.59882813046)], [255, 2, (85097.49577227327, 447300.4242594334)], [366, 2, (84560.50398411034, 446806.73360668455)], [41, 2, (84081.68229432433, 447206.3665374586)], [441, 2, (83640.41333651874, 448874.17389416473)], [94, 2, (84723.53648095099, 446390.32653869694)]]]
[1.6, 35.578627586364746, 0.03481422229208086, 0.10233693183746895, 0.101294760558872, 0, [[106, 2, (84488.119675315, 448263.846577105)], [173, 2, (84297.9523559346, 448378.59882813046)], [248, 2, (84823.36338789869, 447057.1044207001)], [255, 2, (85097.49577227327, 447300.4242594334)], [366, 2, (84560.50398411034, 446806.73360668455)], [41, 2, (84081.68229432433, 447206.3665374586)], [441, 2, (83640.41333651874, 448874.17389416473)], [94, 2, (84723.53648095099, 446390.32653869694)]]]
[1.8, 65.33521842956543, 0.04194698680147743, 0.10498571622565094, 0.10386506973736268, 0, [[106, 2, (84488.119675315, 448263.846577105)], [173, 2, (84297.9523559346, 448378.59882813046)], [181, 2, (84206.12511044319, 448417.32145396847)], [248, 2, (84823.36338789869, 447057.1044207001)], [255, 2, (85097.49577227327, 447300.4242594334)], [366, 2, (84560.50398411034, 446806.73360668455)], [41, 2, (84081.68229432433, 447206.3665374586)], [441, 2, (83640.41333651874, 448874.17389416473)], [94, 2, (84723.53648095099, 446390.32653869694)]]]
[2.0, 98.31480741500854, 0.048228723884088255, 0.11005353484395343, 0.10893303609770025, 0, [[106, 2, (84488.119675315, 448263.846577105)], [173, 2, (84297.9523559346, 448378.59882813046)], [181, 2, (84206.12511044319, 448417.32145396847)], [248, 2, (84823.36338789869, 447057.1044207001)], [255, 2, (85097.49577227327, 447300.4242594334)], [357, 2, (84789.23182051706, 446232.81064349157)], [366, 2, (84560.50398411034, 446806.73360668455)], [41, 2, (84081.68229432433, 447206.3665374586)], [441, 2, (83640.41333651874, 448874.17389416473)], [94, 2, (84723.53648095099, 446390.32653869694)]]]
