['budget', 'runtime', 'objective_value', 'flow_caught_optimal', 'flow_caught_fixed_solution', 'flow_impact_area', ['solution']]
[0.2, 0.14861726760864258, 0.01922789286550689, 0.01940422801864504, 0.01940422801864504, 0, [[58, 2, (84525.8778802715, 448289.1833669253)]]]
[0.4, 0.29424214363098145, 0.03255107497526851, 0.032734627452293545, 0.02304122279283114, 0, [[58, 2, (84525.8778802715, 448289.1833669253)], [94, 2, (84321.7806164654, 448354.19495508034)]]]
[0.6000000000000001, 0.4478468894958496, 0.04314750139318861, 0.04334851035958398, 0.03637162210288943, 0, [[51, 2, (84727.88467856383, 446379.92780119076)], [58, 2, (84525.8778802715, 448289.1833669253)], [94, 2, (84321.7806164654, 448354.19495508034)]]]
[0.8, 0.5966184139251709, 0.05335284448152161, 0.053572867647490766, 0.04621106580517634, 0, [[51, 2, (84727.88467856383, 446379.92780119076)], [58, 2, (84525.8778802715, 448289.1833669253)], [94, 2, (84321.7806164654, 448354.19495508034)], [135, 2, (85103.85770371312, 447346.7084731901)]]]
[1.0, 0.8968534469604492, 0.062174730693285905, 0.06241315456384046, 0.0550513609309833, 0, [[21, 2, (84033.22169951578, 447172.49598048395)], [51, 2, (84727.88467856383, 446379.92780119076)], [58, 2, (84525.8778802715, 448289.1833669253)], [94, 2, (84321.7806164654, 448354.19495508034)], [135, 2, (85103.85770371312, 447346.7084731901)]]]
[1.2, 1.2227387428283691, 0.06978923252173067, 0.07004702290033948, 0.0655166481966972, 0, [[21, 2, (84033.22169951578, 447172.49598048395)], [25, 2, (84297.37558224256, 447037.8262580947)], [51, 2, (84727.88467856383, 446379.92780119076)], [58, 2, (84525.8778802715, 448289.1833669253)], [94, 2, (84321.7806164654, 448354.19495508034)], [135, 2, (85103.85770371312, 447346.7084731901)]]]
[1.4000000000000001, 1.54013991355896, 0.07733047979621897, 0.07760758119077342, 0.0731468027574192, 0, [[21, 2, (84033.22169951578, 447172.49598048395)], [25, 2, (84297.37558224256, 447037.8262580947)], [51, 2, (84727.88467856383, 446379.92780119076)], [58, 2, (84525.8778802715, 448289.1833669253)], [94, 2, (84321.7806164654, 448354.19495508034)], [135, 2, (85103.85770371312, 447346.7084731901)], [215, 2, (84354.64246980957, 448167.859075892)]]]
[1.6, 1.8339414596557617, 0.08404546774749491, 0.08434201028952468, 0.0807073607539371, 0, [[21, 2, (84033.22169951578, 447172.49598048395)], [25, 2, (84297.37558224256, 447037.8262580947)], [51, 2, (84727.88467856383, 446379.92780119076)], [58, 2, (84525.8778802715, 448289.1833669253)], [94, 2, (84321.7806164654, 448354.19495508034)], [135, 2, (85103.85770371312, 447346.7084731901)], [168, 2, (84294.7021627688, 447036.4650717308)], [215, 2, (84354.64246980957, 448167.859075892)]]]
[1.8, 2.148690700531006, 0.09017042891987374, 0.0904800670856371, 0.085925663909732, 0, [[21, 2, (84033.22169951578, 447172.49598048395)], [25, 2, (84297.37558224256, 447037.8262580947)], [51, 2, (84727.88467856383, 446379.92780119076)], [58, 2, (84525.8778802715, 448289.1833669253)], [94, 2, (84321.7806164654, 448354.19495508034)], [135, 2, (85103.85770371312, 447346.7084731901)], [168, 2, (84294.7021627688, 447036.4650717308)], [209, 2, (83884.42612877121, 448433.36499306577)], [215, 2, (84354.64246980957, 448167.859075892)]]]
[2.0, 2.440847158432007, 0.09624357137216631, 0.09657003039421173, 0.09054421351315649, 0, [[21, 2, (84033.22169951578, 447172.49598048395)], [25, 2, (84297.37558224256, 447037.8262580947)], [51, 2, (84727.88467856383, 446379.92780119076)], [58, 2, (84525.8778802715, 448289.1833669253)], [94, 2, (84321.7806164654, 448354.19495508034)], [135, 2, (85103.85770371312, 447346.7084731901)], [168, 2, (84294.7021627688, 447036.4650717308)], [181, 2, (84646.84934729052, 446565.9477406789)], [209, 2, (83884.42612877121, 448433.36499306577)], [215, 2, (84354.64246980957, 448167.859075892)]]]
[2.2, 2.771873712539673, 0.10203317954360636, 0.10237909590102764, 0.09606018989111029, 0, [[21, 2, (84033.22169951578, 447172.49598048395)], [25, 2, (84297.37558224256, 447037.8262580947)], [51, 2, (84727.88467856383, 446379.92780119076)], [58, 2, (84525.8778802715, 448289.1833669253)], [94, 2, (84321.7806164654, 448354.19495508034)], [135, 2, (85103.85770371312, 447346.7084731901)], [168, 2, (84294.7021627688, 447036.4650717308)], [181, 2, (84646.84934729052, 446565.9477406789)], [196, 2, (84301.85534330901, 447877.3383882173)], [209, 2, (83884.42612877121, 448433.36499306577)], [215, 2, (84354.64246980957, 448167.859075892)]]]
[2.4000000000000004, 3.068842649459839, 0.10779436119855045, 0.10815792117740947, 0.10159275647879984, 0, [[21, 2, (84033.22169951578, 447172.49598048395)], [25, 2, (84297.37558224256, 447037.8262580947)], [51, 2, (84727.88467856383, 446379.92780119076)], [58, 2, (84525.8778802715, 448289.1833669253)], [94, 2, (84321.7806164654, 448354.19495508034)], [131, 2, (84823.3633878987, 447057.1044207001)], [135, 2, (85103.85770371312, 447346.7084731901)], [168, 2, (84294.7021627688, 447036.4650717308)], [181, 2, (84646.84934729052, 446565.9477406789)], [196, 2, (84301.85534330901, 447877.3383882173)], [209, 2, (83884.42612877121, 448433.36499306577)], [215, 2, (84354.64246980957, 448167.859075892)]]]
[2.6000000000000005, 3.259091854095459, 0.11349607865524053, 0.11387917863284915, 0.10774770508172368, 0, [[21, 2, (84033.22169951578, 447172.49598048395)], [25, 2, (84297.37558224256, 447037.8262580947)], [51, 2, (84727.88467856383, 446379.92780119076)], [58, 2, (84525.8778802715, 448289.1833669253)], [94, 2, (84321.7806164654, 448354.19495508034)], [119, 2, (84880.85876114457, 447505.5634201066)], [131, 2, (84823.3633878987, 447057.1044207001)], [135, 2, (85103.85770371312, 447346.7084731901)], [168, 2, (84294.7021627688, 447036.4650717308)], [181, 2, (84646.84934729052, 446565.9477406789)], [196, 2, (84301.85534330901, 447877.3383882173)], [209, 2, (83884.42612877121, 448433.36499306577)], [215, 2, (84354.64246980957, 448167.859075892)]]]
[2.8000000000000003, 3.567697525024414, 0.11903832349179326, 0.11944101314937923, 0.11037325280156518, 0, [[21, 2, (84033.22169951578, 447172.49598048395)], [25, 2, (84297.37558224256, 447037.8262580947)], [51, 2, (84727.88467856383, 446379.92780119076)], [58, 2, (84525.8778802715, 448289.1833669253)], [94, 2, (84321.7806164654, 448354.19495508034)], [119, 2, (84880.85876114457, 447505.5634201066)], [131, 2, (84823.3633878987, 447057.1044207001)], [135, 2, (85103.85770371312, 447346.7084731901)], [168, 2, (84294.7021627688, 447036.4650717308)], [181, 2, (84646.84934729052, 446565.9477406789)], [193, 2, (85032.16813787172, 447385.608266497)], [196, 2, (84301.85534330901, 447877.3383882173)], [209, 2, (83884.42612877121, 448433.36499306577)], [215, 2, (84354.64246980957, 448167.859075892)]]]
[3.0000000000000004, 3.9154248237609863, 0.12455477568523304, 0.12497681091266394, 0.11618237444622398, 0, [[21, 2, (84033.22169951578, 447172.49598048395)], [25, 2, (84297.37558224256, 447037.8262580947)], [51, 2, (84727.88467856383, 446379.92780119076)], [58, 2, (84525.8778802715, 448289.1833669253)], [92, 2, (83980.35094895505, 448017.53443806164)], [94, 2, (84321.7806164654, 448354.19495508034)], [119, 2, (84880.85876114457, 447505.5634201066)], [131, 2, (84823.3633878987, 447057.1044207001)], [135, 2, (85103.85770371312, 447346.7084731901)], [168, 2, (84294.7021627688, 447036.4650717308)], [181, 2, (84646.84934729052, 446565.9477406789)], [193, 2, (85032.16813787172, 447385.608266497)], [196, 2, (84301.85534330901, 447877.3383882173)], [209, 2, (83884.42612877121, 448433.36499306577)], [215, 2, (84354.64246980957, 448167.859075892)]]]
[3.2, 4.220274209976196, 0.12985853953765228, 0.13029915488344682, 0.12160212589184502, 0, [[21, 2, (84033.22169951578, 447172.49598048395)], [25, 2, (84297.37558224256, 447037.8262580947)], [51, 2, (84727.88467856383, 446379.92780119076)], [53, 2, (84935.46094662073, 446105.53507511714)], [58, 2, (84525.8778802715, 448289.1833669253)], [92, 2, (83980.35094895505, 448017.53443806164)], [94, 2, (84321.7806164654, 448354.19495508034)], [119, 2, (84880.85876114457, 447505.5634201066)], [131, 2, (84823.3633878987, 447057.1044207001)], [135, 2, (85103.85770371312, 447346.7084731901)], [168, 2, (84294.7021627688, 447036.4650717308)], [181, 2, (84646.84934729052, 446565.9477406789)], [193, 2, (85032.16813787172, 447385.608266497)], [196, 2, (84301.85534330901, 447877.3383882173)], [209, 2, (83884.42612877121, 448433.36499306577)], [215, 2, (84354.64246980957, 448167.859075892)]]]
[3.4000000000000004, 4.4951817989349365, 0.13504819858699557, 0.13550611183665465, 0.12397200400669903, 0, [[21, 2, (84033.22169951578, 447172.49598048395)], [25, 2, (84297.37558224256, 447037.8262580947)], [51, 2, (84727.88467856383, 446379.92780119076)], [53, 2, (84935.46094662073, 446105.53507511714)], [58, 2, (84525.8778802715, 448289.1833669253)], [92, 2, (83980.35094895505, 448017.53443806164)], [94, 2, (84321.7806164654, 448354.19495508034)], [119, 2, (84880.85876114457, 447505.5634201066)], [131, 2, (84823.3633878987, 447057.1044207001)], [135, 2, (85103.85770371312, 447346.7084731901)], [168, 2, (84294.7021627688, 447036.4650717308)], [181, 2, (84646.84934729052, 446565.9477406789)], [193, 2, (85032.16813787172, 447385.608266497)], [196, 2, (84301.85534330901, 447877.3383882173)], [209, 2, (83884.42612877121, 448433.36499306577)], [213, 2, (83650.41718289697, 448834.68904687284)], [215, 2, (84354.64246980957, 448167.859075892)]]]
[3.6000000000000005, 4.775063753128052, 0.14004716228590752, 0.14052468182622102, 0.12823651815024462, 0, [[21, 2, (84033.22169951578, 447172.49598048395)], [25, 2, (84297.37558224256, 447037.8262580947)], [51, 2, (84727.88467856383, 446379.92780119076)], [53, 2, (84935.46094662073, 446105.53507511714)], [58, 2, (84525.8778802715, 448289.1833669253)], [73, 2, (85030.63520852219, 447388.1870506309)], [92, 2, (83980.35094895505, 448017.53443806164)], [94, 2, (84321.7806164654, 448354.19495508034)], [119, 2, (84880.85876114457, 447505.5634201066)], [131, 2, (84823.3633878987, 447057.1044207001)], [135, 2, (85103.85770371312, 447346.7084731901)], [168, 2, (84294.7021627688, 447036.4650717308)], [181, 2, (84646.84934729052, 446565.9477406789)], [193, 2, (85032.16813787172, 447385.608266497)], [196, 2, (84301.85534330901, 447877.3383882173)], [209, 2, (83884.42612877121, 448433.36499306577)], [213, 2, (83650.41718289697, 448834.68904687284)], [215, 2, (84354.64246980957, 448167.859075892)]]]
[3.8000000000000003, 5.050268173217773, 0.14490121130576702, 0.14539837568645794, 0.13378807936304235, 0, [[21, 2, (84033.22169951578, 447172.49598048395)], [25, 2, (84297.37558224256, 447037.8262580947)], [42, 2, (84229.92821995473, 447316.6735784422)], [51, 2, (84727.88467856383, 446379.92780119076)], [53, 2, (84935.46094662073, 446105.53507511714)], [58, 2, (84525.8778802715, 448289.1833669253)], [73, 2, (85030.63520852219, 447388.1870506309)], [92, 2, (83980.35094895505, 448017.53443806164)], [94, 2, (84321.7806164654, 448354.19495508034)], [119, 2, (84880.85876114457, 447505.5634201066)], [131, 2, (84823.3633878987, 447057.1044207001)], [135, 2, (85103.85770371312, 447346.7084731901)], [168, 2, (84294.7021627688, 447036.4650717308)], [181, 2, (84646.84934729052, 446565.9477406789)], [193, 2, (85032.16813787172, 447385.608266497)], [196, 2, (84301.85534330901, 447877.3383882173)], [209, 2, (83884.42612877121, 448433.36499306577)], [213, 2, (83650.41718289697, 448834.68904687284)], [215, 2, (84354.64246980957, 448167.859075892)]]]
[4.0, 5.3096888065338135, 0.1495643137564958, 0.15008114345035528, 0.1389812599425217, 0, [[21, 2, (84033.22169951578, 447172.49598048395)], [25, 2, (84297.37558224256, 447037.8262580947)], [42, 2, (84229.92821995473, 447316.6735784422)], [51, 2, (84727.88467856383, 446379.92780119076)], [53, 2, (84935.46094662073, 446105.53507511714)], [58, 2, (84525.8778802715, 448289.1833669253)], [73, 2, (85030.63520852219, 447388.1870506309)], [92, 2, (83980.35094895505, 448017.53443806164)], [94, 2, (84321.7806164654, 448354.19495508034)], [119, 2, (84880.85876114457, 447505.5634201066)], [131, 2, (84823.3633878987, 447057.1044207001)], [135, 2, (85103.85770371312, 447346.7084731901)], [168, 2, (84294.7021627688, 447036.4650717308)], [172, 2, (84387.50925558225, 447336.59303757077)], [181, 2, (84646.84934729052, 446565.9477406789)], [193, 2, (85032.16813787172, 447385.608266497)], [196, 2, (84301.85534330901, 447877.3383882173)], [209, 2, (83884.42612877121, 448433.36499306577)], [213, 2, (83650.41718289697, 448834.68904687284)], [215, 2, (84354.64246980957, 448167.859075892)]]]
