['budget', 'runtime', 'objective_value', 'flow_caught_optimal', 'flow_caught_fixed_solution', 'flow_impact_area', ['solution']]
[0.2, 2.167001247406006, 0.022607852748984608, 0.0227495730001623, 0.01896697706261406, 0, [[141, 2, (84306.88795363365, 448369.44737573666)]]]
[0.4, 4.6449995040893555, 0.03689744813009208, 0.0370569498934558, 0.03232078379247806, 0, [[141, 2, (84306.88795363365, 448369.44737573666)], [207, 2, (85099.61641608654, 447315.85233068565)]]]
[0.6000000000000001, 8.487036943435669, 0.049436672517584636, 0.0496121984188749, 0.04846607712894847, 0, [[141, 2, (84306.88795363365, 448369.44737573666)], [207, 2, (85099.61641608654, 447315.85233068565)], [294, 2, (84560.50398411034, 446806.73360668455)]]]
[0.8, 10.581004619598389, 0.06178018363803186, 0.061974895407633, 0.05654860999575767, 0, [[88, 2, (84501.60474851374, 448272.89543061226)], [141, 2, (84306.88795363365, 448369.44737573666)], [207, 2, (85099.61641608654, 447315.85233068565)], [294, 2, (84560.50398411034, 446806.73360668455)]]]
[1.0, 14.915570974349976, 0.07167353000073341, 0.07188689900036997, 0.06646061373169175, 0, [[34, 2, (84071.99017536262, 447199.59242606367)], [88, 2, (84501.60474851374, 448272.89543061226)], [141, 2, (84306.88795363365, 448369.44737573666)], [207, 2, (85099.61641608654, 447315.85233068565)], [294, 2, (84560.50398411034, 446806.73360668455)]]]
[1.2, 18.91835618019104, 0.07875802982218935, 0.07898791654022681, 0.07233436880502386, 0, [[34, 2, (84071.99017536262, 447199.59242606367)], [88, 2, (84501.60474851374, 448272.89543061226)], [141, 2, (84306.88795363365, 448369.44737573666)], [207, 2, (85099.61641608654, 447315.85233068565)], [294, 2, (84560.50398411034, 446806.73360668455)], [349, 2, (83642.6364134917, 448865.3994836554)]]]
[1.4000000000000001, 24.06899333000183, 0.08576419028814629, 0.08601235716891366, 0.0777807176611984, 0, [[34, 2, (84071.99017536262, 447199.59242606367)], [77, 2, (84711.1130592, 446420.03721728607)], [88, 2, (84501.60474851374, 448272.89543061226)], [141, 2, (84306.88795363365, 448369.44737573666)], [207, 2, (85099.61641608654, 447315.85233068565)], [294, 2, (84560.50398411034, 446806.73360668455)], [349, 2, (83642.6364134917, 448865.3994836554)]]]
[1.6, 29.284995317459106, 0.09138024862674239, 0.09164814133629325, 0.082926855607409, 0, [[34, 2, (84071.99017536262, 447199.59242606367)], [77, 2, (84711.1130592, 446420.03721728607)], [88, 2, (84501.60474851374, 448272.89543061226)], [141, 2, (84306.88795363365, 448369.44737573666)], [207, 2, (85099.61641608654, 447315.85233068565)], [268, 2, (84248.74092597308, 447126.7346106746)], [294, 2, (84560.50398411034, 446806.73360668455)], [349, 2, (83642.6364134917, 448865.3994836554)]]]
[1.8, 33.4569947719574, 0.09695323159882022, 0.09723959764773613, 0.08689370719281825, 0, [[34, 2, (84071.99017536262, 447199.59242606367)], [77, 2, (84711.1130592, 446420.03721728607)], [88, 2, (84501.60474851374, 448272.89543061226)], [141, 2, (84306.88795363365, 448369.44737573666)], [207, 2, (85099.61641608654, 447315.85233068565)], [268, 2, (84248.74092597308, 447126.7346106746)], [287, 2, (84789.23182051706, 446232.81064349157)], [294, 2, (84560.50398411034, 446806.73360668455)], [349, 2, (83642.6364134917, 448865.3994836554)]]]
[2.0, 33.9939968585968, 0.10227577559674383, 0.10258187816623203, 0.09442388593659458, 0, [[34, 2, (84071.99017536262, 447199.59242606367)], [41, 2, (84343.33681903826, 446947.5567191509)], [77, 2, (84711.1130592, 446420.03721728607)], [88, 2, (84501.60474851374, 448272.89543061226)], [141, 2, (84306.88795363365, 448369.44737573666)], [207, 2, (85099.61641608654, 447315.85233068565)], [268, 2, (84248.74092597308, 447126.7346106746)], [287, 2, (84789.23182051706, 446232.81064349157)], [294, 2, (84560.50398411034, 446806.73360668455)], [349, 2, (83642.6364134917, 448865.3994836554)]]]
[2.2, 43.280876874923706, 0.10739131316709863, 0.10771716077393391, 0.0999773914707986, 0, [[34, 2, (84071.99017536262, 447199.59242606367)], [41, 2, (84343.33681903826, 446947.5567191509)], [77, 2, (84711.1130592, 446420.03721728607)], [88, 2, (84501.60474851374, 448272.89543061226)], [141, 2, (84306.88795363365, 448369.44737573666)], [207, 2, (85099.61641608654, 447315.85233068565)], [268, 2, (84248.74092597308, 447126.7346106746)], [287, 2, (84789.23182051706, 446232.81064349157)], [294, 2, (84560.50398411034, 446806.73360668455)], [349, 2, (83642.6364134917, 448865.3994836554)], [355, 2, (84389.84434163553, 448192.60396211274)]]]
[2.4000000000000004, 49.82010316848755, 0.11228169792440977, 0.11262517005401942, 0.10487238098453736, 0, [[34, 2, (84071.99017536262, 447199.59242606367)], [41, 2, (84343.33681903826, 446947.5567191509)], [77, 2, (84711.1130592, 446420.03721728607)], [88, 2, (84501.60474851374, 448272.89543061226)], [141, 2, (84306.88795363365, 448369.44737573666)], [201, 2, (84793.61111535043, 447035.2115734804)], [207, 2, (85099.61641608654, 447315.85233068565)], [268, 2, (84248.74092597308, 447126.7346106746)], [287, 2, (84789.23182051706, 446232.81064349157)], [294, 2, (84560.50398411034, 446806.73360668455)], [349, 2, (83642.6364134917, 448865.3994836554)], [355, 2, (84389.84434163553, 448192.60396211274)]]]
[2.6000000000000005, 50.63899302482605, 0.11673299784412199, 0.11709274930134958, 0.10749804577335526, 0, [[34, 2, (84071.99017536262, 447199.59242606367)], [41, 2, (84343.33681903826, 446947.5567191509)], [77, 2, (84711.1130592, 446420.03721728607)], [88, 2, (84501.60474851374, 448272.89543061226)], [141, 2, (84306.88795363365, 448369.44737573666)], [201, 2, (84793.61111535043, 447035.2115734804)], [207, 2, (85099.61641608654, 447315.85233068565)], [268, 2, (84248.74092597308, 447126.7346106746)], [287, 2, (84789.23182051706, 446232.81064349157)], [294, 2, (84560.50398411034, 446806.73360668455)], [344, 2, (83752.93210630848, 448501.4754733475)], [349, 2, (83642.6364134917, 448865.3994836554)], [355, 2, (84389.84434163553, 448192.60396211274)]]]
[2.8000000000000003, 52.53207445144653, 0.12080966835558105, 0.12118854509183367, 0.11124580751947027, 0, [[34, 2, (84071.99017536262, 447199.59242606367)], [41, 2, (84343.33681903826, 446947.5567191509)], [77, 2, (84711.1130592, 446420.03721728607)], [81, 2, (84935.46094662073, 446105.53507511714)], [88, 2, (84501.60474851374, 448272.89543061226)], [141, 2, (84306.88795363365, 448369.44737573666)], [201, 2, (84793.61111535043, 447035.2115734804)], [207, 2, (85099.61641608654, 447315.85233068565)], [268, 2, (84248.74092597308, 447126.7346106746)], [287, 2, (84789.23182051706, 446232.81064349157)], [294, 2, (84560.50398411034, 446806.73360668455)], [344, 2, (83752.93210630848, 448501.4754733475)], [349, 2, (83642.6364134917, 448865.3994836554)], [355, 2, (84389.84434163553, 448192.60396211274)]]]
[3.0000000000000004, 61.70599341392517, 0.1248841006603293, 0.12528276179678363, 0.11365267247323271, 0, [[34, 2, (84071.99017536262, 447199.59242606367)], [41, 2, (84343.33681903826, 446947.5567191509)], [77, 2, (84711.1130592, 446420.03721728607)], [81, 2, (84935.46094662073, 446105.53507511714)], [88, 2, (84501.60474851374, 448272.89543061226)], [141, 2, (84306.88795363365, 448369.44737573666)], [201, 2, (84793.61111535043, 447035.2115734804)], [207, 2, (85099.61641608654, 447315.85233068565)], [268, 2, (84248.74092597308, 447126.7346106746)], [287, 2, (84789.23182051706, 446232.81064349157)], [294, 2, (84560.50398411034, 446806.73360668455)], [312, 2, (85053.65472738938, 447398.3807290151)], [344, 2, (83752.93210630848, 448501.4754733475)], [349, 2, (83642.6364134917, 448865.3994836554)], [355, 2, (84389.84434163553, 448192.60396211274)]]]
[3.2, 65.64300560951233, 0.12895571496689434, 0.1293741737121643, 0.11874884673187977, 0, [[34, 2, (84071.99017536262, 447199.59242606367)], [41, 2, (84343.33681903826, 446947.5567191509)], [77, 2, (84711.1130592, 446420.03721728607)], [81, 2, (84935.46094662073, 446105.53507511714)], [88, 2, (84501.60474851374, 448272.89543061226)], [116, 2, (84389.13348799858, 447767.5313835461)], [141, 2, (84306.88795363365, 448369.44737573666)], [201, 2, (84793.61111535043, 447035.2115734804)], [207, 2, (85099.61641608654, 447315.85233068565)], [268, 2, (84248.74092597308, 447126.7346106746)], [287, 2, (84789.23182051706, 446232.81064349157)], [294, 2, (84560.50398411034, 446806.73360668455)], [312, 2, (85053.65472738938, 447398.3807290151)], [344, 2, (83752.93210630848, 448501.4754733475)], [349, 2, (83642.6364134917, 448865.3994836554)], [355, 2, (84389.84434163553, 448192.60396211274)]]]
[3.4000000000000004, 67.98803210258484, 0.13293743117727888, 0.13337569276977213, 0.12401619991780806, 0, [[34, 2, (84071.99017536262, 447199.59242606367)], [41, 2, (84343.33681903826, 446947.5567191509)], [77, 2, (84711.1130592, 446420.03721728607)], [81, 2, (84935.46094662073, 446105.53507511714)], [88, 2, (84501.60474851374, 448272.89543061226)], [116, 2, (84389.13348799858, 447767.5313835461)], [141, 2, (84306.88795363365, 448369.44737573666)], [201, 2, (84793.61111535043, 447035.2115734804)], [207, 2, (85099.61641608654, 447315.85233068565)], [265, 2, (84340.6633995645, 446946.195532787)], [268, 2, (84248.74092597308, 447126.7346106746)], [287, 2, (84789.23182051706, 446232.81064349157)], [294, 2, (84560.50398411034, 446806.73360668455)], [312, 2, (85053.65472738938, 447398.3807290151)], [344, 2, (83752.93210630848, 448501.4754733475)], [349, 2, (83642.6364134917, 448865.3994836554)], [355, 2, (84389.84434163553, 448192.60396211274)]]]
[3.6000000000000005, 76.86450433731079, 0.1368813224255982, 0.13733939131952191, 0.12648182737596725, 0, [[34, 2, (84071.99017536262, 447199.59242606367)], [41, 2, (84343.33681903826, 446947.5567191509)], [77, 2, (84711.1130592, 446420.03721728607)], [81, 2, (84935.46094662073, 446105.53507511714)], [88, 2, (84501.60474851374, 448272.89543061226)], [116, 2, (84389.13348799858, 447767.5313835461)], [141, 2, (84306.88795363365, 448369.44737573666)], [182, 2, (84904.42400862022, 447492.5880506542)], [201, 2, (84793.61111535043, 447035.2115734804)], [207, 2, (85099.61641608654, 447315.85233068565)], [265, 2, (84340.6633995645, 446946.195532787)], [268, 2, (84248.74092597308, 447126.7346106746)], [287, 2, (84789.23182051706, 446232.81064349157)], [294, 2, (84560.50398411034, 446806.73360668455)], [312, 2, (85053.65472738938, 447398.3807290151)], [344, 2, (83752.93210630848, 448501.4754733475)], [349, 2, (83642.6364134917, 448865.3994836554)], [355, 2, (84389.84434163553, 448192.60396211274)]]]
[3.8000000000000003, 75.83909487724304, 0.1407807710367962, 0.14125865008973734, 0.13001405619698983, 0, [[34, 2, (84071.99017536262, 447199.59242606367)], [41, 2, (84343.33681903826, 446947.5567191509)], [77, 2, (84711.1130592, 446420.03721728607)], [81, 2, (84935.46094662073, 446105.53507511714)], [88, 2, (84501.60474851374, 448272.89543061226)], [116, 2, (84389.13348799858, 447767.5313835461)], [129, 2, (84699.26054481053, 447464.7419683527)], [141, 2, (84306.88795363365, 448369.44737573666)], [182, 2, (84904.42400862022, 447492.5880506542)], [201, 2, (84793.61111535043, 447035.2115734804)], [207, 2, (85099.61641608654, 447315.85233068565)], [265, 2, (84340.6633995645, 446946.195532787)], [268, 2, (84248.74092597308, 447126.7346106746)], [287, 2, (84789.23182051706, 446232.81064349157)], [294, 2, (84560.50398411034, 446806.73360668455)], [312, 2, (85053.65472738938, 447398.3807290151)], [344, 2, (83752.93210630848, 448501.4754733475)], [349, 2, (83642.6364134917, 448865.3994836554)], [355, 2, (84389.84434163553, 448192.60396211274)]]]
[4.0, 87.01578640937805, 0.1445379426284799, 0.1450356376066688, 0.1346802773651244, 0, [[34, 2, (84071.99017536262, 447199.59242606367)], [40, 2, (84312.6959945078, 447007.7364117801)], [41, 2, (84343.33681903826, 446947.5567191509)], [77, 2, (84711.1130592, 446420.03721728607)], [81, 2, (84935.46094662073, 446105.53507511714)], [88, 2, (84501.60474851374, 448272.89543061226)], [116, 2, (84389.13348799858, 447767.5313835461)], [129, 2, (84699.26054481053, 447464.7419683527)], [141, 2, (84306.88795363365, 448369.44737573666)], [182, 2, (84904.42400862022, 447492.5880506542)], [201, 2, (84793.61111535043, 447035.2115734804)], [207, 2, (85099.61641608654, 447315.85233068565)], [265, 2, (84340.6633995645, 446946.195532787)], [268, 2, (84248.74092597308, 447126.7346106746)], [287, 2, (84789.23182051706, 446232.81064349157)], [294, 2, (84560.50398411034, 446806.73360668455)], [312, 2, (85053.65472738938, 447398.3807290151)], [344, 2, (83752.93210630848, 448501.4754733475)], [349, 2, (83642.6364134917, 448865.3994836554)], [355, 2, (84389.84434163553, 448192.60396211274)]]]
