['budget', 'runtime', 'objective_value', 'flow_caught_optimal', 'flow_caught_fixed_solution', 'flow_impact_area', ['solution']]
[0.2, 0.3780252933502197, 0.018952442048328896, 0.019106824586384418, 0.019106824586384418, 0, [[70, 2, (84511.71855341281, 448279.6820707427)]]]
[0.4, 0.8108022212982178, 0.033956114889758984, 0.034125271420417276, 0.034125271420417276, 0, [[70, 2, (84511.71855341281, 448279.6820707427)], [226, 2, (84560.50398411034, 446806.73360668455)]]]
[0.6000000000000001, 1.1598963737487793, 0.0452259854472465, 0.04540624143836883, 0.04540624143836883, 0, [[70, 2, (84511.71855341281, 448279.6820707427)], [114, 2, (84321.7806164654, 448354.19495508034)], [226, 2, (84560.50398411034, 446806.73360668455)]]]
[0.8, 1.4999868869781494, 0.05592273863983392, 0.05612123736256148, 0.05538688303703525, 0, [[26, 2, (84057.45199692005, 447189.4312589713)], [70, 2, (84511.71855341281, 448279.6820707427)], [114, 2, (84321.7806164654, 448354.19495508034)], [226, 2, (84560.50398411034, 446806.73360668455)]]]
[1.0, 2.244994640350342, 0.06588426242746317, 0.06610186944789888, 0.06610186944789888, 0, [[26, 2, (84057.45199692005, 447189.4312589713)], [70, 2, (84511.71855341281, 448279.6820707427)], [114, 2, (84321.7806164654, 448354.19495508034)], [163, 2, (85103.85770371312, 447346.7084731901)], [226, 2, (84560.50398411034, 446806.73360668455)]]]
[1.2, 2.9760093688964844, 0.07445063140731319, 0.07468602645667294, 0.07468602645667294, 0, [[26, 2, (84057.45199692005, 447189.4312589713)], [62, 2, (84734.4069749831, 446364.3296949315)], [70, 2, (84511.71855341281, 448279.6820707427)], [114, 2, (84321.7806164654, 448354.19495508034)], [163, 2, (85103.85770371312, 447346.7084731901)], [226, 2, (84560.50398411034, 446806.73360668455)]]]
[1.4000000000000001, 3.7140634059906006, 0.08171470698267568, 0.08196963263060775, 0.08131435013632679, 0, [[26, 2, (84057.45199692005, 447189.4312589713)], [62, 2, (84734.4069749831, 446364.3296949315)], [70, 2, (84511.71855341281, 448279.6820707427)], [114, 2, (84321.7806164654, 448354.19495508034)], [163, 2, (85103.85770371312, 447346.7084731901)], [206, 2, (84273.25358559746, 447078.5908565712)], [226, 2, (84560.50398411034, 446806.73360668455)]]]
[1.6, 4.435135364532471, 0.0880448949781406, 0.08831941152590106, 0.08766412903140873, 0, [[26, 2, (84057.45199692005, 447189.4312589713)], [62, 2, (84734.4069749831, 446364.3296949315)], [70, 2, (84511.71855341281, 448279.6820707427)], [114, 2, (84321.7806164654, 448354.19495508034)], [163, 2, (85103.85770371312, 447346.7084731901)], [206, 2, (84273.25358559746, 447078.5908565712)], [226, 2, (84560.50398411034, 446806.73360668455)], [270, 2, (84376.6436397008, 448183.32462977996)]]]
[1.8, 5.158172845840454, 0.09407844320952075, 0.09437256965367055, 0.09321763843588668, 0, [[26, 2, (84057.45199692005, 447189.4312589713)], [30, 2, (84275.92700507122, 447079.9520429351)], [62, 2, (84734.4069749831, 446364.3296949315)], [70, 2, (84511.71855341281, 448279.6820707427)], [114, 2, (84321.7806164654, 448354.19495508034)], [163, 2, (85103.85770371312, 447346.7084731901)], [206, 2, (84273.25358559746, 447078.5908565712)], [226, 2, (84560.50398411034, 446806.73360668455)], [270, 2, (84376.6436397008, 448183.32462977996)]]]
[2.0, 5.930106163024902, 0.09958835476346671, 0.09990213221447528, 0.09850911799510192, 0, [[26, 2, (84057.45199692005, 447189.4312589713)], [30, 2, (84275.92700507122, 447079.9520429351)], [62, 2, (84734.4069749831, 446364.3296949315)], [70, 2, (84511.71855341281, 448279.6820707427)], [104, 2, (84740.8489725257, 447494.64730339433)], [114, 2, (84321.7806164654, 448354.19495508034)], [163, 2, (85103.85770371312, 447346.7084731901)], [206, 2, (84273.25358559746, 447078.5908565712)], [226, 2, (84560.50398411034, 446806.73360668455)], [270, 2, (84376.6436397008, 448183.32462977996)]]]
[2.2, 6.7011072635650635, 0.10494056347873622, 0.10527161203358223, 0.10387859780539344, 0, [[26, 2, (84057.45199692005, 447189.4312589713)], [30, 2, (84275.92700507122, 447079.9520429351)], [62, 2, (84734.4069749831, 446364.3296949315)], [70, 2, (84511.71855341281, 448279.6820707427)], [104, 2, (84740.8489725257, 447494.64730339433)], [114, 2, (84321.7806164654, 448354.19495508034)], [163, 2, (85103.85770371312, 447346.7084731901)], [206, 2, (84273.25358559746, 447078.5908565712)], [226, 2, (84560.50398411034, 446806.73360668455)], [262, 2, (83752.93210630848, 448501.4754733475)], [270, 2, (84376.6436397008, 448183.32462977996)]]]
[2.4000000000000004, 7.284513235092163, 0.11021442840364104, 0.11056367401443415, 0.10806996923008412, 0, [[26, 2, (84057.45199692005, 447189.4312589713)], [30, 2, (84275.92700507122, 447079.9520429351)], [62, 2, (84734.4069749831, 446364.3296949315)], [70, 2, (84511.71855341281, 448279.6820707427)], [104, 2, (84740.8489725257, 447494.64730339433)], [114, 2, (84321.7806164654, 448354.19495508034)], [161, 2, (85014.62799713778, 447197.8441528263)], [163, 2, (85103.85770371312, 447346.7084731901)], [206, 2, (84273.25358559746, 447078.5908565712)], [226, 2, (84560.50398411034, 446806.73360668455)], [262, 2, (83752.93210630848, 448501.4754733475)], [270, 2, (84376.6436397008, 448183.32462977996)]]]
[2.6000000000000005, 8.057446718215942, 0.11544257021743216, 0.11581133048326665, 0.11235725159404142, 0, [[26, 2, (84057.45199692005, 447189.4312589713)], [30, 2, (84275.92700507122, 447079.9520429351)], [62, 2, (84734.4069749831, 446364.3296949315)], [70, 2, (84511.71855341281, 448279.6820707427)], [104, 2, (84740.8489725257, 447494.64730339433)], [112, 2, (83980.35094895505, 448017.53443806164)], [114, 2, (84321.7806164654, 448354.19495508034)], [161, 2, (85014.62799713778, 447197.8441528263)], [163, 2, (85103.85770371312, 447346.7084731901)], [206, 2, (84273.25358559746, 447078.5908565712)], [226, 2, (84560.50398411034, 446806.73360668455)], [262, 2, (83752.93210630848, 448501.4754733475)], [270, 2, (84376.6436397008, 448183.32462977996)]]]
[2.8000000000000003, 8.834367275238037, 0.12038372949363697, 0.12077217150355213, 0.11788499024998902, 0, [[26, 2, (84057.45199692005, 447189.4312589713)], [30, 2, (84275.92700507122, 447079.9520429351)], [62, 2, (84734.4069749831, 446364.3296949315)], [70, 2, (84511.71855341281, 448279.6820707427)], [104, 2, (84740.8489725257, 447494.64730339433)], [112, 2, (83980.35094895505, 448017.53443806164)], [114, 2, (84321.7806164654, 448354.19495508034)], [144, 2, (84880.85876114457, 447505.5634201066)], [161, 2, (85014.62799713778, 447197.8441528263)], [163, 2, (85103.85770371312, 447346.7084731901)], [206, 2, (84273.25358559746, 447078.5908565712)], [226, 2, (84560.50398411034, 446806.73360668455)], [262, 2, (83752.93210630848, 448501.4754733475)], [270, 2, (84376.6436397008, 448183.32462977996)]]]
[3.0000000000000004, 9.437752962112427, 0.1251957377689202, 0.12560383351304044, 0.1219252972664416, 0, [[26, 2, (84057.45199692005, 447189.4312589713)], [30, 2, (84275.92700507122, 447079.9520429351)], [62, 2, (84734.4069749831, 446364.3296949315)], [70, 2, (84511.71855341281, 448279.6820707427)], [87, 2, (85030.63520852219, 447388.1870506309)], [104, 2, (84740.8489725257, 447494.64730339433)], [112, 2, (83980.35094895505, 448017.53443806164)], [114, 2, (84321.7806164654, 448354.19495508034)], [144, 2, (84880.85876114457, 447505.5634201066)], [161, 2, (85014.62799713778, 447197.8441528263)], [163, 2, (85103.85770371312, 447346.7084731901)], [206, 2, (84273.25358559746, 447078.5908565712)], [226, 2, (84560.50398411034, 446806.73360668455)], [262, 2, (83752.93210630848, 448501.4754733475)], [270, 2, (84376.6436397008, 448183.32462977996)]]]
[3.2, 10.166801929473877, 0.13000619240134786, 0.13043312139835445, 0.1267537411174619, 0, [[26, 2, (84057.45199692005, 447189.4312589713)], [30, 2, (84275.92700507122, 447079.9520429351)], [62, 2, (84734.4069749831, 446364.3296949315)], [65, 2, (84935.46094662073, 446105.53507511714)], [70, 2, (84511.71855341281, 448279.6820707427)], [87, 2, (85030.63520852219, 447388.1870506309)], [104, 2, (84740.8489725257, 447494.64730339433)], [112, 2, (83980.35094895505, 448017.53443806164)], [114, 2, (84321.7806164654, 448354.19495508034)], [144, 2, (84880.85876114457, 447505.5634201066)], [161, 2, (85014.62799713778, 447197.8441528263)], [163, 2, (85103.85770371312, 447346.7084731901)], [206, 2, (84273.25358559746, 447078.5908565712)], [226, 2, (84560.50398411034, 446806.73360668455)], [262, 2, (83752.93210630848, 448501.4754733475)], [270, 2, (84376.6436397008, 448183.32462977996)]]]
[3.4000000000000004, 11.637896060943604, 0.13479661236884727, 0.13524323529780838, 0.13154627231000984, 0, [[26, 2, (84057.45199692005, 447189.4312589713)], [30, 2, (84275.92700507122, 447079.9520429351)], [62, 2, (84734.4069749831, 446364.3296949315)], [65, 2, (84935.46094662073, 446105.53507511714)], [70, 2, (84511.71855341281, 448279.6820707427)], [87, 2, (85030.63520852219, 447388.1870506309)], [104, 2, (84740.8489725257, 447494.64730339433)], [112, 2, (83980.35094895505, 448017.53443806164)], [114, 2, (84321.7806164654, 448354.19495508034)], [144, 2, (84880.85876114457, 447505.5634201066)], [161, 2, (85014.62799713778, 447197.8441528263)], [163, 2, (85103.85770371312, 447346.7084731901)], [206, 2, (84273.25358559746, 447078.5908565712)], [226, 2, (84560.50398411034, 446806.73360668455)], [262, 2, (83752.93210630848, 448501.4754733475)], [270, 2, (84376.6436397008, 448183.32462977996)], [279, 2, (84668.5749869018, 447597.5261040959)]]]
[3.6000000000000005, 13.38619065284729, 0.1395401809150947, 0.14000649974485527, 0.13646543370665984, 0, [[26, 2, (84057.45199692005, 447189.4312589713)], [30, 2, (84275.92700507122, 447079.9520429351)], [62, 2, (84734.4069749831, 446364.3296949315)], [65, 2, (84935.46094662073, 446105.53507511714)], [70, 2, (84511.71855341281, 448279.6820707427)], [87, 2, (85030.63520852219, 447388.1870506309)], [92, 2, (84329.71031787788, 447845.667500242)], [104, 2, (84740.8489725257, 447494.64730339433)], [112, 2, (83980.35094895505, 448017.53443806164)], [114, 2, (84321.7806164654, 448354.19495508034)], [144, 2, (84880.85876114457, 447505.5634201066)], [161, 2, (85014.62799713778, 447197.8441528263)], [163, 2, (85103.85770371312, 447346.7084731901)], [206, 2, (84273.25358559746, 447078.5908565712)], [226, 2, (84560.50398411034, 446806.73360668455)], [262, 2, (83752.93210630848, 448501.4754733475)], [270, 2, (84376.6436397008, 448183.32462977996)], [279, 2, (84668.5749869018, 447597.5261040959)]]]
[3.8000000000000003, 17.97591257095337, 0.14426387347401282, 0.14474921931209106, 0.14171305025016184, 0, [[26, 2, (84057.45199692005, 447189.4312589713)], [30, 2, (84275.92700507122, 447079.9520429351)], [62, 2, (84734.4069749831, 446364.3296949315)], [65, 2, (84935.46094662073, 446105.53507511714)], [70, 2, (84511.71855341281, 448279.6820707427)], [87, 2, (85030.63520852219, 447388.1870506309)], [92, 2, (84329.71031787788, 447845.667500242)], [99, 2, (84512.49811524196, 446822.22776476404)], [104, 2, (84740.8489725257, 447494.64730339433)], [112, 2, (83980.35094895505, 448017.53443806164)], [114, 2, (84321.7806164654, 448354.19495508034)], [144, 2, (84880.85876114457, 447505.5634201066)], [161, 2, (85014.62799713778, 447197.8441528263)], [163, 2, (85103.85770371312, 447346.7084731901)], [206, 2, (84273.25358559746, 447078.5908565712)], [226, 2, (84560.50398411034, 446806.73360668455)], [262, 2, (83752.93210630848, 448501.4754733475)], [270, 2, (84376.6436397008, 448183.32462977996)], [279, 2, (84668.5749869018, 447597.5261040959)]]]
[4.0, 20.97539710998535, 0.14886465447798766, 0.1493697324965091, 0.14598406475735815, 0, [[26, 2, (84057.45199692005, 447189.4312589713)], [30, 2, (84275.92700507122, 447079.9520429351)], [51, 2, (84229.92821995473, 447316.6735784422)], [62, 2, (84734.4069749831, 446364.3296949315)], [65, 2, (84935.46094662073, 446105.53507511714)], [70, 2, (84511.71855341281, 448279.6820707427)], [87, 2, (85030.63520852219, 447388.1870506309)], [92, 2, (84329.71031787788, 447845.667500242)], [99, 2, (84512.49811524196, 446822.22776476404)], [104, 2, (84740.8489725257, 447494.64730339433)], [112, 2, (83980.35094895505, 448017.53443806164)], [114, 2, (84321.7806164654, 448354.19495508034)], [144, 2, (84880.85876114457, 447505.5634201066)], [161, 2, (85014.62799713778, 447197.8441528263)], [163, 2, (85103.85770371312, 447346.7084731901)], [206, 2, (84273.25358559746, 447078.5908565712)], [226, 2, (84560.50398411034, 446806.73360668455)], [262, 2, (83752.93210630848, 448501.4754733475)], [270, 2, (84376.6436397008, 448183.32462977996)], [279, 2, (84668.5749869018, 447597.5261040959)]]]
