['budget', 'runtime', 'objective_value', 'flow_caught_optimal', 'flow_caught_fixed_solution', 'flow_impact_area', ['solution']]
[0.2, 33.090306520462036, 0.0287962245502151, 0.028933950433074323, 0.011194144116077685, 0, [[246, 2, (84287.74024427854, 448389.05763086624)]]]
[0.4, 99.15102624893188, 0.050394104450411814, 0.050543767974512585, 0.030535101732175007, 0, [[246, 2, (84287.74024427854, 448389.05763086624)], [537, 2, (84563.13008903325, 446789.1025326329)]]]
[0.6000000000000001, 141.64710545539856, 0.06518038554910634, 0.06534744668806058, 0.052511491636568264, 0, [[246, 2, (84287.74024427854, 448389.05763086624)], [367, 2, (85096.2233859853, 447291.1674166821)], [537, 2, (84563.13008903325, 446789.1025326329)]]]
[0.8, 125.41383600234985, 0.07830087622701354, 0.07848733432960214, 0.05868568543296272, 0, [[149, 2, (84473.59728879327, 448254.1016579434)], [246, 2, (84287.74024427854, 448389.05763086624)], [367, 2, (85096.2233859853, 447291.1674166821)], [537, 2, (84563.13008903325, 446789.1025326329)]]]
[1.0, 166.47973322868347, 0.08951599324965939, 0.08972151865119854, 0.06894720066106255, 0, [[57, 2, (84097.83582592719, 447217.6567231168)], [149, 2, (84473.59728879327, 448254.1016579434)], [246, 2, (84287.74024427854, 448389.05763086624)], [367, 2, (85096.2233859853, 447291.1674166821)], [537, 2, (84563.13008903325, 446789.1025326329)]]]
[1.2, 217.64631056785583, 0.09941337939034275, 0.09963830825241858, 0.07756364336614853, 0, [[57, 2, (84097.83582592719, 447217.6567231168)], [149, 2, (84473.59728879327, 448254.1016579434)], [246, 2, (84287.74024427854, 448389.05763086624)], [315, 2, (85141.17516866863, 447427.9920012702)], [367, 2, (85096.2233859853, 447291.1674166821)], [537, 2, (84563.13008903325, 446789.1025326329)]]]
[1.4000000000000001, 283.67050313949585, 0.10734979791518208, 0.10758906388490004, 0.08049286730215377, 0, [[57, 2, (84097.83582592719, 447217.6567231168)], [135, 2, (84751.9670038042, 446322.3347934642)], [149, 2, (84473.59728879327, 448254.1016579434)], [246, 2, (84287.74024427854, 448389.05763086624)], [315, 2, (85141.17516866863, 447427.9920012702)], [367, 2, (85096.2233859853, 447291.1674166821)], [537, 2, (84563.13008903325, 446789.1025326329)]]]
[1.6, 369.13272738456726, 0.11444947286085945, 0.11470270391153081, 0.08282687995585722, 0, [[57, 2, (84097.83582592719, 447217.6567231168)], [135, 2, (84751.9670038042, 446322.3347934642)], [149, 2, (84473.59728879327, 448254.1016579434)], [246, 2, (84287.74024427854, 448389.05763086624)], [315, 2, (85141.17516866863, 447427.9920012702)], [367, 2, (85096.2233859853, 447291.1674166821)], [537, 2, (84563.13008903325, 446789.1025326329)], [647, 2, (83711.10718425814, 448595.14763996884)]]]
[1.8, 478.7515912055969, 0.11937912479854773, 0.11965165689283846, 0.08482043185981891, 0, [[57, 2, (84097.83582592719, 447217.6567231168)], [135, 2, (84751.9670038042, 446322.3347934642)], [141, 2, (84969.84016852862, 446119.6065523495)], [149, 2, (84473.59728879327, 448254.1016579434)], [246, 2, (84287.74024427854, 448389.05763086624)], [315, 2, (85141.17516866863, 447427.9920012702)], [367, 2, (85096.2233859853, 447291.1674166821)], [537, 2, (84563.13008903325, 446789.1025326329)], [647, 2, (83711.10718425814, 448595.14763996884)]]]
[2.0, 591.3106060028076, 0.12429111475603533, 0.12458257853767438, 0.09257190219039732, 0, [[57, 2, (84097.83582592719, 447217.6567231168)], [135, 2, (84751.9670038042, 446322.3347934642)], [141, 2, (84969.84016852862, 446119.6065523495)], [149, 2, (84473.59728879327, 448254.1016579434)], [213, 2, (84526.8630551493, 446834.84144175047)], [246, 2, (84287.74024427854, 448389.05763086624)], [315, 2, (85141.17516866863, 447427.9920012702)], [367, 2, (85096.2233859853, 447291.1674166821)], [537, 2, (84563.13008903325, 446789.1025326329)], [647, 2, (83711.10718425814, 448595.14763996884)]]]
