['budget', 'runtime', 'objective_value', 'flow_caught_optimal', 'flow_caught_fixed_solution', 'flow_impact_area', ['solution']]
[0.2, 0.27298951148986816, 0.01922789286550689, 0.01940422801864504, 0.01940422801864504, 0, [[58, 2, (84525.8778802715, 448289.1833669253)]]]
[0.4, 0.5119802951812744, 0.03255107497526851, 0.032734627452293545, 0.02304122279283114, 0, [[58, 2, (84525.8778802715, 448289.1833669253)], [94, 2, (84321.7806164654, 448354.19495508034)]]]
[0.6000000000000001, 0.7449703216552734, 0.04314750139318861, 0.04334851035958398, 0.03637162210288943, 0, [[51, 2, (84727.88467856383, 446379.92780119076)], [58, 2, (84525.8778802715, 448289.1833669253)], [94, 2, (84321.7806164654, 448354.19495508034)]]]
[0.8, 0.9939601421356201, 0.05335284448152161, 0.053572867647490766, 0.04621106580517634, 0, [[51, 2, (84727.88467856383, 446379.92780119076)], [58, 2, (84525.8778802715, 448289.1833669253)], [94, 2, (84321.7806164654, 448354.19495508034)], [135, 2, (85103.85770371312, 447346.7084731901)]]]
[1.0, 1.8289287090301514, 0.062174730693285905, 0.06241315456384046, 0.0550513609309833, 0, [[21, 2, (84033.22169951578, 447172.49598048395)], [51, 2, (84727.88467856383, 446379.92780119076)], [58, 2, (84525.8778802715, 448289.1833669253)], [94, 2, (84321.7806164654, 448354.19495508034)], [135, 2, (85103.85770371312, 447346.7084731901)]]]
[1.2, 2.756891965866089, 0.06978923252173067, 0.07004702290033948, 0.0655166481966972, 0, [[21, 2, (84033.22169951578, 447172.49598048395)], [25, 2, (84297.37558224256, 447037.8262580947)], [51, 2, (84727.88467856383, 446379.92780119076)], [58, 2, (84525.8778802715, 448289.1833669253)], [94, 2, (84321.7806164654, 448354.19495508034)], [135, 2, (85103.85770371312, 447346.7084731901)]]]
[1.4000000000000001, 4.106838226318359, 0.07733047979621897, 0.07760758119077342, 0.0731468027574192, 0, [[21, 2, (84033.22169951578, 447172.49598048395)], [25, 2, (84297.37558224256, 447037.8262580947)], [51, 2, (84727.88467856383, 446379.92780119076)], [58, 2, (84525.8778802715, 448289.1833669253)], [94, 2, (84321.7806164654, 448354.19495508034)], [135, 2, (85103.85770371312, 447346.7084731901)], [215, 2, (84354.64246980957, 448167.859075892)]]]
[1.6, 3.2598719596862793, 0.08404546774749491, 0.08434201028952468, 0.08070736075393711, 0, [[21, 2, (84033.22169951578, 447172.49598048395)], [25, 2, (84297.37558224256, 447037.8262580947)], [51, 2, (84727.88467856383, 446379.92780119076)], [58, 2, (84525.8778802715, 448289.1833669253)], [94, 2, (84321.7806164654, 448354.19495508034)], [135, 2, (85103.85770371312, 447346.7084731901)], [168, 2, (84294.7021627688, 447036.4650717308)], [215, 2, (84354.64246980957, 448167.859075892)]]]
[1.8, 3.5868594646453857, 0.09017042891987374, 0.0904800670856371, 0.085925663909732, 0, [[21, 2, (84033.22169951578, 447172.49598048395)], [25, 2, (84297.37558224256, 447037.8262580947)], [51, 2, (84727.88467856383, 446379.92780119076)], [58, 2, (84525.8778802715, 448289.1833669253)], [94, 2, (84321.7806164654, 448354.19495508034)], [135, 2, (85103.85770371312, 447346.7084731901)], [168, 2, (84294.7021627688, 447036.4650717308)], [209, 2, (83884.42612877121, 448433.36499306577)], [215, 2, (84354.64246980957, 448167.859075892)]]]
[2.0, 4.306831359863281, 0.0962435713721663, 0.09657003039421172, 0.09054421351315649, 0, [[21, 2, (84033.22169951578, 447172.49598048395)], [25, 2, (84297.37558224256, 447037.8262580947)], [51, 2, (84727.88467856383, 446379.92780119076)], [58, 2, (84525.8778802715, 448289.1833669253)], [94, 2, (84321.7806164654, 448354.19495508034)], [135, 2, (85103.85770371312, 447346.7084731901)], [168, 2, (84294.7021627688, 447036.4650717308)], [181, 2, (84646.84934729052, 446565.9477406789)], [209, 2, (83884.42612877121, 448433.36499306577)], [215, 2, (84354.64246980957, 448167.859075892)]]]
[2.2, 4.471824407577515, 0.10203317954360637, 0.10237909590102766, 0.09606018989111029, 0, [[21, 2, (84033.22169951578, 447172.49598048395)], [25, 2, (84297.37558224256, 447037.8262580947)], [51, 2, (84727.88467856383, 446379.92780119076)], [58, 2, (84525.8778802715, 448289.1833669253)], [94, 2, (84321.7806164654, 448354.19495508034)], [135, 2, (85103.85770371312, 447346.7084731901)], [168, 2, (84294.7021627688, 447036.4650717308)], [181, 2, (84646.84934729052, 446565.9477406789)], [196, 2, (84301.85534330901, 447877.3383882173)], [209, 2, (83884.42612877121, 448433.36499306577)], [215, 2, (84354.64246980957, 448167.859075892)]]]
[2.4000000000000004, 5.895768165588379, 0.10779436119855045, 0.10815792117740947, 0.10159275647879983, 0, [[21, 2, (84033.22169951578, 447172.49598048395)], [25, 2, (84297.37558224256, 447037.8262580947)], [51, 2, (84727.88467856383, 446379.92780119076)], [58, 2, (84525.8778802715, 448289.1833669253)], [94, 2, (84321.7806164654, 448354.19495508034)], [131, 2, (84823.3633878987, 447057.1044207001)], [135, 2, (85103.85770371312, 447346.7084731901)], [168, 2, (84294.7021627688, 447036.4650717308)], [181, 2, (84646.84934729052, 446565.9477406789)], [196, 2, (84301.85534330901, 447877.3383882173)], [209, 2, (83884.42612877121, 448433.36499306577)], [215, 2, (84354.64246980957, 448167.859075892)]]]
[2.6000000000000005, 5.798771858215332, 0.11349607865524053, 0.11387917863284915, 0.10774770508172367, 0, [[21, 2, (84033.22169951578, 447172.49598048395)], [25, 2, (84297.37558224256, 447037.8262580947)], [51, 2, (84727.88467856383, 446379.92780119076)], [58, 2, (84525.8778802715, 448289.1833669253)], [94, 2, (84321.7806164654, 448354.19495508034)], [119, 2, (84880.85876114457, 447505.5634201066)], [131, 2, (84823.3633878987, 447057.1044207001)], [135, 2, (85103.85770371312, 447346.7084731901)], [168, 2, (84294.7021627688, 447036.4650717308)], [181, 2, (84646.84934729052, 446565.9477406789)], [196, 2, (84301.85534330901, 447877.3383882173)], [209, 2, (83884.42612877121, 448433.36499306577)], [215, 2, (84354.64246980957, 448167.859075892)]]]
[2.8000000000000003, 5.896766185760498, 0.11903832349179327, 0.11944101314937924, 0.11037325280156518, 0, [[21, 2, (84033.22169951578, 447172.49598048395)], [25, 2, (84297.37558224256, 447037.8262580947)], [51, 2, (84727.88467856383, 446379.92780119076)], [58, 2, (84525.8778802715, 448289.1833669253)], [94, 2, (84321.7806164654, 448354.19495508034)], [119, 2, (84880.85876114457, 447505.5634201066)], [131, 2, (84823.3633878987, 447057.1044207001)], [135, 2, (85103.85770371312, 447346.7084731901)], [168, 2, (84294.7021627688, 447036.4650717308)], [181, 2, (84646.84934729052, 446565.9477406789)], [193, 2, (85032.16813787172, 447385.608266497)], [196, 2, (84301.85534330901, 447877.3383882173)], [209, 2, (83884.42612877121, 448433.36499306577)], [215, 2, (84354.64246980957, 448167.859075892)]]]
[3.0000000000000004, 6.421748161315918, 0.12455477568523304, 0.12497681091266394, 0.11618237444622395, 0, [[21, 2, (84033.22169951578, 447172.49598048395)], [25, 2, (84297.37558224256, 447037.8262580947)], [51, 2, (84727.88467856383, 446379.92780119076)], [58, 2, (84525.8778802715, 448289.1833669253)], [92, 2, (83980.35094895505, 448017.53443806164)], [94, 2, (84321.7806164654, 448354.19495508034)], [119, 2, (84880.85876114457, 447505.5634201066)], [131, 2, (84823.3633878987, 447057.1044207001)], [135, 2, (85103.85770371312, 447346.7084731901)], [168, 2, (84294.7021627688, 447036.4650717308)], [181, 2, (84646.84934729052, 446565.9477406789)], [193, 2, (85032.16813787172, 447385.608266497)], [196, 2, (84301.85534330901, 447877.3383882173)], [209, 2, (83884.42612877121, 448433.36499306577)], [215, 2, (84354.64246980957, 448167.859075892)]]]
[3.2, 8.764655590057373, 0.1298585395376523, 0.13029915488344684, 0.12160212589184502, 0, [[21, 2, (84033.22169951578, 447172.49598048395)], [25, 2, (84297.37558224256, 447037.8262580947)], [51, 2, (84727.88467856383, 446379.92780119076)], [53, 2, (84935.46094662073, 446105.53507511714)], [58, 2, (84525.8778802715, 448289.1833669253)], [92, 2, (83980.35094895505, 448017.53443806164)], [94, 2, (84321.7806164654, 448354.19495508034)], [119, 2, (84880.85876114457, 447505.5634201066)], [131, 2, (84823.3633878987, 447057.1044207001)], [135, 2, (85103.85770371312, 447346.7084731901)], [168, 2, (84294.7021627688, 447036.4650717308)], [181, 2, (84646.84934729052, 446565.9477406789)], [193, 2, (85032.16813787172, 447385.608266497)], [196, 2, (84301.85534330901, 447877.3383882173)], [209, 2, (83884.42612877121, 448433.36499306577)], [215, 2, (84354.64246980957, 448167.859075892)]]]
[3.4000000000000004, 7.883690357208252, 0.13504819858699557, 0.13550611183665465, 0.12397200400669903, 0, [[21, 2, (84033.22169951578, 447172.49598048395)], [25, 2, (84297.37558224256, 447037.8262580947)], [51, 2, (84727.88467856383, 446379.92780119076)], [53, 2, (84935.46094662073, 446105.53507511714)], [58, 2, (84525.8778802715, 448289.1833669253)], [92, 2, (83980.35094895505, 448017.53443806164)], [94, 2, (84321.7806164654, 448354.19495508034)], [119, 2, (84880.85876114457, 447505.5634201066)], [131, 2, (84823.3633878987, 447057.1044207001)], [135, 2, (85103.85770371312, 447346.7084731901)], [168, 2, (84294.7021627688, 447036.4650717308)], [181, 2, (84646.84934729052, 446565.9477406789)], [193, 2, (85032.16813787172, 447385.608266497)], [196, 2, (84301.85534330901, 447877.3383882173)], [209, 2, (83884.42612877121, 448433.36499306577)], [213, 2, (83650.41718289697, 448834.68904687284)], [215, 2, (84354.64246980957, 448167.859075892)]]]
[3.6000000000000005, 8.600661993026733, 0.1400471622859075, 0.140524681826221, 0.12823651815024462, 0, [[21, 2, (84033.22169951578, 447172.49598048395)], [25, 2, (84297.37558224256, 447037.8262580947)], [51, 2, (84727.88467856383, 446379.92780119076)], [53, 2, (84935.46094662073, 446105.53507511714)], [58, 2, (84525.8778802715, 448289.1833669253)], [73, 2, (85030.63520852219, 447388.1870506309)], [92, 2, (83980.35094895505, 448017.53443806164)], [94, 2, (84321.7806164654, 448354.19495508034)], [119, 2, (84880.85876114457, 447505.5634201066)], [131, 2, (84823.3633878987, 447057.1044207001)], [135, 2, (85103.85770371312, 447346.7084731901)], [168, 2, (84294.7021627688, 447036.4650717308)], [181, 2, (84646.84934729052, 446565.9477406789)], [193, 2, (85032.16813787172, 447385.608266497)], [196, 2, (84301.85534330901, 447877.3383882173)], [209, 2, (83884.42612877121, 448433.36499306577)], [213, 2, (83650.41718289697, 448834.68904687284)], [215, 2, (84354.64246980957, 448167.859075892)]]]
[3.8000000000000003, 8.600661754608154, 0.14490121130576702, 0.14539837568645794, 0.13378807936304238, 0, [[21, 2, (84033.22169951578, 447172.49598048395)], [25, 2, (84297.37558224256, 447037.8262580947)], [42, 2, (84229.92821995473, 447316.6735784422)], [51, 2, (84727.88467856383, 446379.92780119076)], [53, 2, (84935.46094662073, 446105.53507511714)], [58, 2, (84525.8778802715, 448289.1833669253)], [73, 2, (85030.63520852219, 447388.1870506309)], [92, 2, (83980.35094895505, 448017.53443806164)], [94, 2, (84321.7806164654, 448354.19495508034)], [119, 2, (84880.85876114457, 447505.5634201066)], [131, 2, (84823.3633878987, 447057.1044207001)], [135, 2, (85103.85770371312, 447346.7084731901)], [168, 2, (84294.7021627688, 447036.4650717308)], [181, 2, (84646.84934729052, 446565.9477406789)], [193, 2, (85032.16813787172, 447385.608266497)], [196, 2, (84301.85534330901, 447877.3383882173)], [209, 2, (83884.42612877121, 448433.36499306577)], [213, 2, (83650.41718289697, 448834.68904687284)], [215, 2, (84354.64246980957, 448167.859075892)]]]
[4.0, 9.428799152374268, 0.14956431375649581, 0.1500811434503553, 0.13898125994252172, 0, [[21, 2, (84033.22169951578, 447172.49598048395)], [25, 2, (84297.37558224256, 447037.8262580947)], [42, 2, (84229.92821995473, 447316.6735784422)], [51, 2, (84727.88467856383, 446379.92780119076)], [53, 2, (84935.46094662073, 446105.53507511714)], [58, 2, (84525.8778802715, 448289.1833669253)], [73, 2, (85030.63520852219, 447388.1870506309)], [92, 2, (83980.35094895505, 448017.53443806164)], [94, 2, (84321.7806164654, 448354.19495508034)], [119, 2, (84880.85876114457, 447505.5634201066)], [131, 2, (84823.3633878987, 447057.1044207001)], [135, 2, (85103.85770371312, 447346.7084731901)], [168, 2, (84294.7021627688, 447036.4650717308)], [172, 2, (84387.50925558225, 447336.59303757077)], [181, 2, (84646.84934729052, 446565.9477406789)], [193, 2, (85032.16813787172, 447385.608266497)], [196, 2, (84301.85534330901, 447877.3383882173)], [209, 2, (83884.42612877121, 448433.36499306577)], [213, 2, (83650.41718289697, 448834.68904687284)], [215, 2, (84354.64246980957, 448167.859075892)]]]
