['budget', 'runtime', 'objective_value', 'flow_caught_optimal', 'flow_caught_fixed_solution', 'flow_impact_area', ['solution']]
[0.2, 12.087650775909424, 0.026174573865218726, 0.0263203083237928, 0.010855249535860974, 0, [[201, 2, (84291.9952908019, 448384.699796393)]]]
[0.4, 24.513312578201294, 0.04691146967033615, 0.0470663834295581, 0.029705093378061105, 0, [[201, 2, (84291.9952908019, 448384.699796393)], [431, 2, (84563.13008903325, 446789.1025326329)]]]
[0.6000000000000001, 40.43076181411743, 0.06459159986628088, 0.06476372371476918, 0.04932302469689406, 0, [[201, 2, (84291.9952908019, 448384.699796393)], [296, 2, (85097.49577227327, 447300.4242594334)], [431, 2, (84563.13008903325, 446789.1025326329)]]]
[0.8, 54.090391397476196, 0.07822037029562108, 0.07841175606148387, 0.06357764007195989, 0, [[122, 2, (84479.53826509761, 448258.08821578225)], [201, 2, (84291.9952908019, 448384.699796393)], [296, 2, (85097.49577227327, 447300.4242594334)], [431, 2, (84563.13008903325, 446789.1025326329)]]]
[1.0, 81.03277111053467, 0.08953771050022816, 0.08974793061807376, 0.07379782859757815, 0, [[47, 2, (84093.79744302647, 447214.83417670225)], [122, 2, (84479.53826509761, 448258.08821578225)], [201, 2, (84291.9952908019, 448384.699796393)], [296, 2, (85097.49577227327, 447300.4242594334)], [431, 2, (84563.13008903325, 446789.1025326329)]]]
[1.2, 101.7856068611145, 0.09780300556511898, 0.09802821638095432, 0.08219040545056504, 0, [[47, 2, (84093.79744302647, 447214.83417670225)], [122, 2, (84479.53826509761, 448258.08821578225)], [201, 2, (84291.9952908019, 448384.699796393)], [296, 2, (85097.49577227327, 447300.4242594334)], [423, 2, (84710.88643940697, 446412.802697406)], [431, 2, (84563.13008903325, 446789.1025326329)]]]
[1.4000000000000001, 114.3725938796997, 0.10427675930927165, 0.10451871250730951, 0.08589648181690036, 0, [[47, 2, (84093.79744302647, 447214.83417670225)], [122, 2, (84479.53826509761, 448258.08821578225)], [201, 2, (84291.9952908019, 448384.699796393)], [288, 2, (84823.3633878987, 447057.1044207001)], [296, 2, (85097.49577227327, 447300.4242594334)], [423, 2, (84710.88643940697, 446412.802697406)], [431, 2, (84563.13008903325, 446789.1025326329)]]]
[1.6, 141.59203052520752, 0.11054771485807595, 0.11080674772127981, 0.08772959039188527, 0, [[47, 2, (84093.79744302647, 447214.83417670225)], [122, 2, (84479.53826509761, 448258.08821578225)], [201, 2, (84291.9952908019, 448384.699796393)], [288, 2, (84823.3633878987, 447057.1044207001)], [296, 2, (85097.49577227327, 447300.4242594334)], [423, 2, (84710.88643940697, 446412.802697406)], [431, 2, (84563.13008903325, 446789.1025326329)], [521, 2, (83650.41718289696, 448834.68904687284)]]]
[1.8, 162.60859060287476, 0.11606872973370914, 0.11634753393313853, 0.0910238102686465, 0, [[47, 2, (84093.79744302647, 447214.83417670225)], [122, 2, (84479.53826509761, 448258.08821578225)], [201, 2, (84291.9952908019, 448384.699796393)], [288, 2, (84823.3633878987, 447057.1044207001)], [296, 2, (85097.49577227327, 447300.4242594334)], [423, 2, (84710.88643940697, 446412.802697406)], [431, 2, (84563.13008903325, 446789.1025326329)], [521, 2, (83650.41718289696, 448834.68904687284)], [531, 2, (84404.93085813239, 448203.2089133502)]]]
[2.0, 211.03606605529785, 0.1215197539489812, 0.12181817744640272, 0.09728518067517056, 0, [[47, 2, (84093.79744302647, 447214.83417670225)], [122, 2, (84479.53826509761, 448258.08821578225)], [201, 2, (84291.9952908019, 448384.699796393)], [288, 2, (84823.3633878987, 447057.1044207001)], [296, 2, (85097.49577227327, 447300.4242594334)], [298, 2, (85110.21963515294, 447392.9926869467)], [423, 2, (84710.88643940697, 446412.802697406)], [431, 2, (84563.13008903325, 446789.1025326329)], [521, 2, (83650.41718289696, 448834.68904687284)], [531, 2, (84404.93085813239, 448203.2089133502)]]]
