['budget', 'runtime', 'objective_value', 'flow_caught_optimal', 'flow_caught_fixed_solution', 'flow_impact_area', ['solution']]
[0.2, 0.4258601665496826, 0.05436496566599589, 0.054989831718531175, 0.04026839307831652, 0, [[144, 2, (84880.85876114457, 447505.5634201066)]]]
[0.4, 0.8317742347717285, 0.09415796988874374, 0.09478321133289158, 0.06143360975544158, 0, [[70, 2, (84511.71855341281, 448279.6820707427)], [144, 2, (84880.85876114457, 447505.5634201066)]]]
[0.6000000000000001, 1.437840223312378, 0.12610905692170904, 0.1267287327329965, 0.07353850027722081, 0, [[70, 2, (84511.71855341281, 448279.6820707427)], [144, 2, (84880.85876114457, 447505.5634201066)], [207, 2, (84230.3564312548, 447162.8424262521)]]]
[0.8, 1.7176096439361572, 0.15701083532536547, 0.1576364083895865, 0.08769872399207251, 0, [[70, 2, (84511.71855341281, 448279.6820707427)], [132, 2, (84242.91139009832, 448092.9856048382)], [144, 2, (84880.85876114457, 447505.5634201066)], [207, 2, (84230.3564312548, 447162.8424262521)]]]
[1.0, 2.51655650138855, 0.1858457030694977, 0.18647351224198713, 0.10200968942842825, 0, [[70, 2, (84511.71855341281, 448279.6820707427)], [132, 2, (84242.91139009832, 448092.9856048382)], [144, 2, (84880.85876114457, 447505.5634201066)], [175, 2, (85103.32332840441, 447746.2241638586)], [207, 2, (84230.3564312548, 447162.8424262521)]]]
[1.2, 3.270202398300171, 0.2126549753660768, 0.21329580683804347, 0.11073640266868219, 0, [[70, 2, (84511.71855341281, 448279.6820707427)], [132, 2, (84242.91139009832, 448092.9856048382)], [144, 2, (84880.85876114457, 447505.5634201066)], [175, 2, (85103.32332840441, 447746.2241638586)], [180, 2, (85404.66559511905, 447530.33605298545)], [207, 2, (84230.3564312548, 447162.8424262521)]]]
[1.4000000000000001, 4.125216245651245, 0.23581346934175898, 0.2364434526396426, 0.1337450565462875, 0, [[70, 2, (84511.71855341281, 448279.6820707427)], [132, 2, (84242.91139009832, 448092.9856048382)], [144, 2, (84880.85876114457, 447505.5634201066)], [154, 2, (84688.10122435533, 447777.1268159442)], [175, 2, (85103.32332840441, 447746.2241638586)], [180, 2, (85404.66559511905, 447530.33605298545)], [207, 2, (84230.3564312548, 447162.8424262521)]]]
[1.6, 4.969267845153809, 0.2567943022046283, 0.2574387648308756, 0.1458327520824328, 0, [[70, 2, (84511.71855341281, 448279.6820707427)], [74, 2, (84794.90509058649, 448469.7079943947)], [132, 2, (84242.91139009832, 448092.9856048382)], [144, 2, (84880.85876114457, 447505.5634201066)], [154, 2, (84688.10122435533, 447777.1268159442)], [175, 2, (85103.32332840441, 447746.2241638586)], [180, 2, (85404.66559511905, 447530.33605298545)], [207, 2, (84230.3564312548, 447162.8424262521)]]]
[1.8, 5.8715057373046875, 0.2761856782533378, 0.27684047006792845, 0.15750672837385052, 0, [[70, 2, (84511.71855341281, 448279.6820707427)], [74, 2, (84794.90509058649, 448469.7079943947)], [132, 2, (84242.91139009832, 448092.9856048382)], [144, 2, (84880.85876114457, 447505.5634201066)], [154, 2, (84688.10122435533, 447777.1268159442)], [175, 2, (85103.32332840441, 447746.2241638586)], [180, 2, (85404.66559511905, 447530.33605298545)], [207, 2, (84230.3564312548, 447162.8424262521)], [226, 2, (84560.50398411034, 446806.73360668455)]]]
[2.0, 6.959002256393433, 0.2950845612149356, 0.2957449262403593, 0.16423800338901554, 0, [[70, 2, (84511.71855341281, 448279.6820707427)], [74, 2, (84794.90509058649, 448469.7079943947)], [132, 2, (84242.91139009832, 448092.9856048382)], [144, 2, (84880.85876114457, 447505.5634201066)], [154, 2, (84688.10122435533, 447777.1268159442)], [175, 2, (85103.32332840441, 447746.2241638586)], [180, 2, (85404.66559511905, 447530.33605298545)], [193, 2, (84314.29577371474, 447285.6396724997)], [207, 2, (84230.3564312548, 447162.8424262521)], [226, 2, (84560.50398411034, 446806.73360668455)]]]
