['budget', 'runtime', 'objective_value', 'flow_caught_optimal', 'flow_caught_fixed_solution', 'flow_impact_area', ['solution']]
[0.2, 11.407927751541138, 0.026174573865218726, 0.0263203083237928, 0.010855249535860974, 0, [[201, 2, (84291.9952908019, 448384.699796393)]]]
[0.4, 21.292985677719116, 0.04691146967033615, 0.0470663834295581, 0.029705093378061105, 0, [[201, 2, (84291.9952908019, 448384.699796393)], [431, 2, (84563.13008903325, 446789.1025326329)]]]
[0.6000000000000001, 32.24599862098694, 0.06459159986628088, 0.06476372371476918, 0.04932302469689406, 0, [[201, 2, (84291.9952908019, 448384.699796393)], [296, 2, (85097.49577227327, 447300.4242594334)], [431, 2, (84563.13008903325, 446789.1025326329)]]]
[0.8, 46.017991065979004, 0.07822037029562108, 0.07841175606148387, 0.06357764007195989, 0, [[122, 2, (84479.53826509761, 448258.08821578225)], [201, 2, (84291.9952908019, 448384.699796393)], [296, 2, (85097.49577227327, 447300.4242594334)], [431, 2, (84563.13008903325, 446789.1025326329)]]]
[1.0, 66.9869544506073, 0.08953771050022816, 0.08974793061807376, 0.07379782859757815, 0, [[47, 2, (84093.79744302647, 447214.83417670225)], [122, 2, (84479.53826509761, 448258.08821578225)], [201, 2, (84291.9952908019, 448384.699796393)], [296, 2, (85097.49577227327, 447300.4242594334)], [431, 2, (84563.13008903325, 446789.1025326329)]]]
[1.2, 90.77400374412537, 0.09780300556511898, 0.09802821638095432, 0.08219040545056504, 0, [[47, 2, (84093.79744302647, 447214.83417670225)], [122, 2, (84479.53826509761, 448258.08821578225)], [201, 2, (84291.9952908019, 448384.699796393)], [296, 2, (85097.49577227327, 447300.4242594334)], [423, 2, (84710.88643940697, 446412.802697406)], [431, 2, (84563.13008903325, 446789.1025326329)]]]
[1.4000000000000001, 109.97300291061401, 0.10427675930927165, 0.10451871250730951, 0.08589648181690036, 0, [[47, 2, (84093.79744302647, 447214.83417670225)], [122, 2, (84479.53826509761, 448258.08821578225)], [201, 2, (84291.9952908019, 448384.699796393)], [288, 2, (84823.3633878987, 447057.1044207001)], [296, 2, (85097.49577227327, 447300.4242594334)], [423, 2, (84710.88643940697, 446412.802697406)], [431, 2, (84563.13008903325, 446789.1025326329)]]]
[1.6, 138.3560492992401, 0.11054771485807595, 0.11080674772127981, 0.08772959039188527, 0, [[47, 2, (84093.79744302647, 447214.83417670225)], [122, 2, (84479.53826509761, 448258.08821578225)], [201, 2, (84291.9952908019, 448384.699796393)], [288, 2, (84823.3633878987, 447057.1044207001)], [296, 2, (85097.49577227327, 447300.4242594334)], [423, 2, (84710.88643940697, 446412.802697406)], [431, 2, (84563.13008903325, 446789.1025326329)], [521, 2, (83650.41718289696, 448834.68904687284)]]]
[1.8, 160.9838228225708, 0.11606872973370914, 0.11634753393313853, 0.0910238102686465, 0, [[47, 2, (84093.79744302647, 447214.83417670225)], [122, 2, (84479.53826509761, 448258.08821578225)], [201, 2, (84291.9952908019, 448384.699796393)], [288, 2, (84823.3633878987, 447057.1044207001)], [296, 2, (85097.49577227327, 447300.4242594334)], [423, 2, (84710.88643940697, 446412.802697406)], [431, 2, (84563.13008903325, 446789.1025326329)], [521, 2, (83650.41718289696, 448834.68904687284)], [531, 2, (84404.93085813239, 448203.2089133502)]]]
[2.0, 180.00882005691528, 0.1215197539489812, 0.12181817744640272, 0.09728518067517056, 0, [[47, 2, (84093.79744302647, 447214.83417670225)], [122, 2, (84479.53826509761, 448258.08821578225)], [201, 2, (84291.9952908019, 448384.699796393)], [288, 2, (84823.3633878987, 447057.1044207001)], [296, 2, (85097.49577227327, 447300.4242594334)], [298, 2, (85110.21963515294, 447392.9926869467)], [423, 2, (84710.88643940697, 446412.802697406)], [431, 2, (84563.13008903325, 446789.1025326329)], [521, 2, (83650.41718289696, 448834.68904687284)], [531, 2, (84404.93085813239, 448203.2089133502)]]]
[2.2, 203.71801209449768, 0.12659186058822566, 0.1269083196790978, 0.10229108887951247, 0, [[47, 2, (84093.79744302647, 447214.83417670225)], [122, 2, (84479.53826509761, 448258.08821578225)], [201, 2, (84291.9952908019, 448384.699796393)], [288, 2, (84823.3633878987, 447057.1044207001)], [296, 2, (85097.49577227327, 447300.4242594334)], [298, 2, (85110.21963515294, 447392.9926869467)], [420, 2, (84784.24761823077, 446243.25799564074)], [423, 2, (84710.88643940697, 446412.802697406)], [431, 2, (84563.13008903325, 446789.1025326329)], [521, 2, (83650.41718289696, 448834.68904687284)], [531, 2, (84404.93085813239, 448203.2089133502)]]]
[2.4000000000000004, 226.1719846725464, 0.1315775739854198, 0.13191268713801613, 0.10564806960324191, 0, [[47, 2, (84093.79744302647, 447214.83417670225)], [122, 2, (84479.53826509761, 448258.08821578225)], [174, 2, (84526.8630551493, 446834.84144175047)], [201, 2, (84291.9952908019, 448384.699796393)], [288, 2, (84823.3633878987, 447057.1044207001)], [296, 2, (85097.49577227327, 447300.4242594334)], [298, 2, (85110.21963515294, 447392.9926869467)], [420, 2, (84784.24761823077, 446243.25799564074)], [423, 2, (84710.88643940697, 446412.802697406)], [431, 2, (84563.13008903325, 446789.1025326329)], [521, 2, (83650.41718289696, 448834.68904687284)], [531, 2, (84404.93085813239, 448203.2089133502)]]]
[2.6000000000000005, 252.27077865600586, 0.13597964164589937, 0.13633449938927394, 0.10891427781031612, 0, [[47, 2, (84093.79744302647, 447214.83417670225)], [122, 2, (84479.53826509761, 448258.08821578225)], [174, 2, (84526.8630551493, 446834.84144175047)], [197, 2, (83960.24482251628, 448056.80852003145)], [201, 2, (84291.9952908019, 448384.699796393)], [288, 2, (84823.3633878987, 447057.1044207001)], [296, 2, (85097.49577227327, 447300.4242594334)], [298, 2, (85110.21963515294, 447392.9926869467)], [420, 2, (84784.24761823077, 446243.25799564074)], [423, 2, (84710.88643940697, 446412.802697406)], [431, 2, (84563.13008903325, 446789.1025326329)], [521, 2, (83650.41718289696, 448834.68904687284)], [531, 2, (84404.93085813239, 448203.2089133502)]]]
[2.8000000000000003, 270.5132827758789, 0.13998320074715304, 0.1403573628787948, 0.11139494590803409, 0, [[47, 2, (84093.79744302647, 447214.83417670225)], [115, 2, (84958.38042789267, 446114.9160599387)], [122, 2, (84479.53826509761, 448258.08821578225)], [174, 2, (84526.8630551493, 446834.84144175047)], [197, 2, (83960.24482251628, 448056.80852003145)], [201, 2, (84291.9952908019, 448384.699796393)], [288, 2, (84823.3633878987, 447057.1044207001)], [296, 2, (85097.49577227327, 447300.4242594334)], [298, 2, (85110.21963515294, 447392.9926869467)], [420, 2, (84784.24761823077, 446243.25799564074)], [423, 2, (84710.88643940697, 446412.802697406)], [431, 2, (84563.13008903325, 446789.1025326329)], [521, 2, (83650.41718289696, 448834.68904687284)], [531, 2, (84404.93085813239, 448203.2089133502)]]]
[3.0000000000000004, 297.751469373703, 0.1438326233304447, 0.14422665863593132, 0.11450904214896244, 0, [[47, 2, (84093.79744302647, 447214.83417670225)], [115, 2, (84958.38042789267, 446114.9160599387)], [122, 2, (84479.53826509761, 448258.08821578225)], [174, 2, (84526.8630551493, 446834.84144175047)], [197, 2, (83960.24482251628, 448056.80852003145)], [201, 2, (84291.9952908019, 448384.699796393)], [288, 2, (84823.3633878987, 447057.1044207001)], [296, 2, (85097.49577227327, 447300.4242594334)], [298, 2, (85110.21963515294, 447392.9926869467)], [387, 2, (84294.70216276878, 447036.4650717308)], [420, 2, (84784.24761823077, 446243.25799564074)], [423, 2, (84710.88643940697, 446412.802697406)], [431, 2, (84563.13008903325, 446789.1025326329)], [521, 2, (83650.41718289696, 448834.68904687284)], [531, 2, (84404.93085813239, 448203.2089133502)]]]
[3.2, 330.1531825065613, 0.14767652772608852, 0.14808715558149535, 0.11893324110079849, 0, [[47, 2, (84093.79744302647, 447214.83417670225)], [115, 2, (84958.38042789267, 446114.9160599387)], [122, 2, (84479.53826509761, 448258.08821578225)], [174, 2, (84526.8630551493, 446834.84144175047)], [197, 2, (83960.24482251628, 448056.80852003145)], [201, 2, (84291.9952908019, 448384.699796393)], [288, 2, (84823.3633878987, 447057.1044207001)], [296, 2, (85097.49577227327, 447300.4242594334)], [298, 2, (85110.21963515294, 447392.9926869467)], [387, 2, (84294.70216276878, 447036.4650717308)], [420, 2, (84784.24761823077, 446243.25799564074)], [423, 2, (84710.88643940697, 446412.802697406)], [431, 2, (84563.13008903325, 446789.1025326329)], [516, 2, (83708.77295343655, 448604.36077100364)], [521, 2, (83650.41718289696, 448834.68904687284)], [531, 2, (84404.93085813239, 448203.2089133502)]]]
[3.4000000000000004, 374.3553340435028, 0.1512409434251817, 0.15167143805089053, 0.12377684844086319, 0, [[47, 2, (84093.79744302647, 447214.83417670225)], [115, 2, (84958.38042789267, 446114.9160599387)], [122, 2, (84479.53826509761, 448258.08821578225)], [174, 2, (84526.8630551493, 446834.84144175047)], [197, 2, (83960.24482251628, 448056.80852003145)], [201, 2, (84291.9952908019, 448384.699796393)], [288, 2, (84823.3633878987, 447057.1044207001)], [296, 2, (85097.49577227327, 447300.4242594334)], [298, 2, (85110.21963515294, 447392.9926869467)], [387, 2, (84294.70216276878, 447036.4650717308)], [420, 2, (84784.24761823077, 446243.25799564074)], [423, 2, (84710.88643940697, 446412.802697406)], [431, 2, (84563.13008903325, 446789.1025326329)], [460, 2, (85075.14131690701, 447411.1531915332)], [516, 2, (83708.77295343655, 448604.36077100364)], [521, 2, (83650.41718289696, 448834.68904687284)], [531, 2, (84404.93085813239, 448203.2089133502)]]]
[3.6000000000000005, 380.29916429519653, 0.15475601865710698, 0.15520639745935183, 0.12622162276311757, 0, [[47, 2, (84093.79744302647, 447214.83417670225)], [115, 2, (84958.38042789267, 446114.9160599387)], [122, 2, (84479.53826509761, 448258.08821578225)], [174, 2, (84526.8630551493, 446834.84144175047)], [197, 2, (83960.24482251628, 448056.80852003145)], [201, 2, (84291.9952908019, 448384.699796393)], [288, 2, (84823.3633878987, 447057.1044207001)], [296, 2, (85097.49577227327, 447300.4242594334)], [298, 2, (85110.21963515294, 447392.9926869467)], [387, 2, (84294.70216276878, 447036.4650717308)], [389, 2, (84251.80500842612, 447120.71664141165)], [420, 2, (84784.24761823077, 446243.25799564074)], [423, 2, (84710.88643940697, 446412.802697406)], [431, 2, (84563.13008903325, 446789.1025326329)], [460, 2, (85075.14131690701, 447411.1531915332)], [516, 2, (83708.77295343655, 448604.36077100364)], [521, 2, (83650.41718289696, 448834.68904687284)], [531, 2, (84404.93085813239, 448203.2089133502)]]]
[3.8000000000000003, 404.9712860584259, 0.15825691577414316, 0.15872669906521206, 0.12822410040017043, 0, [[47, 2, (84093.79744302647, 447214.83417670225)], [115, 2, (84958.38042789267, 446114.9160599387)], [122, 2, (84479.53826509761, 448258.08821578225)], [174, 2, (84526.8630551493, 446834.84144175047)], [197, 2, (83960.24482251628, 448056.80852003145)], [201, 2, (84291.9952908019, 448384.699796393)], [288, 2, (84823.3633878987, 447057.1044207001)], [296, 2, (85097.49577227327, 447300.4242594334)], [298, 2, (85110.21963515294, 447392.9926869467)], [387, 2, (84294.70216276878, 447036.4650717308)], [389, 2, (84251.80500842612, 447120.71664141165)], [420, 2, (84784.24761823077, 446243.25799564074)], [423, 2, (84710.88643940697, 446412.802697406)], [431, 2, (84563.13008903325, 446789.1025326329)], [460, 2, (85075.14131690701, 447411.1531915332)], [482, 2, (84535.99599837555, 446886.0372700322)], [516, 2, (83708.77295343655, 448604.36077100364)], [521, 2, (83650.41718289696, 448834.68904687284)], [531, 2, (84404.93085813239, 448203.2089133502)]]]
[4.0, 440.18254709243774, 0.16174533662334978, 0.16223420405144034, 0.13218475614810166, 0, [[46, 2, (84057.45199692006, 447189.4312589713)], [47, 2, (84093.79744302647, 447214.83417670225)], [115, 2, (84958.38042789267, 446114.9160599387)], [122, 2, (84479.53826509761, 448258.08821578225)], [174, 2, (84526.8630551493, 446834.84144175047)], [197, 2, (83960.24482251628, 448056.80852003145)], [201, 2, (84291.9952908019, 448384.699796393)], [288, 2, (84823.3633878987, 447057.1044207001)], [296, 2, (85097.49577227327, 447300.4242594334)], [298, 2, (85110.21963515294, 447392.9926869467)], [387, 2, (84294.70216276878, 447036.4650717308)], [389, 2, (84251.80500842612, 447120.71664141165)], [420, 2, (84784.24761823077, 446243.25799564074)], [423, 2, (84710.88643940697, 446412.802697406)], [431, 2, (84563.13008903325, 446789.1025326329)], [460, 2, (85075.14131690701, 447411.1531915332)], [482, 2, (84535.99599837555, 446886.0372700322)], [516, 2, (83708.77295343655, 448604.36077100364)], [521, 2, (83650.41718289696, 448834.68904687284)], [531, 2, (84404.93085813239, 448203.2089133502)]]]
