['budget', 'runtime', 'objective_value', 'flow_caught_optimal', 'flow_caught_fixed_solution', 'flow_impact_area', ['solution']]
[0.2, 20.35984969139099, 0.008536277637750923, 0.024794434487601165, 0.024794434487601148, 0.004059539212462561, [[173, 2, (84297.9523559346, 448378.59882813046)]]]
[0.4, 20.173848628997803, 0.026260157862028757, 0.04253777198756931, 0.040023039393419516, 0.004059403531385141, [[173, 2, (84297.9523559346, 448378.59882813046)], [255, 2, (85097.49577227327, 447300.4242594334)]]]
[0.6000000000000001, 20.11925482749939, 0.040009585856510654, 0.05630774222940716, 0.056090523049405816, 0.004059539093224127, [[106, 2, (84488.119675315, 448263.846577105)], [173, 2, (84297.9523559346, 448378.59882813046)], [255, 2, (85097.49577227327, 447300.4242594334)]]]
[0.8, 20.156850337982178, 0.05354285893443393, 0.06986056734117775, 0.06986056734117782, 0.004059427101685948, [[106, 2, (84488.119675315, 448263.846577105)], [173, 2, (84297.9523559346, 448378.59882813046)], [255, 2, (85097.49577227327, 447300.4242594334)], [366, 2, (84560.50398411034, 446806.73360668455)]]]
[1.0, 20.60184621810913, 0.06353086630136237, 0.0798685747080863, 0.07602600172451343, 0.004059427101680975, [[106, 2, (84488.119675315, 448263.846577105)], [173, 2, (84297.9523559346, 448378.59882813046)], [255, 2, (85097.49577227327, 447300.4242594334)], [366, 2, (84560.50398411034, 446806.73360668455)], [41, 2, (84081.68229432433, 447206.3665374586)]]]
[1.2, 21.545839548110962, 0.07348942734548576, 0.08173112992350859, 0.07874754748905863, 0.0020304256607365954, [[106, 2, (84488.119675315, 448263.846577105)], [122, 2, (84675.58044362559, 447279.7194968731)], [173, 2, (84297.9523559346, 448378.59882813046)], [255, 2, (85097.49577227327, 447300.4242594334)], [366, 2, (84560.50398411034, 446806.73360668455)], [41, 2, (84081.68229432433, 447206.3665374586)]]]
[1.4000000000000001, 21.07484269142151, 0.08214979282862299, 0.09041148642637747, 0.0887555548124996, 0.002030423399438609, [[106, 2, (84488.119675315, 448263.846577105)], [122, 2, (84675.58044362559, 447279.7194968731)], [173, 2, (84297.9523559346, 448378.59882813046)], [255, 2, (85097.49577227327, 447300.4242594334)], [366, 2, (84560.50398411034, 446806.73360668455)], [41, 2, (84081.68229432433, 447206.3665374586)], [94, 2, (84723.53648095099, 446390.32653869694)]]]
[1.6, 23.050827980041504, 0.088660020566458, 0.09694171416421249, 0.09446098148691895, 0.0020304233994386093, [[106, 2, (84488.119675315, 448263.846577105)], [122, 2, (84675.58044362559, 447279.7194968731)], [173, 2, (84297.9523559346, 448378.59882813046)], [255, 2, (85097.49577227327, 447300.4242594334)], [366, 2, (84560.50398411034, 446806.73360668455)], [41, 2, (84081.68229432433, 447206.3665374586)], [441, 2, (83640.41333651874, 448874.17389416473)], [94, 2, (84723.53648095099, 446390.32653869694)]]]
[1.8, 30.756770372390747, 0.09500809324110243, 0.10330978105972549, 0.10069784902541264, 0.002030421954655746, [[106, 2, (84488.119675315, 448263.846577105)], [122, 2, (84675.58044362559, 447279.7194968731)], [173, 2, (84297.9523559346, 448378.59882813046)], [248, 2, (84823.36338789869, 447057.1044207001)], [255, 2, (85097.49577227327, 447300.4242594334)], [366, 2, (84560.50398411034, 446806.73360668455)], [41, 2, (84081.68229432433, 447206.3665374586)], [441, 2, (83640.41333651874, 448874.17389416473)], [94, 2, (84723.53648095099, 446390.32653869694)]]]
[2.0, 36.47772741317749, 0.10074985695340428, 0.10907154477203045, 0.10707210708904585, 0.0020304219546565254, [[106, 2, (84488.119675315, 448263.846577105)], [122, 2, (84675.58044362559, 447279.7194968731)], [173, 2, (84297.9523559346, 448378.59882813046)], [248, 2, (84823.36338789869, 447057.1044207001)], [255, 2, (85097.49577227327, 447300.4242594334)], [366, 2, (84560.50398411034, 446806.73360668455)], [41, 2, (84081.68229432433, 447206.3665374586)], [441, 2, (83640.41333651874, 448874.17389416473)], [449, 2, (84398.64480959202, 448198.7901836679)], [94, 2, (84723.53648095099, 446390.32653869694)]]]
