['budget', 'runtime', 'objective_value', 'flow_caught_optimal', 'flow_caught_fixed_solution', 'flow_impact_area', ['solution']]
[0.2, 21.874788761138916, -0.3064866385740476, 0.024794434344339946, 0.024794434487601148, 1.1042035763946254, [[173, 2, (84297.9523559346, 448378.59882813046)]]]
[0.4, 19.43581247329712, -0.28731027433871864, 0.040023124202838385, 0.040023039393419516, 1.0909779951385232, [[173, 2, (84297.9523559346, 448378.59882813046)], [366, 2, (84560.50398411034, 446806.73360668455)]]]
[0.6000000000000001, 20.218968152999878, -0.2709551371602328, 0.0560905115423659, 0.056090523049405816, 1.0899521623419963, [[173, 2, (84297.9523559346, 448378.59882813046)], [255, 2, (85097.49577227327, 447300.4242594334)], [366, 2, (84560.50398411034, 446806.73360668455)]]]
[0.8, 19.535911083221436, -0.2567569605138878, 0.06986062122987438, 0.06986056734117782, 1.0884586058125396, [[106, 2, (84488.119675315, 448263.846577105)], [173, 2, (84297.9523559346, 448378.59882813046)], [255, 2, (85097.49577227327, 447300.4242594334)], [366, 2, (84560.50398411034, 446806.73360668455)]]]
[1.0, 19.97480869293213, -0.24672700842005693, 0.07986857470089415, 0.07602600172451343, 1.0883186104031695, [[106, 2, (84488.119675315, 448263.846577105)], [173, 2, (84297.9523559346, 448378.59882813046)], [255, 2, (85097.49577227327, 447300.4242594334)], [366, 2, (84560.50398411034, 446806.73360668455)], [41, 2, (84081.68229432433, 447206.3665374586)]]]
[1.2, 21.3618266582489, -0.23790763188334565, 0.08854891431643115, 0.07874754748905863, 1.0877884873325887, [[106, 2, (84488.119675315, 448263.846577105)], [173, 2, (84297.9523559346, 448378.59882813046)], [255, 2, (85097.49577227327, 447300.4242594334)], [366, 2, (84560.50398411034, 446806.73360668455)], [41, 2, (84081.68229432433, 447206.3665374586)], [94, 2, (84723.53648095099, 446390.32653869694)]]]
[1.4000000000000001, 24.069718837738037, -0.22974273575197995, 0.0943164845394523, 0.0887555548124996, 1.0797307343047737, [[106, 2, (84488.119675315, 448263.846577105)], [173, 2, (84297.9523559346, 448378.59882813046)], [255, 2, (85097.49577227327, 447300.4242594334)], [366, 2, (84560.50398411034, 446806.73360668455)], [41, 2, (84081.68229432433, 447206.3665374586)], [449, 2, (84398.64480959202, 448198.7901836679)], [94, 2, (84723.53648095099, 446390.32653869694)]]]
[1.6, 24.44086265563965, -0.2217333677308157, 0.09875573778076377, 0.09446098148691895, 1.0677636850385972, [[106, 2, (84488.119675315, 448263.846577105)], [173, 2, (84297.9523559346, 448378.59882813046)], [255, 2, (85097.49577227327, 447300.4242594334)], [366, 2, (84560.50398411034, 446806.73360668455)], [407, 2, (84535.99599837555, 446886.0372700322)], [41, 2, (84081.68229432433, 447206.3665374586)], [449, 2, (84398.64480959202, 448198.7901836679)], [94, 2, (84723.53648095099, 446390.32653869694)]]]
[1.8, 27.501731872558594, -0.21429186582708099, 0.10334662695445378, 0.10069784902541264, 1.0581949759384488, [[106, 2, (84488.119675315, 448263.846577105)], [170, 2, (83966.94686466253, 448043.71715937485)], [173, 2, (84297.9523559346, 448378.59882813046)], [255, 2, (85097.49577227327, 447300.4242594334)], [366, 2, (84560.50398411034, 446806.73360668455)], [407, 2, (84535.99599837555, 446886.0372700322)], [41, 2, (84081.68229432433, 447206.3665374586)], [449, 2, (84398.64480959202, 448198.7901836679)], [94, 2, (84723.53648095099, 446390.32653869694)]]]
[2.0, 34.85190677642822, -0.2077856717540815, 0.10986993091744601, 0.10707210708904585, 1.0581853422384244, [[106, 2, (84488.119675315, 448263.846577105)], [170, 2, (83966.94686466253, 448043.71715937485)], [173, 2, (84297.9523559346, 448378.59882813046)], [255, 2, (85097.49577227327, 447300.4242594334)], [366, 2, (84560.50398411034, 446806.73360668455)], [407, 2, (84535.99599837555, 446886.0372700322)], [41, 2, (84081.68229432433, 447206.3665374586)], [441, 2, (83640.41333651874, 448874.17389416473)], [449, 2, (84398.64480959202, 448198.7901836679)], [94, 2, (84723.53648095099, 446390.32653869694)]]]
