['budget', 'runtime', 'objective_value', 'flow_caught_optimal', 'flow_caught_fixed_solution', 'flow_impact_area', ['solution']]
[0.2, 21.07484245300293, 0.0044767385423968575, 0.024794434487601172, 0.024794434487601148, 0.004059539189040863, [[173, 2, (84297.9523559346, 448378.59882813046)]]]
[0.4, 20.300851106643677, 0.02219998043995989, 0.04253765195153741, 0.040023039393419516, 0.004059534302315504, [[173, 2, (84297.9523559346, 448378.59882813046)], [255, 2, (85097.49577227327, 447300.4242594334)]]]
[0.6000000000000001, 20.56284523010254, 0.03595004676328653, 0.05630774222940716, 0.056090523049405816, 0.004059539093224127, [[106, 2, (84488.119675315, 448263.846577105)], [173, 2, (84297.9523559346, 448378.59882813046)], [255, 2, (85097.49577227327, 447300.4242594334)]]]
[0.8, 20.768844604492188, 0.049483431832746706, 0.06986056734117779, 0.06986056734117782, 0.004059427101686212, [[106, 2, (84488.119675315, 448263.846577105)], [173, 2, (84297.9523559346, 448378.59882813046)], [255, 2, (85097.49577227327, 447300.4242594334)], [366, 2, (84560.50398411034, 446806.73360668455)]]]
[1.0, 20.90384840965271, 0.061471072428775496, 0.07172320072851232, 0.07602600172451343, 0.0020304256599473647, [[106, 2, (84488.119675315, 448263.846577105)], [122, 2, (84675.58044362559, 447279.7194968731)], [173, 2, (84297.9523559346, 448378.59882813046)], [255, 2, (85097.49577227327, 447300.4242594334)], [366, 2, (84560.50398411034, 446806.73360668455)]]]
[1.2, 21.318840265274048, 0.07145888827307074, 0.08173101657675377, 0.07874754748905863, 0.002030425660736598, [[106, 2, (84488.119675315, 448263.846577105)], [122, 2, (84675.58044362559, 447279.7194968731)], [173, 2, (84297.9523559346, 448378.59882813046)], [255, 2, (85097.49577227327, 447300.4242594334)], [366, 2, (84560.50398411034, 446806.73360668455)], [41, 2, (84081.68229432433, 447206.3665374586)]]]
[1.4000000000000001, 21.418840169906616, 0.08011938009404206, 0.0904114970912353, 0.0887555548124996, 0.002030423399438642, [[106, 2, (84488.119675315, 448263.846577105)], [122, 2, (84675.58044362559, 447279.7194968731)], [173, 2, (84297.9523559346, 448378.59882813046)], [255, 2, (85097.49577227327, 447300.4242594334)], [366, 2, (84560.50398411034, 446806.73360668455)], [41, 2, (84081.68229432433, 447206.3665374586)], [94, 2, (84723.53648095099, 446390.32653869694)]]]
[1.6, 23.667823314666748, 0.08662945924228252, 0.09694157623947564, 0.09446098148691895, 0.002030423399438613, [[106, 2, (84488.119675315, 448263.846577105)], [122, 2, (84675.58044362559, 447279.7194968731)], [173, 2, (84297.9523559346, 448378.59882813046)], [255, 2, (85097.49577227327, 447300.4242594334)], [366, 2, (84560.50398411034, 446806.73360668455)], [41, 2, (84081.68229432433, 447206.3665374586)], [441, 2, (83640.41333651874, 448874.17389416473)], [94, 2, (84723.53648095099, 446390.32653869694)]]]
[1.8, 29.776777744293213, 0.09297766981321845, 0.10330977958650113, 0.10069784902541264, 0.0020304219546565254, [[106, 2, (84488.119675315, 448263.846577105)], [122, 2, (84675.58044362559, 447279.7194968731)], [173, 2, (84297.9523559346, 448378.59882813046)], [248, 2, (84823.36338789869, 447057.1044207001)], [255, 2, (85097.49577227327, 447300.4242594334)], [366, 2, (84560.50398411034, 446806.73360668455)], [41, 2, (84081.68229432433, 447206.3665374586)], [441, 2, (83640.41333651874, 448874.17389416473)], [94, 2, (84723.53648095099, 446390.32653869694)]]]
[2.0, 42.15568566322327, 0.09871943499874776, 0.10907154477203045, 0.10707210708904585, 0.0020304219546565254, [[106, 2, (84488.119675315, 448263.846577105)], [122, 2, (84675.58044362559, 447279.7194968731)], [173, 2, (84297.9523559346, 448378.59882813046)], [248, 2, (84823.36338789869, 447057.1044207001)], [255, 2, (85097.49577227327, 447300.4242594334)], [366, 2, (84560.50398411034, 446806.73360668455)], [41, 2, (84081.68229432433, 447206.3665374586)], [441, 2, (83640.41333651874, 448874.17389416473)], [449, 2, (84398.64480959202, 448198.7901836679)], [94, 2, (84723.53648095099, 446390.32653869694)]]]
