['budget', 'runtime', 'objective_value', 'flow_caught_optimal', 'flow_caught_fixed_solution', 'flow_impact_area', ['solution']]
[0.2, 19.59396266937256, 0.024774433752215896, 0.02479443444214064, 0.024794434487601148, 6.899247401728339, [[173, 2, (84297.9523559346, 448378.59882813046)]]]
[0.4, 19.330965518951416, 0.04249765154517982, 0.04253765221988823, 0.040023039393419516, 6.747084635567559, [[173, 2, (84297.9523559346, 448378.59882813046)], [255, 2, (85097.49577227327, 447300.4242594334)]]]
[0.6000000000000001, 19.425039052963257, 0.05624774155952816, 0.05630774222940716, 0.056090523049405816, 6.698790320630192, [[106, 2, (84488.119675315, 448263.846577105)], [173, 2, (84297.9523559346, 448378.59882813046)], [255, 2, (85097.49577227327, 447300.4242594334)]]]
[0.8, 19.324963808059692, 0.06978056670846776, 0.06986056734117782, 0.06986056734117782, 6.327099667009868, [[106, 2, (84488.119675315, 448263.846577105)], [173, 2, (84297.9523559346, 448378.59882813046)], [255, 2, (85097.49577227327, 447300.4242594334)], [366, 2, (84560.50398411034, 446806.73360668455)]]]
[1.0, 20.499023914337158, 0.07976857407474976, 0.07986857470089415, 0.07602600172451343, 6.261442786392838, [[106, 2, (84488.119675315, 448263.846577105)], [173, 2, (84297.9523559346, 448378.59882813046)], [255, 2, (85097.49577227327, 447300.4242594334)], [366, 2, (84560.50398411034, 446806.73360668455)], [41, 2, (84081.68229432433, 447206.3665374586)]]]
[1.2, 21.01795983314514, 0.08842892102560423, 0.0885489216296447, 0.07874754748905863, 6.10952471071455, [[106, 2, (84488.119675315, 448263.846577105)], [173, 2, (84297.9523559346, 448378.59882813046)], [255, 2, (85097.49577227327, 447300.4242594334)], [366, 2, (84560.50398411034, 446806.73360668455)], [94, 2, (84723.53648095099, 446390.32653869694)]]]
[1.4000000000000001, 21.29396152496338, 0.09493902280098003, 0.09507902339636794, 0.0887555548124996, 5.9538792144840444, [[106, 2, (84488.119675315, 448263.846577105)], [173, 2, (84297.9523559346, 448378.59882813046)], [255, 2, (85097.49577227327, 447300.4242594334)], [366, 2, (84560.50398411034, 446806.73360668455)], [41, 2, (84081.68229432433, 447206.3665374586)], [441, 2, (83640.41333651874, 448874.17389416473)], [94, 2, (84723.53648095099, 446390.32653869694)]]]
[1.6, 22.934959173202515, 0.10128743883347543, 0.10144743941017995, 0.09446098148691895, 5.767044876963808, [[106, 2, (84488.119675315, 448263.846577105)], [173, 2, (84297.9523559346, 448378.59882813046)], [248, 2, (84823.36338789869, 447057.1044207001)], [255, 2, (85097.49577227327, 447300.4242594334)], [366, 2, (84560.50398411034, 446806.73360668455)], [41, 2, (84081.68229432433, 447206.3665374586)], [441, 2, (83640.41333651874, 448874.17389416473)], [94, 2, (84723.53648095099, 446390.32653869694)]]]
[1.8, 32.87795162200928, 0.10702910575749057, 0.10720910633265984, 0.10069784902541264, 5.751692130560783, [[106, 2, (84488.119675315, 448263.846577105)], [173, 2, (84297.9523559346, 448378.59882813046)], [248, 2, (84823.36338789869, 447057.1044207001)], [255, 2, (85097.49577227327, 447300.4242594334)], [366, 2, (84560.50398411034, 446806.73360668455)], [41, 2, (84081.68229432433, 447206.3665374586)], [441, 2, (83640.41333651874, 448874.17389416473)], [449, 2, (84398.64480959202, 448198.7901836679)], [94, 2, (84723.53648095099, 446390.32653869694)]]]
[2.0, 45.44691443443298, 0.11227529224999258, 0.11247529281966967, 0.10707210708904585, 5.6967701018639945, [[106, 2, (84488.119675315, 448263.846577105)], [173, 2, (84297.9523559346, 448378.59882813046)], [248, 2, (84823.36338789869, 447057.1044207001)], [255, 2, (85097.49577227327, 447300.4242594334)], [366, 2, (84560.50398411034, 446806.73360668455)], [41, 2, (84081.68229432433, 447206.3665374586)], [441, 2, (83640.41333651874, 448874.17389416473)], [449, 2, (84398.64480959202, 448198.7901836679)], [94, 2, (84723.53648095099, 446390.32653869694)], [99, 2, (84958.38042789267, 446114.9160599387)]]]
