['budget', 'runtime', 'objective_value', 'flow_caught_optimal', 'flow_caught_fixed_solution', 'flow_impact_area', ['solution']]
[0.2, 22.61516046524048, -0.05499409779982297, 0.024794434487601155, 0.024794434487601148, 6.899251061526308, [[173, 2, (84297.9523559346, 448378.59882813046)]]]
[0.4, 20.16723132133484, -0.035321664653662745, 0.04002303939341951, 0.040023039393419516, 6.513170600440709, [[173, 2, (84297.9523559346, 448378.59882813046)], [366, 2, (84560.50398411034, 446806.73360668455)]]]
[0.6000000000000001, 20.495803594589233, -0.01768124107700173, 0.05609052304940287, 0.056090523049405816, 6.375395814776076, [[173, 2, (84297.9523559346, 448378.59882813046)], [255, 2, (85097.49577227327, 447300.4242594334)], [366, 2, (84560.50398411034, 446806.73360668455)]]]
[0.8, 21.612791538238525, -0.0033728009842780692, 0.06986056734117713, 0.06986056734117782, 6.327099667009798, [[106, 2, (84488.119675315, 448263.846577105)], [173, 2, (84297.9523559346, 448378.59882813046)], [255, 2, (85097.49577227327, 447300.4242594334)], [366, 2, (84560.50398411034, 446806.73360668455)]]]
[1.0, 23.976841688156128, 0.007374325438461165, 0.07986857470089122, 0.07602600172451343, 6.261442786392647, [[106, 2, (84488.119675315, 448263.846577105)], [173, 2, (84297.9523559346, 448378.59882813046)], [255, 2, (85097.49577227327, 447300.4242594334)], [366, 2, (84560.50398411034, 446806.73360668455)], [41, 2, (84081.68229432433, 447206.3665374586)]]]
[1.2, 25.936752319335938, 0.017791132026566174, 0.08854891141837391, 0.07874754748905863, 6.109524150410155, [[106, 2, (84488.119675315, 448263.846577105)], [173, 2, (84297.9523559346, 448378.59882813046)], [255, 2, (85097.49577227327, 447300.4242594334)], [366, 2, (84560.50398411034, 446806.73360668455)], [41, 2, (84081.68229432433, 447206.3665374586)], [94, 2, (84723.53648095099, 446390.32653869694)]]]
[1.4000000000000001, 27.91973090171814, 0.026403925536370217, 0.09440855963284614, 0.0887555548124996, 5.869672355799661, [[106, 2, (84488.119675315, 448263.846577105)], [173, 2, (84297.9523559346, 448378.59882813046)], [255, 2, (85097.49577227327, 447300.4242594334)], [366, 2, (84560.50398411034, 446806.73360668455)], [41, 2, (84081.68229432433, 447206.3665374586)], [436, 2, (83707.10564570686, 448610.9415788856)], [94, 2, (84723.53648095099, 446390.32653869694)]]]
[1.6, 43.786277294158936, 0.03491289548137103, 0.1007772742212262, 0.09446098148691895, 5.682829955232079, [[106, 2, (84488.119675315, 448263.846577105)], [173, 2, (84297.9523559346, 448378.59882813046)], [248, 2, (84823.36338789869, 447057.1044207001)], [255, 2, (85097.49577227327, 447300.4242594334)], [366, 2, (84560.50398411034, 446806.73360668455)], [41, 2, (84081.68229432433, 447206.3665374586)], [436, 2, (83707.10564570686, 448610.9415788856)], [94, 2, (84723.53648095099, 446390.32653869694)]]]
[1.8, 48.40253186225891, 0.04185270500185901, 0.10334455097106757, 0.10069784902541264, 5.302915902514199, [[106, 2, (84488.119675315, 448263.846577105)], [173, 2, (84297.9523559346, 448378.59882813046)], [181, 2, (84206.12511044319, 448417.32145396847)], [248, 2, (84823.36338789869, 447057.1044207001)], [255, 2, (85097.49577227327, 447300.4242594334)], [366, 2, (84560.50398411034, 446806.73360668455)], [41, 2, (84081.68229432433, 447206.3665374586)], [436, 2, (83707.10564570686, 448610.9415788856)], [94, 2, (84723.53648095099, 446390.32653869694)]]]
[2.0, 71.61096477508545, 0.04797906917557737, 0.10831073455021886, 0.10707210708904585, 5.200841036820038, [[106, 2, (84488.119675315, 448263.846577105)], [173, 2, (84297.9523559346, 448378.59882813046)], [181, 2, (84206.12511044319, 448417.32145396847)], [248, 2, (84823.36338789869, 447057.1044207001)], [255, 2, (85097.49577227327, 447300.4242594334)], [357, 2, (84789.23182051706, 446232.81064349157)], [366, 2, (84560.50398411034, 446806.73360668455)], [41, 2, (84081.68229432433, 447206.3665374586)], [436, 2, (83707.10564570686, 448610.9415788856)], [94, 2, (84723.53648095099, 446390.32653869694)]]]
