['budget', 'runtime', 'objective_value', 'flow_caught_optimal', 'flow_caught_fixed_solution', 'flow_impact_area', ['solution']]
[0.2, 20.084518671035767, -0.05513424711610555, 0.02508516932159632, 0.025085169321596386, 0, [[173, 2, (84297.9523559346, 448378.59882813046)]]]
[0.4, 19.272863388061523, -0.03519268618671358, 0.040521910261328994, 0.04052191026132902, 0, [[173, 2, (84297.9523559346, 448378.59882813046)], [366, 2, (84560.50398411034, 446806.73360668455)]]]
[0.6000000000000001, 19.72246265411377, -0.017844679485310405, 0.05632332768325528, 0.05632330794981919, 0, [[173, 2, (84297.9523559346, 448378.59882813046)], [255, 2, (85097.49577227327, 447300.4242594334)], [366, 2, (84560.50398411034, 446806.73360668455)]]]
[0.8, 20.229971170425415, -0.003052357199073671, 0.07055840793831826, 0.07055840793831863, 0, [[106, 2, (84488.119675315, 448263.846577105)], [173, 2, (84297.9523559346, 448378.59882813046)], [255, 2, (85097.49577227327, 447300.4242594334)], [366, 2, (84560.50398411034, 446806.73360668455)]]]
[1.0, 21.970582008361816, 0.007513950413329296, 0.0803983448293331, 0.08039834482933295, 0, [[106, 2, (84488.119675315, 448263.846577105)], [173, 2, (84297.9523559346, 448378.59882813046)], [255, 2, (85097.49577227327, 447300.4242594334)], [366, 2, (84560.50398411034, 446806.73360668455)], [41, 2, (84081.68229432433, 447206.3665374586)]]]
[1.2, 22.91779088973999, 0.017620933755357136, 0.08882100820905955, 0.08882100820905965, 0, [[106, 2, (84488.119675315, 448263.846577105)], [173, 2, (84297.9523559346, 448378.59882813046)], [255, 2, (85097.49577227327, 447300.4242594334)], [366, 2, (84560.50398411034, 446806.73360668455)], [41, 2, (84081.68229432433, 447206.3665374586)], [94, 2, (84723.53648095099, 446390.32653869694)]]]
[1.4000000000000001, 31.825125455856323, 0.026472063964142516, 0.09484257020549236, 0.09484201465304118, 0, [[106, 2, (84488.119675315, 448263.846577105)], [173, 2, (84297.9523559346, 448378.59882813046)], [255, 2, (85097.49577227327, 447300.4242594334)], [366, 2, (84560.50398411034, 446806.73360668455)], [41, 2, (84081.68229432433, 447206.3665374586)], [436, 2, (83707.10564570686, 448610.9415788856)], [94, 2, (84723.53648095099, 446390.32653869694)]]]
[1.6, 51.49825954437256, 0.034919679841284586, 0.10116536948178476, 0.10116526937916723, 0, [[106, 2, (84488.119675315, 448263.846577105)], [173, 2, (84297.9523559346, 448378.59882813046)], [248, 2, (84823.36338789869, 447057.1044207001)], [255, 2, (85097.49577227327, 447300.4242594334)], [366, 2, (84560.50398411034, 446806.73360668455)], [41, 2, (84081.68229432433, 447206.3665374586)], [436, 2, (83707.10564570686, 448610.9415788856)], [94, 2, (84723.53648095099, 446390.32653869694)]]]
[1.8, 74.5748553276062, 0.04190006310175077, 0.10374757220539745, 0.10374757220539753, 0, [[106, 2, (84488.119675315, 448263.846577105)], [173, 2, (84297.9523559346, 448378.59882813046)], [181, 2, (84206.12511044319, 448417.32145396847)], [248, 2, (84823.36338789869, 447057.1044207001)], [255, 2, (85097.49577227327, 447300.4242594334)], [366, 2, (84560.50398411034, 446806.73360668455)], [41, 2, (84081.68229432433, 447206.3665374586)], [436, 2, (83707.10564570686, 448610.9415788856)], [94, 2, (84723.53648095099, 446390.32653869694)]]]
[2.0, 50.43468356132507, 0.048311991996742354, 0.10894449917498916, 0.10894449917498925, 0, [[106, 2, (84488.119675315, 448263.846577105)], [173, 2, (84297.9523559346, 448378.59882813046)], [181, 2, (84206.12511044319, 448417.32145396847)], [248, 2, (84823.36338789869, 447057.1044207001)], [255, 2, (85097.49577227327, 447300.4242594334)], [357, 2, (84789.23182051706, 446232.81064349157)], [366, 2, (84560.50398411034, 446806.73360668455)], [41, 2, (84081.68229432433, 447206.3665374586)], [436, 2, (83707.10564570686, 448610.9415788856)], [94, 2, (84723.53648095099, 446390.32653869694)]]]
