['budget', 'runtime', 'objective_value', 'flow_caught_optimal', 'flow_caught_fixed_solution', 'flow_impact_area', ['solution']]
[0.2, 19.79423713684082, -0.056266308355662306, 0.023243612924523236, 0.023243612924523246, 0, [[173, 2, (84297.9523559346, 448378.59882813046)]]]
[0.4, 19.571648836135864, -0.03652716920693662, 0.038523816357067545, 0.03852381635706757, 0, [[173, 2, (84297.9523559346, 448378.59882813046)], [366, 2, (84560.50398411034, 446806.73360668455)]]]
[0.6000000000000001, 19.500004529953003, -0.018883539328849074, 0.05459420155781109, 0.05459420155781021, 0, [[173, 2, (84297.9523559346, 448378.59882813046)], [255, 2, (85097.49577227327, 447300.4242594334)], [366, 2, (84560.50398411034, 446806.73360668455)]]]
[0.8, 19.9548077583313, -0.003704125681452134, 0.06920110325078965, 0.0692011039692206, 0, [[106, 2, (84488.119675315, 448263.846577105)], [173, 2, (84297.9523559346, 448378.59882813046)], [255, 2, (85097.49577227327, 447300.4242594334)], [366, 2, (84560.50398411034, 446806.73360668455)]]]
[1.0, 21.82502841949463, 0.006617682310329065, 0.07780258746755019, 0.07789458607295813, 0, [[106, 2, (84488.119675315, 448263.846577105)], [173, 2, (84297.9523559346, 448378.59882813046)], [255, 2, (85097.49577227327, 447300.4242594334)], [366, 2, (84560.50398411034, 446806.73360668455)], [94, 2, (84723.53648095099, 446390.32653869694)]]]
[1.2, 22.893909215927124, 0.015950716178340773, 0.08649618766968625, 0.0864960695541102, 0, [[106, 2, (84488.119675315, 448263.846577105)], [173, 2, (84297.9523559346, 448378.59882813046)], [255, 2, (85097.49577227327, 447300.4242594334)], [366, 2, (84560.50398411034, 446806.73360668455)], [41, 2, (84081.68229432433, 447206.3665374586)], [94, 2, (84723.53648095099, 446390.32653869694)]]]
[1.4000000000000001, 28.297596216201782, 0.025040839448645654, 0.09267981444924495, 0.0926797294817192, 0, [[106, 2, (84488.119675315, 448263.846577105)], [173, 2, (84297.9523559346, 448378.59882813046)], [255, 2, (85097.49577227327, 447300.4242594334)], [366, 2, (84560.50398411034, 446806.73360668455)], [41, 2, (84081.68229432433, 447206.3665374586)], [436, 2, (83707.10564570686, 448610.9415788856)], [94, 2, (84723.53648095099, 446390.32653869694)]]]
[1.6, 54.780117988586426, 0.03374637565955096, 0.09919532846845511, 0.09919519406689337, 0, [[106, 2, (84488.119675315, 448263.846577105)], [173, 2, (84297.9523559346, 448378.59882813046)], [248, 2, (84823.36338789869, 447057.1044207001)], [255, 2, (85097.49577227327, 447300.4242594334)], [366, 2, (84560.50398411034, 446806.73360668455)], [41, 2, (84081.68229432433, 447206.3665374586)], [436, 2, (83707.10564570686, 448610.9415788856)], [94, 2, (84723.53648095099, 446390.32653869694)]]]
[1.8, 91.49767446517944, 0.040492782112749995, 0.10261454909133277, 0.10166507836801278, 0, [[106, 2, (84488.119675315, 448263.846577105)], [173, 2, (84297.9523559346, 448378.59882813046)], [181, 2, (84206.12511044319, 448417.32145396847)], [248, 2, (84823.36338789869, 447057.1044207001)], [255, 2, (85097.49577227327, 447300.4242594334)], [366, 2, (84560.50398411034, 446806.73360668455)], [41, 2, (84081.68229432433, 447206.3665374586)], [441, 2, (83640.41333651874, 448874.17389416473)], [94, 2, (84723.53648095099, 446390.32653869694)]]]
[2.0, 126.59792160987854, 0.046922103005858085, 0.10782552860185586, 0.10687605787853588, 0, [[106, 2, (84488.119675315, 448263.846577105)], [173, 2, (84297.9523559346, 448378.59882813046)], [181, 2, (84206.12511044319, 448417.32145396847)], [248, 2, (84823.36338789869, 447057.1044207001)], [255, 2, (85097.49577227327, 447300.4242594334)], [357, 2, (84789.23182051706, 446232.81064349157)], [366, 2, (84560.50398411034, 446806.73360668455)], [41, 2, (84081.68229432433, 447206.3665374586)], [441, 2, (83640.41333651874, 448874.17389416473)], [94, 2, (84723.53648095099, 446390.32653869694)]]]
