['budget', 'runtime', 'objective_value', 'flow_caught_optimal', 'flow_caught_fixed_solution', 'flow_impact_area', ['solution']]
[0.2, 20.222004890441895, -0.05445879110620547, 0.024851717609263076, 0.024851717609263073, 0, [[173, 2, (84297.9523559346, 448378.59882813046)]]]
[0.4, 19.40681505203247, -0.03529698508639543, 0.039685438005753707, 0.03968543800575375, 0, [[173, 2, (84297.9523559346, 448378.59882813046)], [366, 2, (84560.50398411034, 446806.73360668455)]]]
[0.6000000000000001, 19.708728790283203, -0.018435500313002274, 0.05504424794251102, 0.05504424794251106, 0, [[173, 2, (84297.9523559346, 448378.59882813046)], [255, 2, (85097.49577227327, 447300.4242594334)], [366, 2, (84560.50398411034, 446806.73360668455)]]]
[0.8, 20.28278636932373, -0.0036041101898314064, 0.06931685295477209, 0.06931681776247742, 0, [[106, 2, (84488.119675315, 448263.846577105)], [173, 2, (84297.9523559346, 448378.59882813046)], [255, 2, (85097.49577227327, 447300.4242594334)], [366, 2, (84560.50398411034, 446806.73360668455)]]]
[1.0, 22.157359838485718, 0.006436906006300779, 0.07866854114646998, 0.07866854114647001, 0, [[106, 2, (84488.119675315, 448263.846577105)], [173, 2, (84297.9523559346, 448378.59882813046)], [255, 2, (85097.49577227327, 447300.4242594334)], [366, 2, (84560.50398411034, 446806.73360668455)], [41, 2, (84081.68229432433, 447206.3665374586)]]]
[1.2, 23.09714150428772, 0.016355947520842233, 0.0869348465832943, 0.08693483544122815, 0, [[106, 2, (84488.119675315, 448263.846577105)], [173, 2, (84297.9523559346, 448378.59882813046)], [255, 2, (85097.49577227327, 447300.4242594334)], [366, 2, (84560.50398411034, 446806.73360668455)], [41, 2, (84081.68229432433, 447206.3665374586)], [94, 2, (84723.53648095099, 446390.32653869694)]]]
[1.4000000000000001, 27.794119834899902, 0.025140155776538435, 0.0929108839556398, 0.09291082857327004, 0, [[106, 2, (84488.119675315, 448263.846577105)], [173, 2, (84297.9523559346, 448378.59882813046)], [255, 2, (85097.49577227327, 447300.4242594334)], [366, 2, (84560.50398411034, 446806.73360668455)], [41, 2, (84081.68229432433, 447206.3665374586)], [436, 2, (83707.10564570686, 448610.9415788856)], [94, 2, (84723.53648095099, 446390.32653869694)]]]
[1.6, 98.47290468215942, 0.03376940139208331, 0.09936941082940695, 0.09936941082940706, 0, [[106, 2, (84488.119675315, 448263.846577105)], [173, 2, (84297.9523559346, 448378.59882813046)], [248, 2, (84823.36338789869, 447057.1044207001)], [255, 2, (85097.49577227327, 447300.4242594334)], [366, 2, (84560.50398411034, 446806.73360668455)], [41, 2, (84081.68229432433, 447206.3665374586)], [436, 2, (83707.10564570686, 448610.9415788856)], [94, 2, (84723.53648095099, 446390.32653869694)]]]
[1.8, 81.45708799362183, 0.04059354053950904, 0.1018941825351326, 0.10189385551091451, 0, [[106, 2, (84488.119675315, 448263.846577105)], [173, 2, (84297.9523559346, 448378.59882813046)], [181, 2, (84206.12511044319, 448417.32145396847)], [248, 2, (84823.36338789869, 447057.1044207001)], [255, 2, (85097.49577227327, 447300.4242594334)], [366, 2, (84560.50398411034, 446806.73360668455)], [41, 2, (84081.68229432433, 447206.3665374586)], [436, 2, (83707.10564570686, 448610.9415788856)], [94, 2, (84723.53648095099, 446390.32653869694)]]]
[2.0, 456.47784209251404, 0.04689294667109591, 0.10700024469943818, 0.10700024469943827, 0, [[106, 2, (84488.119675315, 448263.846577105)], [173, 2, (84297.9523559346, 448378.59882813046)], [181, 2, (84206.12511044319, 448417.32145396847)], [248, 2, (84823.36338789869, 447057.1044207001)], [255, 2, (85097.49577227327, 447300.4242594334)], [357, 2, (84789.23182051706, 446232.81064349157)], [366, 2, (84560.50398411034, 446806.73360668455)], [41, 2, (84081.68229432433, 447206.3665374586)], [436, 2, (83707.10564570686, 448610.9415788856)], [94, 2, (84723.53648095099, 446390.32653869694)]]]
