['budget', 'runtime', 'objective_value', 'flow_caught_optimal', 'flow_caught_fixed_solution', 'flow_impact_area', ['solution']]
[0.2, 6.716537714004517, 0.01981091296976688, 0.019977418849773516, 0.019977418849733572, 0, [[70, 2, (84511.71855341281, 448279.6820707427)]]]
[0.4, 9.395125389099121, 0.038223142163251705, 0.038402106543323475, 0.03840210802340533, 0, [[226, 2, (84560.50398411034, 446806.73360668455)], [70, 2, (84511.71855341281, 448279.6820707427)]]]
[0.6000000000000001, 5.217083692550659, 0.05082267775676648, 0.0510201296514441, 0.049357155839656046, 0, [[163, 2, (85103.85770371312, 447346.7084731901)], [226, 2, (84560.50398411034, 446806.73360668455)], [70, 2, (84511.71855341281, 448279.6820707427)]]]
[0.8, 5.6748387813568115, 0.06176701439594102, 0.061975176293725065, 0.06197517629376946, 0, [[114, 2, (84321.7806164654, 448354.19495508034)], [163, 2, (85103.85770371312, 447346.7084731901)], [226, 2, (84560.50398411034, 446806.73360668455)], [70, 2, (84511.71855341281, 448279.6820707427)]]]
[1.0, 6.750161647796631, 0.07175943585956789, 0.07198595569972502, 0.07198581547263623, 0, [[114, 2, (84321.7806164654, 448354.19495508034)], [163, 2, (85103.85770371312, 447346.7084731901)], [226, 2, (84560.50398411034, 446806.73360668455)], [26, 2, (84057.45199692005, 447189.4312589713)], [70, 2, (84511.71855341281, 448279.6820707427)]]]
[1.2, 5.857804536819458, 0.08092387148047311, 0.08116732589883287, 0.08116732589891185, 0, [[114, 2, (84321.7806164654, 448354.19495508034)], [163, 2, (85103.85770371312, 447346.7084731901)], [226, 2, (84560.50398411034, 446806.73360668455)], [26, 2, (84057.45199692005, 447189.4312589713)], [62, 2, (84734.4069749831, 446364.3296949315)], [70, 2, (84511.71855341281, 448279.6820707427)]]]
[1.4000000000000001, 6.048151016235352, 0.08807383492566802, 0.08833682525226177, 0.08833379920131396, 0, [[114, 2, (84321.7806164654, 448354.19495508034)], [163, 2, (85103.85770371312, 447346.7084731901)], [206, 2, (84273.25358559746, 447078.5908565712)], [226, 2, (84560.50398411034, 446806.73360668455)], [26, 2, (84057.45199692005, 447189.4312589713)], [62, 2, (84734.4069749831, 446364.3296949315)], [70, 2, (84511.71855341281, 448279.6820707427)]]]
[1.6, 7.106234073638916, 0.09439194587933354, 0.0946744911350244, 0.094671465083221, 0, [[114, 2, (84321.7806164654, 448354.19495508034)], [163, 2, (85103.85770371312, 447346.7084731901)], [206, 2, (84273.25358559746, 447078.5908565712)], [226, 2, (84560.50398411034, 446806.73360668455)], [26, 2, (84057.45199692005, 447189.4312589713)], [270, 2, (84376.6436397008, 448183.32462977996)], [62, 2, (84734.4069749831, 446364.3296949315)], [70, 2, (84511.71855341281, 448279.6820707427)]]]
[1.8, 7.573383331298828, 0.1006650136239139, 0.10096507189017291, 0.10047226211188241, 0, [[114, 2, (84321.7806164654, 448354.19495508034)], [161, 2, (85014.62799713778, 447197.8441528263)], [163, 2, (85103.85770371312, 447346.7084731901)], [206, 2, (84273.25358559746, 447078.5908565712)], [226, 2, (84560.50398411034, 446806.73360668455)], [26, 2, (84057.45199692005, 447189.4312589713)], [270, 2, (84376.6436397008, 448183.32462977996)], [62, 2, (84734.4069749831, 446364.3296949315)], [70, 2, (84511.71855341281, 448279.6820707427)]]]
[2.0, 11.744269132614136, 0.10644155980961556, 0.10676123136251016, 0.10676123136259535, 0, [[114, 2, (84321.7806164654, 448354.19495508034)], [161, 2, (85014.62799713778, 447197.8441528263)], [163, 2, (85103.85770371312, 447346.7084731901)], [207, 2, (84230.3564312548, 447162.8424262521)], [226, 2, (84560.50398411034, 446806.73360668455)], [26, 2, (84057.45199692005, 447189.4312589713)], [270, 2, (84376.6436397008, 448183.32462977996)], [31, 2, (84318.82415941388, 446995.7004732543)], [62, 2, (84734.4069749831, 446364.3296949315)], [70, 2, (84511.71855341281, 448279.6820707427)]]]
[2.2, 10.679671049118042, 0.11191973344514748, 0.11225618962379226, 0.11225618962388074, 0, [[114, 2, (84321.7806164654, 448354.19495508034)], [161, 2, (85014.62799713778, 447197.8441528263)], [163, 2, (85103.85770371312, 447346.7084731901)], [207, 2, (84230.3564312548, 447162.8424262521)], [226, 2, (84560.50398411034, 446806.73360668455)], [26, 2, (84057.45199692005, 447189.4312589713)], [262, 2, (83752.93210630848, 448501.4754733475)], [270, 2, (84376.6436397008, 448183.32462977996)], [31, 2, (84318.82415941388, 446995.7004732543)], [62, 2, (84734.4069749831, 446364.3296949315)], [70, 2, (84511.71855341281, 448279.6820707427)]]]
[2.4000000000000004, 10.432363986968994, 0.11721280278312649, 0.11756886575692765, 0.11754723890450454, 0, [[114, 2, (84321.7806164654, 448354.19495508034)], [161, 2, (85014.62799713778, 447197.8441528263)], [163, 2, (85103.85770371312, 447346.7084731901)], [207, 2, (84230.3564312548, 447162.8424262521)], [226, 2, (84560.50398411034, 446806.73360668455)], [239, 2, (85032.16813787172, 447385.608266497)], [26, 2, (84057.45199692005, 447189.4312589713)], [262, 2, (83752.93210630848, 448501.4754733475)], [270, 2, (84376.6436397008, 448183.32462977996)], [31, 2, (84318.82415941388, 446995.7004732543)], [62, 2, (84734.4069749831, 446364.3296949315)], [70, 2, (84511.71855341281, 448279.6820707427)]]]
[2.6000000000000005, 1408.5572066307068, 0.12248407728932097, 0.12285978493760345, 0.1226478988450135, 0, [[114, 2, (84321.7806164654, 448354.19495508034)], [161, 2, (85014.62799713778, 447197.8441528263)], [163, 2, (85103.85770371312, 447346.7084731901)], [205, 2, (84316.15073994012, 446994.3392868904)], [207, 2, (84230.3564312548, 447162.8424262521)], [226, 2, (84560.50398411034, 446806.73360668455)], [239, 2, (85032.16813787172, 447385.608266497)], [26, 2, (84057.45199692005, 447189.4312589713)], [262, 2, (83752.93210630848, 448501.4754733475)], [270, 2, (84376.6436397008, 448183.32462977996)], [31, 2, (84318.82415941388, 446995.7004732543)], [62, 2, (84734.4069749831, 446364.3296949315)], [70, 2, (84511.71855341281, 448279.6820707427)]]]
[2.8000000000000003, 38.041510820388794, 0.12745886556899855, 0.12785323530498102, 0.12752534205310345, 0, [[114, 2, (84321.7806164654, 448354.19495508034)], [161, 2, (85014.62799713778, 447197.8441528263)], [163, 2, (85103.85770371312, 447346.7084731901)], [205, 2, (84316.15073994012, 446994.3392868904)], [207, 2, (84230.3564312548, 447162.8424262521)], [226, 2, (84560.50398411034, 446806.73360668455)], [239, 2, (85032.16813787172, 447385.608266497)], [26, 2, (84057.45199692005, 447189.4312589713)], [262, 2, (83752.93210630848, 448501.4754733475)], [270, 2, (84376.6436397008, 448183.32462977996)], [31, 2, (84318.82415941388, 446995.7004732543)], [62, 2, (84734.4069749831, 446364.3296949315)], [70, 2, (84511.71855341281, 448279.6820707427)], [99, 2, (84512.49811524196, 446822.22776476404)]]]
[3.0000000000000004, 108.08894538879395, 0.13231658650174935, 0.1327306471773413, 0.13240014345771242, 0, [[104, 2, (84740.8489725257, 447494.64730339433)], [114, 2, (84321.7806164654, 448354.19495508034)], [161, 2, (85014.62799713778, 447197.8441528263)], [163, 2, (85103.85770371312, 447346.7084731901)], [205, 2, (84316.15073994012, 446994.3392868904)], [207, 2, (84230.3564312548, 447162.8424262521)], [226, 2, (84560.50398411034, 446806.73360668455)], [239, 2, (85032.16813787172, 447385.608266497)], [26, 2, (84057.45199692005, 447189.4312589713)], [262, 2, (83752.93210630848, 448501.4754733475)], [270, 2, (84376.6436397008, 448183.32462977996)], [31, 2, (84318.82415941388, 446995.7004732543)], [62, 2, (84734.4069749831, 446364.3296949315)], [70, 2, (84511.71855341281, 448279.6820707427)], [99, 2, (84512.49811524196, 446822.22776476404)]]]
[3.2, 150.2315866947174, 0.13717273517744347, 0.13760648467460646, 0.1372605525330236, 0, [[104, 2, (84740.8489725257, 447494.64730339433)], [114, 2, (84321.7806164654, 448354.19495508034)], [161, 2, (85014.62799713778, 447197.8441528263)], [163, 2, (85103.85770371312, 447346.7084731901)], [205, 2, (84316.15073994012, 446994.3392868904)], [207, 2, (84230.3564312548, 447162.8424262521)], [226, 2, (84560.50398411034, 446806.73360668455)], [239, 2, (85032.16813787172, 447385.608266497)], [242, 2, (84327.3224162179, 447843.85148106195)], [26, 2, (84057.45199692005, 447189.4312589713)], [262, 2, (83752.93210630848, 448501.4754733475)], [270, 2, (84376.6436397008, 448183.32462977996)], [31, 2, (84318.82415941388, 446995.7004732543)], [62, 2, (84734.4069749831, 446364.3296949315)], [70, 2, (84511.71855341281, 448279.6820707427)], [99, 2, (84512.49811524196, 446822.22776476404)]]]
[3.4000000000000004, 29.632291316986084, 0.142009616024122, 0.1424621527444394, 0.1424621527445339, 0, [[104, 2, (84740.8489725257, 447494.64730339433)], [114, 2, (84321.7806164654, 448354.19495508034)], [161, 2, (85014.62799713778, 447197.8441528263)], [163, 2, (85103.85770371312, 447346.7084731901)], [205, 2, (84316.15073994012, 446994.3392868904)], [207, 2, (84230.3564312548, 447162.8424262521)], [226, 2, (84560.50398411034, 446806.73360668455)], [239, 2, (85032.16813787172, 447385.608266497)], [242, 2, (84327.3224162179, 447843.85148106195)], [26, 2, (84057.45199692005, 447189.4312589713)], [262, 2, (83752.93210630848, 448501.4754733475)], [270, 2, (84376.6436397008, 448183.32462977996)], [31, 2, (84318.82415941388, 446995.7004732543)], [62, 2, (84734.4069749831, 446364.3296949315)], [65, 2, (84935.46094662073, 446105.53507511714)], [70, 2, (84511.71855341281, 448279.6820707427)], [99, 2, (84512.49811524196, 446822.22776476404)]]]
[3.6000000000000005, 461.8183889389038, 0.14677622966090284, 0.147248310924207, 0.14710878182813408, 0, [[104, 2, (84740.8489725257, 447494.64730339433)], [112, 2, (83980.35094895505, 448017.53443806164)], [114, 2, (84321.7806164654, 448354.19495508034)], [161, 2, (85014.62799713778, 447197.8441528263)], [163, 2, (85103.85770371312, 447346.7084731901)], [205, 2, (84316.15073994012, 446994.3392868904)], [207, 2, (84230.3564312548, 447162.8424262521)], [226, 2, (84560.50398411034, 446806.73360668455)], [239, 2, (85032.16813787172, 447385.608266497)], [242, 2, (84327.3224162179, 447843.85148106195)], [26, 2, (84057.45199692005, 447189.4312589713)], [262, 2, (83752.93210630848, 448501.4754733475)], [270, 2, (84376.6436397008, 448183.32462977996)], [31, 2, (84318.82415941388, 446995.7004732543)], [62, 2, (84734.4069749831, 446364.3296949315)], [65, 2, (84935.46094662073, 446105.53507511714)], [70, 2, (84511.71855341281, 448279.6820707427)], [99, 2, (84512.49811524196, 446822.22776476404)]]]
[3.8000000000000003, 390.94752383232117, 0.15140315481318298, 0.15189493998927178, 0.15189493998936737, 0, [[104, 2, (84740.8489725257, 447494.64730339433)], [112, 2, (83980.35094895505, 448017.53443806164)], [114, 2, (84321.7806164654, 448354.19495508034)], [161, 2, (85014.62799713778, 447197.8441528263)], [163, 2, (85103.85770371312, 447346.7084731901)], [205, 2, (84316.15073994012, 446994.3392868904)], [207, 2, (84230.3564312548, 447162.8424262521)], [226, 2, (84560.50398411034, 446806.73360668455)], [239, 2, (85032.16813787172, 447385.608266497)], [242, 2, (84327.3224162179, 447843.85148106195)], [26, 2, (84057.45199692005, 447189.4312589713)], [262, 2, (83752.93210630848, 448501.4754733475)], [270, 2, (84376.6436397008, 448183.32462977996)], [279, 2, (84668.5749869018, 447597.5261040959)], [31, 2, (84318.82415941388, 446995.7004732543)], [62, 2, (84734.4069749831, 446364.3296949315)], [65, 2, (84935.46094662073, 446105.53507511714)], [70, 2, (84511.71855341281, 448279.6820707427)], [99, 2, (84512.49811524196, 446822.22776476404)]]]
[4.0, 479.2468626499176, 0.15589638723336557, 0.1564079061012494, 0.15615482405873587, 0, [[104, 2, (84740.8489725257, 447494.64730339433)], [112, 2, (83980.35094895505, 448017.53443806164)], [114, 2, (84321.7806164654, 448354.19495508034)], [161, 2, (85014.62799713778, 447197.8441528263)], [163, 2, (85103.85770371312, 447346.7084731901)], [205, 2, (84316.15073994012, 446994.3392868904)], [207, 2, (84230.3564312548, 447162.8424262521)], [226, 2, (84560.50398411034, 446806.73360668455)], [239, 2, (85032.16813787172, 447385.608266497)], [242, 2, (84327.3224162179, 447843.85148106195)], [26, 2, (84057.45199692005, 447189.4312589713)], [262, 2, (83752.93210630848, 448501.4754733475)], [270, 2, (84376.6436397008, 448183.32462977996)], [279, 2, (84668.5749869018, 447597.5261040959)], [31, 2, (84318.82415941388, 446995.7004732543)], [49, 2, (84272.60498463939, 447595.0860036524)], [62, 2, (84734.4069749831, 446364.3296949315)], [65, 2, (84935.46094662073, 446105.53507511714)], [70, 2, (84511.71855341281, 448279.6820707427)], [99, 2, (84512.49811524196, 446822.22776476404)]]]
