['budget', 'runtime', 'objective_value', 'flow_caught_optimal', 'flow_caught_fixed_solution', 'flow_impact_area', ['solution']]
[0.2, 20.20881414413452, -0.0473678058532044, 0.016276049482075367, 0.0167788170592915, 0, [[181, 2, (84206.12511044319, 448417.32145396847)]]]
[0.4, 19.774600505828857, -0.03082067429562936, 0.028648771300820823, 0.029929524914037494, 0, [[173, 2, (84297.9523559346, 448378.59882813046)], [433, 2, (83835.90860898155, 448438.6443279813)]]]
[0.6000000000000001, 19.96051335334778, -0.015086478111256303, 0.04125244249192105, 0.03863354094175678, 0, [[173, 2, (84297.9523559346, 448378.59882813046)], [433, 2, (83835.90860898155, 448438.6443279813)], [92, 2, (84680.05450482253, 446494.31391375884)]]]
[0.8, 22.787308931350708, -0.001583053787641003, 0.05374736517772272, 0.04763606751864933, 0, [[173, 2, (84297.9523559346, 448378.59882813046)], [366, 2, (84560.50398411034, 446806.73360668455)], [433, 2, (83835.90860898155, 448438.6443279813)], [94, 2, (84723.53648095099, 446390.32653869694)]]]
[1.0, 25.105045318603516, 0.008899277437925734, 0.06224520233079242, 0.05664621398616865, 0, [[173, 2, (84297.9523559346, 448378.59882813046)], [253, 2, (85046.50543201096, 447221.30077484733)], [366, 2, (84560.50398411034, 446806.73360668455)], [433, 2, (83835.90860898155, 448438.6443279813)], [94, 2, (84723.53648095099, 446390.32653869694)]]]
[1.2, 40.80964183807373, 0.01928325470599309, 0.0714032271674172, 0.06858208525975387, 0, [[173, 2, (84297.9523559346, 448378.59882813046)], [253, 2, (85046.50543201096, 447221.30077484733)], [366, 2, (84560.50398411034, 446806.73360668455)], [40, 2, (84033.22169951578, 447172.49598048395)], [433, 2, (83835.90860898155, 448438.6443279813)], [94, 2, (84723.53648095099, 446390.32653869694)]]]
[1.4000000000000001, 140.85546445846558, 0.028336968805617577, 0.08012149195846976, 0.07482598360224806, 0, [[106, 2, (84488.119675315, 448263.846577105)], [173, 2, (84297.9523559346, 448378.59882813046)], [253, 2, (85046.50543201096, 447221.30077484733)], [366, 2, (84560.50398411034, 446806.73360668455)], [40, 2, (84033.22169951578, 447172.49598048395)], [433, 2, (83835.90860898155, 448438.6443279813)], [94, 2, (84723.53648095099, 446390.32653869694)]]]
[1.6, 244.42594718933105, 0.03716435329103498, 0.08824183125593404, 0.08125980405158313, 0, [[106, 2, (84488.119675315, 448263.846577105)], [173, 2, (84297.9523559346, 448378.59882813046)], [253, 2, (85046.50543201096, 447221.30077484733)], [40, 2, (84033.22169951578, 447172.49598048395)], [405, 2, (84514.4775682969, 446819.97348758427)], [406, 2, (84519.52680965864, 446766.45736599696)], [433, 2, (83835.90860898155, 448438.6443279813)], [94, 2, (84723.53648095099, 446390.32653869694)]]]
[1.8, 177.90888953208923, 0.04508625503478171, 0.0946882078366452, 0.08561311890232089, 0, [[106, 2, (84488.119675315, 448263.846577105)], [173, 2, (84297.9523559346, 448378.59882813046)], [253, 2, (85046.50543201096, 447221.30077484733)], [40, 2, (84033.22169951578, 447172.49598048395)], [405, 2, (84514.4775682969, 446819.97348758427)], [406, 2, (84519.52680965864, 446766.45736599696)], [433, 2, (83835.90860898155, 448438.6443279813)], [85, 2, (84816.8604799422, 446181.86564214376)], [94, 2, (84723.53648095099, 446390.32653869694)]]]
