['budget', 'runtime', 'objective_value', 'flow_caught_optimal', 'flow_caught_fixed_solution', 'flow_impact_area', ['solution']]
[0.2, 5.874285936355591, 0.05436496566599591, 0.05498983171853115, 0.04026839307831652, 0, [[144, 2, (84880.85876114457, 447505.5634201066)]]]
[0.4, 5.9502644538879395, 0.09415796988874382, 0.09478321133289161, 0.06143360975544158, 0, [[144, 2, (84880.85876114457, 447505.5634201066)], [70, 2, (84511.71855341281, 448279.6820707427)]]]
[0.6000000000000001, 5.906237363815308, 0.12639491722592952, 0.12703348825993188, 0.07353850027722081, 0, [[132, 2, (84242.91139009832, 448092.9856048382)], [144, 2, (84880.85876114457, 447505.5634201066)], [74, 2, (84794.90509058649, 448469.7079943947)]]]
[0.8, 6.06609845161438, 0.1579689535084173, 0.15860212423234735, 0.08769872399207251, 0, [[132, 2, (84242.91139009832, 448092.9856048382)], [144, 2, (84880.85876114457, 447505.5634201066)], [207, 2, (84230.3564312548, 447162.8424262521)], [74, 2, (84794.90509058649, 448469.7079943947)]]]
[1.0, 7.275537014007568, 0.18693757668483496, 0.18757288507428257, 0.10200968942842825, 0, [[132, 2, (84242.91139009832, 448092.9856048382)], [144, 2, (84880.85876114457, 447505.5634201066)], [175, 2, (85103.32332840441, 447746.2241638586)], [207, 2, (84230.3564312548, 447162.8424262521)], [74, 2, (84794.90509058649, 448469.7079943947)]]]
[1.2, 7.965943813323975, 0.21375905164840453, 0.21440737753501823, 0.11073640266868219, 0, [[132, 2, (84242.91139009832, 448092.9856048382)], [144, 2, (84880.85876114457, 447505.5634201066)], [175, 2, (85103.32332840441, 447746.2241638586)], [180, 2, (85404.66559511905, 447530.33605298545)], [207, 2, (84230.3564312548, 447162.8424262521)], [74, 2, (84794.90509058649, 448469.7079943947)]]]
[1.4000000000000001, 11.540158033370972, 0.23821917066937956, 0.23886146968246513, 0.1337450565462875, 0, [[132, 2, (84242.91139009832, 448092.9856048382)], [144, 2, (84880.85876114457, 447505.5634201066)], [154, 2, (84688.10122435533, 447777.1268159442)], [177, 2, (85263.96897810332, 447854.69747894653)], [180, 2, (85404.66559511905, 447530.33605298545)], [207, 2, (84230.3564312548, 447162.8424262521)], [74, 2, (84794.90509058649, 448469.7079943947)]]]
[1.6, 39.849493741989136, 0.2576221407465669, 0.2582747485330157, 0.1458327520824328, 0, [[132, 2, (84242.91139009832, 448092.9856048382)], [144, 2, (84880.85876114457, 447505.5634201066)], [154, 2, (84688.10122435533, 447777.1268159442)], [177, 2, (85263.96897810332, 447854.69747894653)], [180, 2, (85404.66559511905, 447530.33605298545)], [207, 2, (84230.3564312548, 447162.8424262521)], [226, 2, (84560.50398411034, 446806.73360668455)], [74, 2, (84794.90509058649, 448469.7079943947)]]]
[1.8, 63.904091596603394, 0.2768278497285516, 0.2774880332181539, 0.15750672837385052, 0, [[132, 2, (84242.91139009832, 448092.9856048382)], [144, 2, (84880.85876114457, 447505.5634201066)], [154, 2, (84688.10122435533, 447777.1268159442)], [177, 2, (85263.96897810332, 447854.69747894653)], [180, 2, (85404.66559511905, 447530.33605298545)], [207, 2, (84230.3564312548, 447162.8424262521)], [226, 2, (84560.50398411034, 446806.73360668455)], [70, 2, (84511.71855341281, 448279.6820707427)], [74, 2, (84794.90509058649, 448469.7079943947)]]]
[2.0, 222.50090432167053, 0.29573106319024683, 0.29639681040338894, 0.16423800338901554, 0, [[132, 2, (84242.91139009832, 448092.9856048382)], [144, 2, (84880.85876114457, 447505.5634201066)], [154, 2, (84688.10122435533, 447777.1268159442)], [177, 2, (85263.96897810332, 447854.69747894653)], [180, 2, (85404.66559511905, 447530.33605298545)], [193, 2, (84314.29577371474, 447285.6396724997)], [207, 2, (84230.3564312548, 447162.8424262521)], [226, 2, (84560.50398411034, 446806.73360668455)], [70, 2, (84511.71855341281, 448279.6820707427)], [74, 2, (84794.90509058649, 448469.7079943947)]]]
