['budget', 'runtime', 'objective_value', 'flow_caught_optimal', 'flow_caught_fixed_solution', 'flow_impact_area', ['solution']]
[0.2, 19.662770748138428, -0.05006642265077099, 0.02738944508931176, 0.02738944508931178, 0, [[173, 2, (84297.9523559346, 448378.59882813046)]]]
[0.4, 19.499892711639404, -0.027256411028123317, 0.0484724552128851, 0.044698030463521554, 0, [[173, 2, (84297.9523559346, 448378.59882813046)], [255, 2, (85097.49577227327, 447300.4242594334)]]]
[0.6000000000000001, 20.069685459136963, -0.008148634672046668, 0.06283825186240677, 0.06283825186240677, 0, [[173, 2, (84297.9523559346, 448378.59882813046)], [255, 2, (85097.49577227327, 447300.4242594334)], [366, 2, (84560.50398411034, 446806.73360668455)]]]
[0.8, 19.66023349761963, 0.007573640596055287, 0.07801201909219098, 0.07801195757571855, 0, [[106, 2, (84488.119675315, 448263.846577105)], [173, 2, (84297.9523559346, 448378.59882813046)], [255, 2, (85097.49577227327, 447300.4242594334)], [366, 2, (84560.50398411034, 446806.73360668455)]]]
[1.0, 20.19111442565918, 0.018111967191618773, 0.08792989062524371, 0.08792980802277237, 0, [[106, 2, (84488.119675315, 448263.846577105)], [173, 2, (84297.9523559346, 448378.59882813046)], [255, 2, (85097.49577227327, 447300.4242594334)], [366, 2, (84560.50398411034, 446806.73360668455)], [41, 2, (84081.68229432433, 447206.3665374586)]]]
[1.2, 20.718976736068726, 0.02717870571615048, 0.09537959029866779, 0.09392398670534394, 0, [[106, 2, (84488.119675315, 448263.846577105)], [173, 2, (84297.9523559346, 448378.59882813046)], [255, 2, (85097.49577227327, 447300.4242594334)], [366, 2, (84560.50398411034, 446806.73360668455)], [41, 2, (84081.68229432433, 447206.3665374586)], [441, 2, (83640.41333651874, 448874.17389416473)]]]
[1.4000000000000001, 22.358827352523804, 0.03546757793862563, 0.10173840066947083, 0.09941575430991051, 0, [[106, 2, (84488.119675315, 448263.846577105)], [173, 2, (84297.9523559346, 448378.59882813046)], [248, 2, (84823.36338789869, 447057.1044207001)], [255, 2, (85097.49577227327, 447300.4242594334)], [366, 2, (84560.50398411034, 446806.73360668455)], [41, 2, (84081.68229432433, 447206.3665374586)], [441, 2, (83640.41333651874, 448874.17389416473)]]]
[1.6, 24.778517961502075, 0.042870622578086055, 0.10762216339449061, 0.10568995038518192, 0, [[106, 2, (84488.119675315, 448263.846577105)], [173, 2, (84297.9523559346, 448378.59882813046)], [248, 2, (84823.36338789869, 447057.1044207001)], [255, 2, (85097.49577227327, 447300.4242594334)], [359, 2, (84720.7687067089, 446389.1692030737)], [366, 2, (84560.50398411034, 446806.73360668455)], [41, 2, (84081.68229432433, 447206.3665374586)], [441, 2, (83640.41333651874, 448874.17389416473)]]]
[1.8, 29.533334255218506, 0.04905763396765112, 0.11268594579877429, 0.1076421233771025, 0, [[106, 2, (84488.119675315, 448263.846577105)], [173, 2, (84297.9523559346, 448378.59882813046)], [248, 2, (84823.36338789869, 447057.1044207001)], [253, 2, (85046.50543201096, 447221.30077484733)], [255, 2, (85097.49577227327, 447300.4242594334)], [359, 2, (84720.7687067089, 446389.1692030737)], [366, 2, (84560.50398411034, 446806.73360668455)], [41, 2, (84081.68229432433, 447206.3665374586)], [441, 2, (83640.41333651874, 448874.17389416473)]]]
[2.0, 53.73077630996704, 0.05469301893583137, 0.11466438817680571, 0.11183203308218599, 0, [[106, 2, (84488.119675315, 448263.846577105)], [173, 2, (84297.9523559346, 448378.59882813046)], [181, 2, (84206.12511044319, 448417.32145396847)], [248, 2, (84823.36338789869, 447057.1044207001)], [253, 2, (85046.50543201096, 447221.30077484733)], [255, 2, (85097.49577227327, 447300.4242594334)], [359, 2, (84720.7687067089, 446389.1692030737)], [366, 2, (84560.50398411034, 446806.73360668455)], [41, 2, (84081.68229432433, 447206.3665374586)], [441, 2, (83640.41333651874, 448874.17389416473)]]]
