['budget', 'runtime', 'objective_value', 'flow_caught_optimal', 'flow_caught_fixed_solution', 'flow_impact_area', ['solution']]
[0.2, 28.705485820770264, 0.0340980426842876, 0.040218140341513955, 0.0020575346572583937, 0, [[19, 2, (238019.2441410983, 583445.5433808594)]]]
[0.4, 28.06336283683777, 0.06576768032782128, 0.0718254784568649, 0.005332360091451744, 0, [[117, 2, (233533.2577633655, 582252.7461273685)], [19, 2, (238019.2441410983, 583445.5433808594)]]]
[0.6000000000000001, 29.041297912597656, 0.08923366784091642, 0.09478434274390102, 0.008498894364525278, 0, [[117, 2, (233533.2577633655, 582252.7461273685)], [20, 2, (238153.94134656095, 583509.7395630613)], [9, 2, (236672.27208647164, 582803.5815588409)]]]
[0.8, 26.845635414123535, 0.10521883902390994, 0.11073377926695636, 0.011486902754856896, 0, [[117, 2, (233533.2577633655, 582252.7461273685)], [20, 2, (238153.94134656095, 583509.7395630613)], [207, 2, (235448.0510862044, 582978.8784909851)], [9, 2, (236672.27208647164, 582803.5815588409)]]]
[1.0, 29.44862723350525, 0.11929474392761419, 0.12470704008757766, 0.012640015446784834, 0, [[117, 2, (233533.2577633655, 582252.7461273685)], [123, 2, (234574.74005884305, 581740.5974384784)], [20, 2, (238153.94134656095, 583509.7395630613)], [207, 2, (235448.0510862044, 582978.8784909851)], [9, 2, (236672.27208647164, 582803.5815588409)]]]
[1.2, 29.691136360168457, 0.1324618644651547, 0.13777884834644047, 0.015170945598812845, 0, [[117, 2, (233533.2577633655, 582252.7461273685)], [123, 2, (234574.74005884305, 581740.5974384784)], [20, 2, (238153.94134656095, 583509.7395630613)], [206, 2, (235364.84353270615, 583090.9732960562)], [383, 2, (235528.8497615405, 582864.9955846866)], [9, 2, (236672.27208647164, 582803.5815588409)]]]
[1.4000000000000001, 27.692917346954346, 0.14560223102270967, 0.1509189986701745, 0.01694713919110584, 0, [[117, 2, (233533.2577633655, 582252.7461273685)], [123, 2, (234574.74005884305, 581740.5974384784)], [141, 2, (233734.15812679892, 581241.6720703929)], [20, 2, (238153.94134656095, 583509.7395630613)], [206, 2, (235364.84353270615, 583090.9732960562)], [383, 2, (235528.8497615405, 582864.9955846866)], [9, 2, (236672.27208647164, 582803.5815588409)]]]
[1.6, 25.937660932540894, 0.1586704867190425, 0.16390874849944082, 0.020693044802103672, 0, [[117, 2, (233533.2577633655, 582252.7461273685)], [123, 2, (234574.74005884305, 581740.5974384784)], [141, 2, (233734.15812679892, 581241.6720703929)], [20, 2, (238153.94134656095, 583509.7395630613)], [206, 2, (235364.84353270615, 583090.9732960562)], [383, 2, (235528.8497615405, 582864.9955846866)], [91, 2, (233299.29474781954, 581641.239661345)], [9, 2, (236672.27208647164, 582803.5815588409)]]]
[1.8, 27.974255323410034, 0.17097833858465755, 0.1762017406125832, 0.023906322676405616, 0, [[117, 2, (233533.2577633655, 582252.7461273685)], [123, 2, (234574.74005884305, 581740.5974384784)], [141, 2, (233734.15812679892, 581241.6720703929)], [20, 2, (238153.94134656095, 583509.7395630613)], [206, 2, (235364.84353270615, 583090.9732960562)], [314, 2, (234075.76854246733, 582167.7450781688)], [383, 2, (235528.8497615405, 582864.9955846866)], [91, 2, (233299.29474781954, 581641.239661345)], [9, 2, (236672.27208647164, 582803.5815588409)]]]
[2.0, 31.386379718780518, 0.18299351741445333, 0.1882031576414815, 0.025402616178886932, 0, [[117, 2, (233533.2577633655, 582252.7461273685)], [123, 2, (234574.74005884305, 581740.5974384784)], [141, 2, (233734.15812679892, 581241.6720703929)], [187, 2, (234363.10452984483, 583980.5695806412)], [20, 2, (238153.94134656095, 583509.7395630613)], [206, 2, (235364.84353270615, 583090.9732960562)], [314, 2, (234075.76854246733, 582167.7450781688)], [383, 2, (235528.8497615405, 582864.9955846866)], [91, 2, (233299.29474781954, 581641.239661345)], [9, 2, (236672.27208647164, 582803.5815588409)]]]
