[[232338.51609809857, 581871.4688606119]]
[[232089.61346020148, 582270.3922651447], [232338.51609809857, 581871.4688606119]]
[[232089.61346020148, 582270.3922651447], [232091.71104810154, 582272.5370553447], [232338.51609809857, 581871.4688606119]]
[[232089.61346020148, 582270.3922651447], [232091.71104810154, 582272.5370553447], [232178.27814639316, 582183.6789013263], [232338.51609809857, 581871.4688606119]]
[[232089.61346020148, 582270.3922651447], [232091.71104810154, 582272.5370553447], [232178.27814639316, 582183.6789013263], [232338.51609809857, 581871.4688606119], [232180.37573429322, 582185.8236915262]]
[[232089.61346020148, 582270.3922651447], [232091.71104810154, 582272.5370553447], [232178.27814639316, 582183.6789013263], [232266.9428325848, 582096.9655375077], [232180.37573429322, 582185.8236915262], [232338.51609809857, 581871.4688606119]]
[[232180.37573429322, 582185.8236915262], [232089.61346020148, 582270.3922651447], [232269.04042048487, 582099.1103277076], [232266.9428325848, 582096.9655375077], [232178.27814639316, 582183.6789013263], [232091.71104810154, 582272.5370553447], [232338.51609809857, 581871.4688606119]]
[[232089.61346020148, 582270.3922651447], [232091.71104810154, 582272.5370553447], [232178.27814639316, 582183.6789013263], [232269.04042048487, 582099.1103277076], [232266.9428325848, 582096.9655375077], [232180.37573429322, 582185.8236915262], [231944.9121334034, 582458.3337475643], [232338.51609809857, 581871.4688606119]]
[[232089.61346020148, 582270.3922651447], [231947.53841047524, 582459.7838057501], [232178.27814639316, 582183.6789013263], [232269.04042048487, 582099.1103277076], [232266.9428325848, 582096.9655375077], [232180.37573429322, 582185.8236915262], [231944.9121334034, 582458.3337475643], [232091.71104810154, 582272.5370553447], [232338.51609809857, 581871.4688606119]]
[[232089.61346020148, 582270.3922651447], [231947.53841047524, 582459.7838057501], [232178.27814639316, 582183.6789013263], [232269.04042048487, 582099.1103277076], [232266.9428325848, 582096.9655375077], [232180.37573429322, 582185.8236915262], [231944.9121334034, 582458.3337475643], [232091.71104810154, 582272.5370553447], [232338.51609809857, 581871.4688606119], [232519.1656051197, 581879.6396635479]]
