[[232338.51609809857, 581871.4688606119]]
[[232338.51609809857, 581871.4688606119], [232402.29605904673, 581908.0414249859]]
[[232400.6987911155, 581910.5808609775], [232338.51609809857, 581871.4688606119], [232402.29605904673, 581908.0414249859]]
[[232338.51609809857, 581871.4688606119], [232089.61346020148, 582270.3922651447], [232400.6987911155, 581910.5808609775], [232402.29605904673, 581908.0414249859]]
[[232089.61346020148, 582270.3922651447], [232091.71104810154, 582272.5370553447], [232400.6987911155, 581910.5808609775], [232402.29605904673, 581908.0414249859], [232338.51609809857, 581871.4688606119]]
[[232089.61346020148, 582270.3922651447], [232091.71104810154, 582272.5370553447], [232338.51609809857, 581871.4688606119], [232400.6987911155, 581910.5808609775], [232178.27814639316, 582183.6789013263], [232402.29605904673, 581908.0414249859]]
[[232180.37573429322, 582185.8236915262], [232089.61346020148, 582270.3922651447], [232338.51609809857, 581871.4688606119], [232400.6987911155, 581910.5808609775], [232178.27814639316, 582183.6789013263], [232091.71104810154, 582272.5370553447], [232402.29605904673, 581908.0414249859]]
[[232180.37573429322, 582185.8236915262], [232089.61346020148, 582270.3922651447], [232266.9428325848, 582096.9655375077], [232338.51609809857, 581871.4688606119], [232400.6987911155, 581910.5808609775], [232178.27814639316, 582183.6789013263], [232091.71104810154, 582272.5370553447], [232402.29605904673, 581908.0414249859]]
[[232178.27814639316, 582183.6789013263], [232089.61346020148, 582270.3922651447], [232266.9428325848, 582096.9655375077], [232338.51609809857, 581871.4688606119], [232400.6987911155, 581910.5808609775], [232269.04042048487, 582099.1103277076], [232091.71104810154, 582272.5370553447], [232180.37573429322, 582185.8236915262], [232402.29605904673, 581908.0414249859]]
[[232180.37573429322, 582185.8236915262], [232091.71104810154, 582272.5370553447], [232269.04042048487, 582099.1103277076], [232266.9428325848, 582096.9655375077], [232338.51609809857, 581871.4688606119], [232178.27814639316, 582183.6789013263], [231944.9121334034, 582458.3337475643], [232089.61346020148, 582270.3922651447], [232400.6987911155, 581910.5808609775], [232402.29605904673, 581908.0414249859]]
