['budget', 'runtime', 'objective_value', 'flow_caught_optimal', 'flow_caught_fixed_solution', 'flow_impact_area', ['solution']]
[0.2, 32.85493493080139, 0.040907530238600526, 0.046956992071320494, 0.002817164483789675, 0, [[23, 2, (238093.55984066386, 583480.9619641433)]]]
[0.4, 32.59093642234802, 0.08076770840181895, 0.08673400201905784, 0.0038941259912416122, 0, [[135, 2, (233577.28364842452, 582276.353150231)], [23, 2, (238093.55984066386, 583480.9619641433)]]]
[0.6000000000000001, 33.36193609237671, 0.10122086403479166, 0.10653222251113048, 0.004546239500477513, 0, [[11, 2, (236755.87724848295, 582843.4274650352)], [135, 2, (233577.28364842452, 582276.353150231)], [23, 2, (238093.55984066386, 583480.9619641433)]]]
[0.8, 37.416927337646484, 0.11853394060868085, 0.12378287859659502, 0.007346726751318848, 0, [[11, 2, (236755.87724848295, 582843.4274650352)], [135, 2, (233577.28364842452, 582276.353150231)], [23, 2, (238093.55984066386, 583480.9619641433)], [241, 2, (235441.65050516606, 582987.5011682983)]]]
[1.0, 39.64692234992981, 0.13378761098875477, 0.1389456579454588, 0.01005174657012559, 0, [[105, 2, (233299.29474781954, 581641.239661345)], [11, 2, (236755.87724848295, 582843.4274650352)], [135, 2, (233577.28364842452, 582276.353150231)], [23, 2, (238093.55984066386, 583480.9619641433)], [241, 2, (235441.65050516606, 582987.5011682983)]]]
[1.2, 37.64592671394348, 0.14826340499889737, 0.153298816871955, 0.012609156280627797, 0, [[105, 2, (233299.29474781954, 581641.239661345)], [11, 2, (236755.87724848295, 582843.4274650352)], [135, 2, (233577.28364842452, 582276.353150231)], [148, 2, (235080.252054059, 582006.7023897035)], [23, 2, (238093.55984066386, 583480.9619641433)], [241, 2, (235441.65050516606, 582987.5011682983)]]]
[1.4000000000000001, 39.59392333030701, 0.16151146009693082, 0.16646509120924816, 0.013594618702108341, 0, [[105, 2, (233299.29474781954, 581641.239661345)], [11, 2, (236755.87724848295, 582843.4274650352)], [135, 2, (233577.28364842452, 582276.353150231)], [148, 2, (235080.252054059, 582006.7023897035)], [23, 2, (238093.55984066386, 583480.9619641433)], [241, 2, (235441.65050516606, 582987.5011682983)], [343, 2, (232889.7608647588, 582023.2754695513)]]]
[1.6, 43.856913566589355, 0.1732115765930885, 0.17816792057615977, 0.015765352936001176, 0, [[105, 2, (233299.29474781954, 581641.239661345)], [11, 2, (236755.87724848295, 582843.4274650352)], [135, 2, (233577.28364842452, 582276.353150231)], [148, 2, (235080.252054059, 582006.7023897035)], [163, 2, (233734.15812679892, 581241.6720703929)], [23, 2, (238093.55984066386, 583480.9619641433)], [241, 2, (235441.65050516606, 582987.5011682983)], [343, 2, (232889.7608647588, 582023.2754695513)]]]
[1.8, 51.02389931678772, 0.1836511145017931, 0.18859153558604516, 0.017282980095621018, 0, [[105, 2, (233299.29474781954, 581641.239661345)], [11, 2, (236755.87724848295, 582843.4274650352)], [135, 2, (233577.28364842452, 582276.353150231)], [148, 2, (235080.252054059, 582006.7023897035)], [163, 2, (233734.15812679892, 581241.6720703929)], [23, 2, (238093.55984066386, 583480.9619641433)], [241, 2, (235441.65050516606, 582987.5011682983)], [343, 2, (232889.7608647588, 582023.2754695513)], [433, 2, (234525.63122744908, 583885.7999830964)]]]
[2.0, 52.75689649581909, 0.19392187613316333, 0.19882797661329288, 0.0204834398002642, 0, [[105, 2, (233299.29474781954, 581641.239661345)], [11, 2, (236755.87724848295, 582843.4274650352)], [135, 2, (233577.28364842452, 582276.353150231)], [148, 2, (235080.252054059, 582006.7023897035)], [163, 2, (233734.15812679892, 581241.6720703929)], [23, 2, (238093.55984066386, 583480.9619641433)], [241, 2, (235441.65050516606, 582987.5011682983)], [343, 2, (232889.7608647588, 582023.2754695513)], [433, 2, (234525.63122744908, 583885.7999830964)], [452, 2, (235580.0544098471, 582796.0141661813)]]]
