[[232338.51609809857, 581871.4688606119]]
[[232338.51609809857, 581871.4688606119], [232402.29605904673, 581908.0414249859]]
[[232400.6987911155, 581910.5808609775], [232338.51609809857, 581871.4688606119], [232402.29605904673, 581908.0414249859]]
[[232338.51609809857, 581871.4688606119], [232071.88052296315, 582287.7349379084], [232400.6987911155, 581910.5808609775], [232402.29605904673, 581908.0414249859]]
[[232071.88052296315, 582287.7349379084], [232073.97811086322, 582289.8797281083], [232400.6987911155, 581910.5808609775], [232402.29605904673, 581908.0414249859], [232338.51609809857, 581871.4688606119]]
[[232071.88052296315, 582287.7349379084], [232073.97811086322, 582289.8797281083], [232338.51609809857, 581871.4688606119], [232400.6987911155, 581910.5808609775], [232142.81227191645, 582218.3642468536], [232402.29605904673, 581908.0414249859]]
[[232144.90985981651, 582220.5090370536], [232071.88052296315, 582287.7349379084], [232338.51609809857, 581871.4688606119], [232400.6987911155, 581910.5808609775], [232142.81227191645, 582218.3642468536], [232073.97811086322, 582289.8797281083], [232402.29605904673, 581908.0414249859]]
[[232071.88052296315, 582287.7349379084], [232073.97811086322, 582289.8797281083], [232142.81227191645, 582218.3642468536], [232338.51609809857, 581871.4688606119], [232400.6987911155, 581910.5808609775], [232144.90985981651, 582220.5090370536], [231963.4147838816, 582424.8226187021], [232402.29605904673, 581908.0414249859]]
[[232144.90985981651, 582220.5090370536], [232073.97811086322, 582289.8797281083], [232213.7440208698, 582148.9935557988], [232338.51609809857, 581871.4688606119], [232400.6987911155, 581910.5808609775], [232142.81227191645, 582218.3642468536], [231963.4147838816, 582424.8226187021], [232071.88052296315, 582287.7349379084], [232402.29605904673, 581908.0414249859]]
[[232144.90985981651, 582220.5090370536], [232073.97811086322, 582289.8797281083], [232215.84160876987, 582151.1383459987], [232213.7440208698, 582148.9935557988], [232338.51609809857, 581871.4688606119], [232142.81227191645, 582218.3642468536], [231963.4147838816, 582424.8226187021], [232071.88052296315, 582287.7349379084], [232400.6987911155, 581910.5808609775], [232402.29605904673, 581908.0414249859]]
