[[232338.51609809857, 581871.4688606119]]
[[232338.51609809857, 581871.4688606119], [232402.29605904673, 581908.0414249859]]
[[232400.6987911155, 581910.5808609775], [232338.51609809857, 581871.4688606119], [232402.29605904673, 581908.0414249859]]
[[232338.51609809857, 581871.4688606119], [232051.61430897648, 582307.5551353527], [232400.6987911155, 581910.5808609775], [232402.29605904673, 581908.0414249859]]
[[232051.61430897648, 582307.5551353527], [232053.71189687654, 582309.6999255526], [232400.6987911155, 581910.5808609775], [232402.29605904673, 581908.0414249859], [232338.51609809857, 581871.4688606119]]
[[232051.61430897648, 582307.5551353527], [232053.71189687654, 582309.6999255526], [232338.51609809857, 581871.4688606119], [232400.6987911155, 581910.5808609775], [232102.27984394316, 582258.0046417421], [232402.29605904673, 581908.0414249859]]
[[232104.37743184323, 582260.149431942], [232051.61430897648, 582307.5551353527], [232338.51609809857, 581871.4688606119], [232400.6987911155, 581910.5808609775], [232102.27984394316, 582258.0046417421], [232053.71189687654, 582309.6999255526], [232402.29605904673, 581908.0414249859]]
[[232104.37743184323, 582260.149431942], [232051.61430897648, 582307.5551353527], [232152.94537890982, 582208.4541481315], [232338.51609809857, 581871.4688606119], [232400.6987911155, 581910.5808609775], [232102.27984394316, 582258.0046417421], [232053.71189687654, 582309.6999255526], [232402.29605904673, 581908.0414249859]]
[[232104.37743184323, 582260.149431942], [232053.71189687654, 582309.6999255526], [232152.94537890982, 582208.4541481315], [232338.51609809857, 581871.4688606119], [232400.6987911155, 581910.5808609775], [232102.27984394316, 582258.0046417421], [231972.66610912074, 582408.0670542709], [232051.61430897648, 582307.5551353527], [232402.29605904673, 581908.0414249859]]
[[232104.37743184323, 582260.149431942], [232053.71189687654, 582309.6999255526], [232155.04296680988, 582210.5989383315], [232152.94537890982, 582208.4541481315], [232338.51609809857, 581871.4688606119], [232102.27984394316, 582258.0046417421], [231972.66610912074, 582408.0670542709], [232051.61430897648, 582307.5551353527], [232400.6987911155, 581910.5808609775], [232402.29605904673, 581908.0414249859]]
