['budget', 'runtime', 'objective_value', 'flow_caught_optimal', 'flow_caught_fixed_solution', 'flow_impact_area', ['solution']]
[0.2, 33.578933238983154, 0.03393821441716598, 0.04031270654187028, 0.040312706541871635, 0, [[15, 2, (238019.24414109826, 583445.5433808594)]]]
[0.4, 30.392940282821655, 0.06879443012570363, 0.07499930206415364, 0.07499930206415362, 0, [[15, 2, (238019.24414109826, 583445.5433808594)], [90, 2, (233467.2189357769, 582217.3355930748)]]]
[0.6000000000000001, 34.36793303489685, 0.09239184601276142, 0.09820869778359592, 0.09788606345545381, 0, [[16, 2, (238198.8404150485, 583531.138290462)], [8, 2, (236762.07022344676, 582846.3790136421)], [90, 2, (233467.2189357769, 582217.3355930748)]]]
[0.8, 29.328018188476562, 0.10845096769578405, 0.1140864183710907, 0.11375447743475492, 0, [[16, 2, (238198.8404150485, 583531.138290462)], [8, 2, (236762.07022344676, 582846.3790136421)], [90, 2, (233467.2189357769, 582217.3355930748)], [98, 2, (235080.25205405895, 582006.7023897036)]]]
[1.0, 40.54792046546936, 0.12400603663258987, 0.1296336877590749, 0.12930174574026163, 0, [[109, 2, (233734.15812679892, 581241.6720703929)], [16, 2, (238198.8404150485, 583531.138290462)], [8, 2, (236762.07022344676, 582846.3790136421)], [90, 2, (233467.2189357769, 582217.3355930748)], [98, 2, (235080.25205405895, 582006.7023897036)]]]
[1.2, 45.167892932891846, 0.1370936040537667, 0.14268967345047245, 0.14153178608548467, 0, [[109, 2, (233734.15812679892, 581241.6720703929)], [16, 2, (238198.8404150485, 583531.138290462)], [202, 2, (231706.21074463628, 582890.6584573677)], [8, 2, (236762.07022344676, 582846.3790136421)], [90, 2, (233467.2189357769, 582217.3355930748)], [98, 2, (235080.25205405895, 582006.7023897036)]]]
[1.4000000000000001, 45.071911573410034, 0.1501357694013017, 0.15564379393966285, 0.1544826510683561, 0, [[109, 2, (233734.15812679892, 581241.6720703929)], [16, 2, (238198.8404150485, 583531.138290462)], [202, 2, (231706.21074463628, 582890.6584573677)], [70, 2, (233298.2331941409, 581691.3840471677)], [8, 2, (236762.07022344676, 582846.3790136421)], [90, 2, (233467.2189357769, 582217.3355930748)], [98, 2, (235080.25205405895, 582006.7023897036)]]]
[1.6, 46.819907903671265, 0.16238950605060576, 0.16787058623358847, 0.16659291164219123, 0, [[109, 2, (233734.15812679892, 581241.6720703929)], [16, 2, (238198.8404150485, 583531.138290462)], [202, 2, (231706.21074463628, 582890.6584573677)], [70, 2, (233298.2331941409, 581691.3840471677)], [8, 2, (236762.07022344676, 582846.3790136421)], [90, 2, (233467.2189357769, 582217.3355930748)], [92, 2, (234101.79707441063, 582125.3675518178)], [98, 2, (235080.25205405895, 582006.7023897036)]]]
[1.8, 42.59991669654846, 0.17454755003591554, 0.18002163560496798, 0.17924223061966205, 0, [[109, 2, (233734.15812679892, 581241.6720703929)], [16, 2, (238198.8404150485, 583531.138290462)], [202, 2, (231706.21074463628, 582890.6584573677)], [274, 2, (234495.50944963004, 583902.726270714)], [70, 2, (233298.2331941409, 581691.3840471677)], [8, 2, (236762.07022344676, 582846.3790136421)], [90, 2, (233467.2189357769, 582217.3355930748)], [92, 2, (234101.79707441063, 582125.3675518178)], [98, 2, (235080.25205405895, 582006.7023897036)]]]
[2.0, 20.812959671020508, 0.18614914787619102, 0.19158274409958878, 0.1908216352304789, 0, [[109, 2, (233734.15812679892, 581241.6720703929)], [16, 2, (238198.8404150485, 583531.138290462)], [202, 2, (231706.21074463628, 582890.6584573677)], [274, 2, (234495.50944963004, 583902.726270714)], [286, 2, (235518.44881735323, 582879.0074353205)], [70, 2, (233298.2331941409, 581691.3840471677)], [8, 2, (236762.07022344676, 582846.3790136421)], [90, 2, (233467.2189357769, 582217.3355930748)], [92, 2, (234101.79707441063, 582125.3675518178)], [98, 2, (235080.25205405895, 582006.7023897036)]]]
