['budget', 'runtime', 'objective_value', 'flow_caught_optimal', 'flow_caught_fixed_solution', 'flow_impact_area', ['solution']]
[0.2, 15.925968647003174, 0.03574126300497364, 0.042109008029325344, 0.04210900803861214, 0, [[15, 2, (238019.24414109826, 583445.5433808594)]]]
[0.4, 14.744970560073853, 0.0711959187793941, 0.07739080387391492, 0.07739080425240982, 0, [[15, 2, (238019.24414109826, 583445.5433808594)], [90, 2, (233467.2189357769, 582217.3355930748)]]]
[0.6000000000000001, 14.041972875595093, 0.09361637488162328, 0.09929291470451423, 0.09929291470451451, 0, [[15, 2, (238019.24414109826, 583445.5433808594)], [8, 2, (236762.07022344676, 582846.3790136421)], [90, 2, (233467.2189357769, 582217.3355930748)]]]
[0.8, 10.955978631973267, 0.11167079762256385, 0.11733496556200484, 0.11511519621616155, 0, [[109, 2, (233734.15812679892, 581241.6720703929)], [15, 2, (238019.24414109826, 583445.5433808594)], [8, 2, (236762.07022344676, 582846.3790136421)], [90, 2, (233467.2189357769, 582217.3355930748)]]]
[1.0, 13.273974418640137, 0.12766276637555155, 0.13314693689920776, 0.13314693689920803, 0, [[109, 2, (233734.15812679892, 581241.6720703929)], [15, 2, (238019.24414109826, 583445.5433808594)], [8, 2, (236762.07022344676, 582846.3790136421)], [90, 2, (233467.2189357769, 582217.3355930748)], [98, 2, (235080.25205405895, 582006.7023897036)]]]
[1.2, 11.199978351593018, 0.14120249373573274, 0.14665330316116998, 0.14628181067903478, 0, [[109, 2, (233734.15812679892, 581241.6720703929)], [15, 2, (238019.24414109826, 583445.5433808594)], [40, 2, (231708.8370217081, 582892.1085155534)], [8, 2, (236762.07022344676, 582846.3790136421)], [90, 2, (233467.2189357769, 582217.3355930748)], [98, 2, (235080.25205405895, 582006.7023897036)]]]
[1.4000000000000001, 12.423975944519043, 0.15436779960366917, 0.15978817756518077, 0.15748786221963063, 0, [[109, 2, (233734.15812679892, 581241.6720703929)], [15, 2, (238019.24414109826, 583445.5433808594)], [40, 2, (231708.8370217081, 582892.1085155534)], [8, 2, (236762.07022344676, 582846.3790136421)], [90, 2, (233467.2189357769, 582217.3355930748)], [92, 2, (234101.79707441063, 582125.3675518178)], [98, 2, (235080.25205405895, 582006.7023897036)]]]
[1.6, 10.676979780197144, 0.16751188223853608, 0.17292308023050132, 0.16985985151118216, 0, [[109, 2, (233734.15812679892, 581241.6720703929)], [15, 2, (238019.24414109826, 583445.5433808594)], [274, 2, (234495.50944963004, 583902.726270714)], [40, 2, (231708.8370217081, 582892.1085155534)], [8, 2, (236762.07022344676, 582846.3790136421)], [90, 2, (233467.2189357769, 582217.3355930748)], [92, 2, (234101.79707441063, 582125.3675518178)], [98, 2, (235080.25205405895, 582006.7023897036)]]]
[1.8, 9.489981651306152, 0.1795681893237262, 0.18490295250804772, 0.18336621378773732, 0, [[109, 2, (233734.15812679892, 581241.6720703929)], [15, 2, (238019.24414109826, 583445.5433808594)], [221, 2, (232827.90247666204, 582019.7724067986)], [274, 2, (234495.50944963004, 583902.726270714)], [40, 2, (231708.8370217081, 582892.1085155534)], [8, 2, (236762.07022344676, 582846.3790136421)], [90, 2, (233467.2189357769, 582217.3355930748)], [92, 2, (234101.79707441063, 582125.3675518178)], [98, 2, (235080.25205405895, 582006.7023897036)]]]
[2.0, 10.758980989456177, 0.19120661991820906, 0.19650095643027107, 0.1949886139640072, 0, [[109, 2, (233734.15812679892, 581241.6720703929)], [15, 2, (238019.24414109826, 583445.5433808594)], [221, 2, (232827.90247666204, 582019.7724067986)], [274, 2, (234495.50944963004, 583902.726270714)], [286, 2, (235518.44881735323, 582879.0074353205)], [40, 2, (231708.8370217081, 582892.1085155534)], [8, 2, (236762.07022344676, 582846.3790136421)], [90, 2, (233467.2189357769, 582217.3355930748)], [92, 2, (234101.79707441063, 582125.3675518178)], [98, 2, (235080.25205405895, 582006.7023897036)]]]
