['budget', 'runtime', 'objective_value', 'flow_caught_optimal', 'flow_caught_fixed_solution', 'flow_impact_area', ['solution']]
[0.2, 5.828786849975586, 0.03298447530849915, 0.041257578457113045, 0.04125757845711305, 0, [[15, 2, (238019.24414109826, 583445.5433808594)]]]
[0.4, 5.705271244049072, 0.06293068881120949, 0.0710782567975454, 0.07107825679754547, 0, [[15, 2, (238019.24414109826, 583445.5433808594)], [90, 2, (233467.2189357769, 582217.3355930748)]]]
[0.6000000000000001, 5.7507383823394775, 0.0855108204918486, 0.0931337316083595, 0.09313373160835967, 0, [[15, 2, (238019.24414109826, 583445.5433808594)], [8, 2, (236762.07022344676, 582846.3790136421)], [90, 2, (233467.2189357769, 582217.3355930748)]]]
[0.8, 5.843112945556641, 0.10715090773296347, 0.11473217084460266, 0.10860543097792474, 0, [[145, 2, (234496.97909792938, 583905.3416356744)], [15, 2, (238019.24414109826, 583445.5433808594)], [8, 2, (236762.07022344676, 582846.3790136421)], [90, 2, (233467.2189357769, 582217.3355930748)]]]
[1.0, 6.845353364944458, 0.12619048813608155, 0.13362489993561338, 0.12361461751712077, 0, [[145, 2, (234496.97909792938, 583905.3416356744)], [15, 2, (238019.24414109826, 583445.5433808594)], [40, 2, (231708.8370217081, 582892.1085155534)], [8, 2, (236762.07022344676, 582846.3790136421)], [90, 2, (233467.2189357769, 582217.3355930748)]]]
[1.2, 6.5944435596466064, 0.14196738751115348, 0.14926651601960544, 0.13288359952985387, 0, [[145, 2, (234496.97909792938, 583905.3416356744)], [15, 2, (238019.24414109826, 583445.5433808594)], [31, 2, (240666.6830549136, 585085.646642521)], [40, 2, (231708.8370217081, 582892.1085155534)], [8, 2, (236762.07022344676, 582846.3790136421)], [90, 2, (233467.2189357769, 582217.3355930748)]]]
[1.4000000000000001, 7.937781810760498, 0.15757100180922876, 0.16473813976393065, 0.1449506165614872, 0, [[145, 2, (234496.97909792938, 583905.3416356744)], [15, 2, (238019.24414109826, 583445.5433808594)], [31, 2, (240666.6830549136, 585085.646642521)], [40, 2, (231708.8370217081, 582892.1085155534)], [8, 2, (236762.07022344676, 582846.3790136421)], [90, 2, (233467.2189357769, 582217.3355930748)], [98, 2, (235080.25205405895, 582006.7023897036)]]]
[1.6, 8.220547676086426, 0.172586982342527, 0.17974732627691514, 0.16654901141785067, 0, [[109, 2, (233734.15812679892, 581241.6720703929)], [145, 2, (234496.97909792938, 583905.3416356744)], [15, 2, (238019.24414109826, 583445.5433808594)], [31, 2, (240666.6830549136, 585085.646642521)], [40, 2, (231708.8370217081, 582892.1085155534)], [8, 2, (236762.07022344676, 582846.3790136421)], [90, 2, (233467.2189357769, 582217.3355930748)], [98, 2, (235080.25205405895, 582006.7023897036)]]]
[1.8, 8.704936265945435, 0.18672226747293028, 0.19377616684655125, 0.18544173349978016, 0, [[109, 2, (233734.15812679892, 581241.6720703929)], [145, 2, (234496.97909792938, 583905.3416356744)], [15, 2, (238019.24414109826, 583445.5433808594)], [209, 2, (230928.30050337742, 584617.360167371)], [31, 2, (240666.6830549136, 585085.646642521)], [40, 2, (231708.8370217081, 582892.1085155534)], [8, 2, (236762.07022344676, 582846.3790136421)], [90, 2, (233467.2189357769, 582217.3355930748)], [98, 2, (235080.25205405895, 582006.7023897036)]]]
[2.0, 10.501626014709473, 0.1996533228534164, 0.20665144136421795, 0.19715004761265725, 0, [[109, 2, (233734.15812679892, 581241.6720703929)], [145, 2, (234496.97909792938, 583905.3416356744)], [15, 2, (238019.24414109826, 583445.5433808594)], [204, 2, (231500.9819879307, 583331.4448592439)], [210, 2, (230856.97257168783, 584783.3023666191)], [31, 2, (240666.6830549136, 585085.646642521)], [41, 2, (231800.43374037434, 582726.2128539452)], [8, 2, (236762.07022344676, 582846.3790136421)], [90, 2, (233467.2189357769, 582217.3355930748)], [98, 2, (235080.25205405895, 582006.7023897036)]]]
[2.2, 14.830516815185547, 0.21233621127926647, 0.21919899779174018, 0.20792599211964446, 0, [[109, 2, (233734.15812679892, 581241.6720703929)], [133, 2, (232655.12009389707, 584842.9463384732)], [145, 2, (234496.97909792938, 583905.3416356744)], [15, 2, (238019.24414109826, 583445.5433808594)], [204, 2, (231500.9819879307, 583331.4448592439)], [210, 2, (230856.97257168783, 584783.3023666191)], [31, 2, (240666.6830549136, 585085.646642521)], [41, 2, (231800.43374037434, 582726.2128539452)], [8, 2, (236762.07022344676, 582846.3790136421)], [90, 2, (233467.2189357769, 582217.3355930748)], [98, 2, (235080.25205405895, 582006.7023897036)]]]
[2.4000000000000004, 17.017773389816284, 0.22444540074045205, 0.23126738569655472, 0.2177029878878631, 0, [[109, 2, (233734.15812679892, 581241.6720703929)], [133, 2, (232655.12009389707, 584842.9463384732)], [145, 2, (234496.97909792938, 583905.3416356744)], [15, 2, (238019.24414109826, 583445.5433808594)], [204, 2, (231500.9819879307, 583331.4448592439)], [210, 2, (230856.97257168783, 584783.3023666191)], [31, 2, (240666.6830549136, 585085.646642521)], [41, 2, (231800.43374037434, 582726.2128539452)], [70, 2, (233298.2331941409, 581691.3840471677)], [8, 2, (236762.07022344676, 582846.3790136421)], [90, 2, (233467.2189357769, 582217.3355930748)], [98, 2, (235080.25205405895, 582006.7023897036)]]]
[2.6000000000000005, 18.190884828567505, 0.23619312494181455, 0.24297471626197997, 0.22850059266866563, 0, [[109, 2, (233734.15812679892, 581241.6720703929)], [133, 2, (232655.12009389707, 584842.9463384732)], [145, 2, (234496.97909792938, 583905.3416356744)], [15, 2, (238019.24414109826, 583445.5433808594)], [204, 2, (231500.9819879307, 583331.4448592439)], [210, 2, (230856.97257168783, 584783.3023666191)], [286, 2, (235518.44881735323, 582879.0074353205)], [31, 2, (240666.6830549136, 585085.646642521)], [41, 2, (231800.43374037434, 582726.2128539452)], [70, 2, (233298.2331941409, 581691.3840471677)], [8, 2, (236762.07022344676, 582846.3790136421)], [90, 2, (233467.2189357769, 582217.3355930748)], [98, 2, (235080.25205405895, 582006.7023897036)]]]
[2.8000000000000003, 38.099743604660034, 0.2473617852938373, 0.25403874451365854, 0.23833608060763348, 0, [[109, 2, (233734.15812679892, 581241.6720703929)], [133, 2, (232655.12009389707, 584842.9463384732)], [145, 2, (234496.97909792938, 583905.3416356744)], [15, 2, (238019.24414109826, 583445.5433808594)], [204, 2, (231500.9819879307, 583331.4448592439)], [210, 2, (230856.97257168783, 584783.3023666191)], [277, 2, (234043.68278234464, 584156.620584977)], [286, 2, (235518.44881735323, 582879.0074353205)], [31, 2, (240666.6830549136, 585085.646642521)], [41, 2, (231800.43374037434, 582726.2128539452)], [70, 2, (233298.2331941409, 581691.3840471677)], [8, 2, (236762.07022344676, 582846.3790136421)], [90, 2, (233467.2189357769, 582217.3355930748)], [98, 2, (235080.25205405895, 582006.7023897036)]]]
[3.0000000000000004, 42.14663338661194, 0.25819087113102057, 0.26483679301245405, 0.24803082393535894, 0, [[109, 2, (233734.15812679892, 581241.6720703929)], [133, 2, (232655.12009389707, 584842.9463384732)], [145, 2, (234496.97909792938, 583905.3416356744)], [15, 2, (238019.24414109826, 583445.5433808594)], [204, 2, (231500.9819879307, 583331.4448592439)], [210, 2, (230856.97257168783, 584783.3023666191)], [221, 2, (232827.90247666204, 582019.7724067986)], [277, 2, (234043.68278234464, 584156.620584977)], [286, 2, (235518.44881735323, 582879.0074353205)], [31, 2, (240666.6830549136, 585085.646642521)], [41, 2, (231800.43374037434, 582726.2128539452)], [70, 2, (233298.2331941409, 581691.3840471677)], [8, 2, (236762.07022344676, 582846.3790136421)], [90, 2, (233467.2189357769, 582217.3355930748)], [98, 2, (235080.25205405895, 582006.7023897036)]]]
[3.2, 124.73348879814148, 0.26898345792232303, 0.275595219021499, 0.25753538243663315, 0, [[109, 2, (233734.15812679892, 581241.6720703929)], [133, 2, (232655.12009389707, 584842.9463384732)], [145, 2, (234496.97909792938, 583905.3416356744)], [15, 2, (238019.24414109826, 583445.5433808594)], [17, 2, (238378.43668899868, 583616.7332000644)], [204, 2, (231500.9819879307, 583331.4448592439)], [210, 2, (230856.97257168783, 584783.3023666191)], [221, 2, (232827.90247666204, 582019.7724067986)], [277, 2, (234043.68278234464, 584156.620584977)], [286, 2, (235518.44881735323, 582879.0074353205)], [31, 2, (240666.6830549136, 585085.646642521)], [41, 2, (231800.43374037434, 582726.2128539452)], [70, 2, (233298.2331941409, 581691.3840471677)], [8, 2, (236762.07022344676, 582846.3790136421)], [90, 2, (233467.2189357769, 582217.3355930748)], [98, 2, (235080.25205405895, 582006.7023897036)]]]
[3.4000000000000004, 1167.0172288417816, 0.2789723279615069, 0.2855591261761028, 0.2666180174760834, 0, [[109, 2, (233734.15812679892, 581241.6720703929)], [133, 2, (232655.12009389707, 584842.9463384732)], [145, 2, (234496.97909792938, 583905.3416356744)], [15, 2, (238019.24414109826, 583445.5433808594)], [17, 2, (238378.43668899868, 583616.7332000644)], [204, 2, (231500.9819879307, 583331.4448592439)], [205, 2, (231285.75287986148, 583759.245981782)], [210, 2, (230856.97257168783, 584783.3023666191)], [221, 2, (232827.90247666204, 582019.7724067986)], [277, 2, (234043.68278234464, 584156.620584977)], [286, 2, (235518.44881735323, 582879.0074353205)], [31, 2, (240666.6830549136, 585085.646642521)], [41, 2, (231800.43374037434, 582726.2128539452)], [70, 2, (233298.2331941409, 581691.3840471677)], [8, 2, (236762.07022344676, 582846.3790136421)], [90, 2, (233467.2189357769, 582217.3355930748)], [98, 2, (235080.25205405895, 582006.7023897036)]]]
[3.6000000000000005, 1497.4281027317047, 0.2888988359657596, 0.2954713266144368, 0.2756651708054795, 0, [[109, 2, (233734.15812679892, 581241.6720703929)], [133, 2, (232655.12009389707, 584842.9463384732)], [145, 2, (234496.97909792938, 583905.3416356744)], [15, 2, (238019.24414109826, 583445.5433808594)], [159, 2, (235406.44730945528, 583034.9258935207)], [17, 2, (238378.43668899868, 583616.7332000644)], [204, 2, (231500.9819879307, 583331.4448592439)], [205, 2, (231285.75287986148, 583759.245981782)], [210, 2, (230856.97257168783, 584783.3023666191)], [221, 2, (232827.90247666204, 582019.7724067986)], [277, 2, (234043.68278234464, 584156.620584977)], [286, 2, (235518.44881735323, 582879.0074353205)], [31, 2, (240666.6830549136, 585085.646642521)], [41, 2, (231800.43374037434, 582726.2128539452)], [70, 2, (233298.2331941409, 581691.3840471677)], [8, 2, (236762.07022344676, 582846.3790136421)], [90, 2, (233467.2189357769, 582217.3355930748)], [98, 2, (235080.25205405895, 582006.7023897036)]]]
[3.8000000000000003, 818.2181453704834, 0.29860978322245746, 0.3051692370280751, 0.2839868342490721, 0, [[109, 2, (233734.15812679892, 581241.6720703929)], [133, 2, (232655.12009389707, 584842.9463384732)], [145, 2, (234496.97909792938, 583905.3416356744)], [15, 2, (238019.24414109826, 583445.5433808594)], [159, 2, (235406.44730945528, 583034.9258935207)], [17, 2, (238378.43668899868, 583616.7332000644)], [204, 2, (231500.9819879307, 583331.4448592439)], [205, 2, (231285.75287986148, 583759.245981782)], [210, 2, (230856.97257168783, 584783.3023666191)], [221, 2, (232827.90247666204, 582019.7724067986)], [277, 2, (234043.68278234464, 584156.620584977)], [286, 2, (235518.44881735323, 582879.0074353205)], [31, 2, (240666.6830549136, 585085.646642521)], [41, 2, (231800.43374037434, 582726.2128539452)], [70, 2, (233298.2331941409, 581691.3840471677)], [8, 2, (236762.07022344676, 582846.3790136421)], [82, 2, (234074.2867080758, 582968.4699835483)], [90, 2, (233467.2189357769, 582217.3355930748)], [98, 2, (235080.25205405895, 582006.7023897036)]]]
[4.0, 505.2522337436676, 0.30810882292801517, 0.3146625639948041, 0.2922493614734404, 0, [[109, 2, (233734.15812679892, 581241.6720703929)], [133, 2, (232655.12009389707, 584842.9463384732)], [145, 2, (234496.97909792938, 583905.3416356744)], [15, 2, (238019.24414109826, 583445.5433808594)], [159, 2, (235406.44730945528, 583034.9258935207)], [17, 2, (238378.43668899868, 583616.7332000644)], [204, 2, (231500.9819879307, 583331.4448592439)], [205, 2, (231285.75287986148, 583759.245981782)], [210, 2, (230856.97257168783, 584783.3023666191)], [221, 2, (232827.90247666204, 582019.7724067986)], [274, 2, (234495.50944963004, 583902.726270714)], [277, 2, (234043.68278234464, 584156.620584977)], [286, 2, (235518.44881735323, 582879.0074353205)], [31, 2, (240666.6830549136, 585085.646642521)], [41, 2, (231800.43374037434, 582726.2128539452)], [70, 2, (233298.2331941409, 581691.3840471677)], [8, 2, (236762.07022344676, 582846.3790136421)], [82, 2, (234074.2867080758, 582968.4699835483)], [90, 2, (233467.2189357769, 582217.3355930748)], [98, 2, (235080.25205405895, 582006.7023897036)]]]
