['budget', 'runtime', 'objective_value', 'flow_caught_optimal', 'flow_caught_fixed_solution', 'flow_impact_area', ['solution']]
[0.2, 5.782099962234497, 0.035544068980592175, 0.0410910450425784, 0.04109089549742494, 0, [[15, 2, (238019.24414109826, 583445.5433808594)]]]
[0.4, 5.797746658325195, 0.06548946533162815, 0.07091091276234382, 0.07091065409039296, 0, [[15, 2, (238019.24414109826, 583445.5433808594)], [90, 2, (233467.2189357769, 582217.3355930748)]]]
[0.6000000000000001, 6.219533443450928, 0.08807323715926793, 0.09297398983887153, 0.09297398901084201, 0, [[15, 2, (238019.24414109826, 583445.5433808594)], [8, 2, (236762.07022344676, 582846.3790136421)], [90, 2, (233467.2189357769, 582217.3355930748)]]]
[0.8, 6.266217947006226, 0.10367703608192026, 0.10844582498377586, 0.10844574944211957, 0, [[15, 2, (238019.24414109826, 583445.5433808594)], [8, 2, (236762.07022344676, 582846.3790136421)], [90, 2, (233467.2189357769, 582217.3355930748)], [98, 2, (235080.25205405895, 582006.7023897036)]]]
[1.0, 6.658292293548584, 0.11869306620427612, 0.12345506058979937, 0.12345493563721441, 0, [[109, 2, (233734.15812679892, 581241.6720703929)], [15, 2, (238019.24414109826, 583445.5433808594)], [8, 2, (236762.07022344676, 582846.3790136421)], [90, 2, (233467.2189357769, 582217.3355930748)], [98, 2, (235080.25205405895, 582006.7023897036)]]]
[1.2, 7.313174724578857, 0.130800957700347, 0.13552216033285813, 0.13272391745381557, 0, [[109, 2, (233734.15812679892, 581241.6720703929)], [15, 2, (238019.24414109826, 583445.5433808594)], [70, 2, (233298.2331941409, 581691.3840471677)], [8, 2, (236762.07022344676, 582846.3790136421)], [90, 2, (233467.2189357769, 582217.3355930748)], [98, 2, (235080.25205405895, 582006.7023897036)]]]
[1.4000000000000001, 7.829924583435059, 0.14255180781089088, 0.1472326457175394, 0.1447908058032784, 0, [[109, 2, (233734.15812679892, 581241.6720703929)], [15, 2, (238019.24414109826, 583445.5433808594)], [286, 2, (235518.44881735323, 582879.0074353205)], [70, 2, (233298.2331941409, 581691.3840471677)], [8, 2, (236762.07022344676, 582846.3790136421)], [90, 2, (233467.2189357769, 582217.3355930748)], [98, 2, (235080.25205405895, 582006.7023897036)]]]
[1.6, 8.047444820404053, 0.15338010189258794, 0.15802990777928536, 0.15500665848610418, 0, [[109, 2, (233734.15812679892, 581241.6720703929)], [15, 2, (238019.24414109826, 583445.5433808594)], [221, 2, (232827.90247666204, 582019.7724067986)], [286, 2, (235518.44881735323, 582879.0074353205)], [70, 2, (233298.2331941409, 581691.3840471677)], [8, 2, (236762.07022344676, 582846.3790136421)], [90, 2, (233467.2189357769, 582217.3355930748)], [98, 2, (235080.25205405895, 582006.7023897036)]]]
[1.8, 8.143024921417236, 0.16420107359829966, 0.1688491330617642, 0.16542090141489435, 0, [[109, 2, (233734.15812679892, 581241.6720703929)], [15, 2, (238019.24414109826, 583445.5433808594)], [221, 2, (232827.90247666204, 582019.7724067986)], [274, 2, (234495.50944963004, 583902.726270714)], [286, 2, (235518.44881735323, 582879.0074353205)], [70, 2, (233298.2331941409, 581691.3840471677)], [8, 2, (236762.07022344676, 582846.3790136421)], [90, 2, (233467.2189357769, 582217.3355930748)], [98, 2, (235080.25205405895, 582006.7023897036)]]]
[2.0, 8.219192743301392, 0.17470474529072733, 0.179334684276833, 0.17712965600253094, 0, [[109, 2, (233734.15812679892, 581241.6720703929)], [15, 2, (238019.24414109826, 583445.5433808594)], [17, 2, (238378.43668899868, 583616.7332000644)], [221, 2, (232827.90247666204, 582019.7724067986)], [274, 2, (234495.50944963004, 583902.726270714)], [286, 2, (235518.44881735323, 582879.0074353205)], [70, 2, (233298.2331941409, 581691.3840471677)], [8, 2, (236762.07022344676, 582846.3790136421)], [90, 2, (233467.2189357769, 582217.3355930748)], [98, 2, (235080.25205405895, 582006.7023897036)]]]
[2.2, 8.640913248062134, 0.18520316699758957, 0.18982101329924106, 0.18761520211098323, 0, [[109, 2, (233734.15812679892, 581241.6720703929)], [15, 2, (238019.24414109826, 583445.5433808594)], [17, 2, (238378.43668899868, 583616.7332000644)], [202, 2, (231706.21074463628, 582890.6584573677)], [221, 2, (232827.90247666204, 582019.7724067986)], [274, 2, (234495.50944963004, 583902.726270714)], [286, 2, (235518.44881735323, 582879.0074353205)], [70, 2, (233298.2331941409, 581691.3840471677)], [8, 2, (236762.07022344676, 582846.3790136421)], [90, 2, (233467.2189357769, 582217.3355930748)], [98, 2, (235080.25205405895, 582006.7023897036)]]]
[2.4000000000000004, 9.689110279083252, 0.19506228333328282, 0.19966602462406954, 0.19765748430450245, 0, [[109, 2, (233734.15812679892, 581241.6720703929)], [15, 2, (238019.24414109826, 583445.5433808594)], [159, 2, (235406.44730945528, 583034.9258935207)], [17, 2, (238378.43668899868, 583616.7332000644)], [202, 2, (231706.21074463628, 582890.6584573677)], [221, 2, (232827.90247666204, 582019.7724067986)], [274, 2, (234495.50944963004, 583902.726270714)], [286, 2, (235518.44881735323, 582879.0074353205)], [70, 2, (233298.2331941409, 581691.3840471677)], [8, 2, (236762.07022344676, 582846.3790136421)], [90, 2, (233467.2189357769, 582217.3355930748)], [98, 2, (235080.25205405895, 582006.7023897036)]]]
[2.6000000000000005, 9.939013957977295, 0.2047701140337803, 0.20936082730512312, 0.2084542739562063, 0, [[109, 2, (233734.15812679892, 581241.6720703929)], [15, 2, (238019.24414109826, 583445.5433808594)], [159, 2, (235406.44730945528, 583034.9258935207)], [17, 2, (238378.43668899868, 583616.7332000644)], [202, 2, (231706.21074463628, 582890.6584573677)], [221, 2, (232827.90247666204, 582019.7724067986)], [274, 2, (234495.50944963004, 583902.726270714)], [286, 2, (235518.44881735323, 582879.0074353205)], [70, 2, (233298.2331941409, 581691.3840471677)], [8, 2, (236762.07022344676, 582846.3790136421)], [82, 2, (234074.2867080758, 582968.4699835483)], [90, 2, (233467.2189357769, 582217.3355930748)], [98, 2, (235080.25205405895, 582006.7023897036)]]]
[2.8000000000000003, 9.095369338989258, 0.2141902019218593, 0.21878200156204977, 0.218283196263744, 0, [[109, 2, (233734.15812679892, 581241.6720703929)], [145, 2, (234496.97909792938, 583905.3416356744)], [15, 2, (238019.24414109826, 583445.5433808594)], [159, 2, (235406.44730945528, 583034.9258935207)], [17, 2, (238378.43668899868, 583616.7332000644)], [202, 2, (231706.21074463628, 582890.6584573677)], [221, 2, (232827.90247666204, 582019.7724067986)], [274, 2, (234495.50944963004, 583902.726270714)], [286, 2, (235518.44881735323, 582879.0074353205)], [70, 2, (233298.2331941409, 581691.3840471677)], [8, 2, (236762.07022344676, 582846.3790136421)], [82, 2, (234074.2867080758, 582968.4699835483)], [90, 2, (233467.2189357769, 582217.3355930748)], [98, 2, (235080.25205405895, 582006.7023897036)]]]
[3.0000000000000004, 12.063732624053955, 0.22355459939655284, 0.2281433073967983, 0.22797797935879796, 0, [[109, 2, (233734.15812679892, 581241.6720703929)], [145, 2, (234496.97909792938, 583905.3416356744)], [15, 2, (238019.24414109826, 583445.5433808594)], [159, 2, (235406.44730945528, 583034.9258935207)], [17, 2, (238378.43668899868, 583616.7332000644)], [202, 2, (231706.21074463628, 582890.6584573677)], [221, 2, (232827.90247666204, 582019.7724067986)], [236, 2, (234099.150698051, 582123.9545082363)], [274, 2, (234495.50944963004, 583902.726270714)], [286, 2, (235518.44881735323, 582879.0074353205)], [70, 2, (233298.2331941409, 581691.3840471677)], [8, 2, (236762.07022344676, 582846.3790136421)], [82, 2, (234074.2867080758, 582968.4699835483)], [90, 2, (233467.2189357769, 582217.3355930748)], [98, 2, (235080.25205405895, 582006.7023897036)]]]
[3.2, 12.065364122390747, 0.23262407170307148, 0.23721492794674692, 0.2367052229431093, 0, [[109, 2, (233734.15812679892, 581241.6720703929)], [145, 2, (234496.97909792938, 583905.3416356744)], [15, 2, (238019.24414109826, 583445.5433808594)], [159, 2, (235406.44730945528, 583034.9258935207)], [17, 2, (238378.43668899868, 583616.7332000644)], [202, 2, (231706.21074463628, 582890.6584573677)], [221, 2, (232827.90247666204, 582019.7724067986)], [236, 2, (234099.150698051, 582123.9545082363)], [274, 2, (234495.50944963004, 583902.726270714)], [286, 2, (235518.44881735323, 582879.0074353205)], [70, 2, (233298.2331941409, 581691.3840471677)], [8, 2, (236762.07022344676, 582846.3790136421)], [82, 2, (234074.2867080758, 582968.4699835483)], [90, 2, (233467.2189357769, 582217.3355930748)], [91, 2, (233632.3160047483, 582305.8619288091)], [98, 2, (235080.25205405895, 582006.7023897036)]]]
[3.4000000000000004, 15.627451658248901, 0.24165538073176832, 0.24623479148768254, 0.2457878585393147, 0, [[109, 2, (233734.15812679892, 581241.6720703929)], [111, 2, (234557.8505954967, 581585.1904894632)], [145, 2, (234496.97909792938, 583905.3416356744)], [15, 2, (238019.24414109826, 583445.5433808594)], [159, 2, (235406.44730945528, 583034.9258935207)], [17, 2, (238378.43668899868, 583616.7332000644)], [202, 2, (231706.21074463628, 582890.6584573677)], [221, 2, (232827.90247666204, 582019.7724067986)], [236, 2, (234099.150698051, 582123.9545082363)], [274, 2, (234495.50944963004, 583902.726270714)], [286, 2, (235518.44881735323, 582879.0074353205)], [70, 2, (233298.2331941409, 581691.3840471677)], [8, 2, (236762.07022344676, 582846.3790136421)], [82, 2, (234074.2867080758, 582968.4699835483)], [90, 2, (233467.2189357769, 582217.3355930748)], [91, 2, (233632.3160047483, 582305.8619288091)], [98, 2, (235080.25205405895, 582006.7023897036)]]]
[3.6000000000000005, 13.893192529678345, 0.2503170280382042, 0.25488995016123417, 0.2548349605342828, 0, [[109, 2, (233734.15812679892, 581241.6720703929)], [111, 2, (234557.8505954967, 581585.1904894632)], [145, 2, (234496.97909792938, 583905.3416356744)], [15, 2, (238019.24414109826, 583445.5433808594)], [159, 2, (235406.44730945528, 583034.9258935207)], [17, 2, (238378.43668899868, 583616.7332000644)], [202, 2, (231706.21074463628, 582890.6584573677)], [221, 2, (232827.90247666204, 582019.7724067986)], [236, 2, (234099.150698051, 582123.9545082363)], [274, 2, (234495.50944963004, 583902.726270714)], [286, 2, (235518.44881735323, 582879.0074353205)], [40, 2, (231708.8370217081, 582892.1085155534)], [70, 2, (233298.2331941409, 581691.3840471677)], [8, 2, (236762.07022344676, 582846.3790136421)], [82, 2, (234074.2867080758, 582968.4699835483)], [90, 2, (233467.2189357769, 582217.3355930748)], [91, 2, (233632.3160047483, 582305.8619288091)], [98, 2, (235080.25205405895, 582006.7023897036)]]]
[3.8000000000000003, 34.27168083190918, 0.2586906699806937, 0.26321165813993047, 0.2631567431575769, 0, [[109, 2, (233734.15812679892, 581241.6720703929)], [111, 2, (234557.8505954967, 581585.1904894632)], [145, 2, (234496.97909792938, 583905.3416356744)], [15, 2, (238019.24414109826, 583445.5433808594)], [159, 2, (235406.44730945528, 583034.9258935207)], [17, 2, (238378.43668899868, 583616.7332000644)], [202, 2, (231706.21074463628, 582890.6584573677)], [221, 2, (232827.90247666204, 582019.7724067986)], [236, 2, (234099.150698051, 582123.9545082363)], [274, 2, (234495.50944963004, 583902.726270714)], [286, 2, (235518.44881735323, 582879.0074353205)], [291, 2, (235634.6330434814, 582414.0495115482)], [40, 2, (231708.8370217081, 582892.1085155534)], [70, 2, (233298.2331941409, 581691.3840471677)], [8, 2, (236762.07022344676, 582846.3790136421)], [82, 2, (234074.2867080758, 582968.4699835483)], [90, 2, (233467.2189357769, 582217.3355930748)], [91, 2, (233632.3160047483, 582305.8619288091)], [98, 2, (235080.25205405895, 582006.7023897036)]]]
[4.0, 33.817054986953735, 0.26689850104032353, 0.27141927041358854, 0.2714192704135893, 0, [[109, 2, (233734.15812679892, 581241.6720703929)], [111, 2, (234557.8505954967, 581585.1904894632)], [145, 2, (234496.97909792938, 583905.3416356744)], [15, 2, (238019.24414109826, 583445.5433808594)], [159, 2, (235406.44730945528, 583034.9258935207)], [17, 2, (238378.43668899868, 583616.7332000644)], [202, 2, (231706.21074463628, 582890.6584573677)], [221, 2, (232827.90247666204, 582019.7724067986)], [236, 2, (234099.150698051, 582123.9545082363)], [274, 2, (234495.50944963004, 583902.726270714)], [286, 2, (235518.44881735323, 582879.0074353205)], [291, 2, (235634.6330434814, 582414.0495115482)], [40, 2, (231708.8370217081, 582892.1085155534)], [70, 2, (233298.2331941409, 581691.3840471677)], [8, 2, (236762.07022344676, 582846.3790136421)], [82, 2, (234074.2867080758, 582968.4699835483)], [90, 2, (233467.2189357769, 582217.3355930748)], [91, 2, (233632.3160047483, 582305.8619288091)], [92, 2, (234101.79707441063, 582125.3675518178)], [98, 2, (235080.25205405895, 582006.7023897036)]]]
