['budget', 'runtime', 'objective_value', 'flow_caught_optimal', 'flow_caught_fixed_solution', 'flow_impact_area', ['solution']]
[0.2, 5.627070665359497, 0.024163581730545284, 0.030168346625257858, 0.025547170847663406, 0, [[183, 2, (236763.36091987896, 582843.6708587869)]]]
[0.4, 5.874283790588379, 0.04761568838038959, 0.053487900795642404, 0.04886672952252963, 0, [[183, 2, (236763.36091987896, 582843.6708587869)], [90, 2, (233467.2189357769, 582217.3355930748)]]]
[0.6000000000000001, 6.5319719314575195, 0.06648173961043907, 0.07187710652293051, 0.07187710652293064, 0, [[15, 2, (238019.24414109826, 583445.5433808594)], [8, 2, (236762.07022344676, 582846.3790136421)], [90, 2, (233467.2189357769, 582217.3355930748)]]]
[0.8, 7.361227750778198, 0.08349823053318194, 0.08881190713151532, 0.08518320397422094, 0, [[15, 2, (238019.24414109826, 583445.5433808594)], [221, 2, (232827.90247666204, 582019.7724067986)], [8, 2, (236762.07022344676, 582846.3790136421)], [90, 2, (233467.2189357769, 582217.3355930748)]]]
[1.0, 9.423723697662354, 0.09972038956128812, 0.10483921804048282, 0.0993782139794836, 0, [[16, 2, (238198.8404150485, 583531.138290462)], [183, 2, (236763.36091987896, 582843.6708587869)], [187, 2, (236044.97582407808, 582501.2912203771)], [221, 2, (232827.90247666204, 582019.7724067986)], [90, 2, (233467.2189357769, 582217.3355930748)]]]
[1.2, 11.751293897628784, 0.11501191063175807, 0.1201196955911953, 0.1114247996300945, 0, [[16, 2, (238198.8404150485, 583531.138290462)], [183, 2, (236763.36091987896, 582843.6708587869)], [187, 2, (236044.97582407808, 582501.2912203771)], [221, 2, (232827.90247666204, 582019.7724067986)], [70, 2, (233298.2331941409, 581691.3840471677)], [91, 2, (233632.3160047483, 582305.8619288091)]]]
[1.4000000000000001, 14.69028377532959, 0.12914648826674396, 0.1342511239182299, 0.12813896936371566, 0, [[109, 2, (233734.15812679892, 581241.6720703929)], [16, 2, (238198.8404150485, 583531.138290462)], [183, 2, (236763.36091987896, 582843.6708587869)], [187, 2, (236044.97582407808, 582501.2912203771)], [221, 2, (232827.90247666204, 582019.7724067986)], [70, 2, (233298.2331941409, 581691.3840471677)], [91, 2, (233632.3160047483, 582305.8619288091)]]]
[1.6, 17.987852096557617, 0.14275358207424452, 0.14773622120232824, 0.13999871936822078, 0, [[109, 2, (233734.15812679892, 581241.6720703929)], [16, 2, (238198.8404150485, 583531.138290462)], [183, 2, (236763.36091987896, 582843.6708587869)], [187, 2, (236044.97582407808, 582501.2912203771)], [221, 2, (232827.90247666204, 582019.7724067986)], [243, 2, (234607.7319870302, 581754.5743428438)], [70, 2, (233298.2331941409, 581691.3840471677)], [91, 2, (233632.3160047483, 582305.8619288091)]]]
[1.8, 18.09581756591797, 0.1558881741102697, 0.16120272914646616, 0.15268855322435448, 0, [[109, 2, (233734.15812679892, 581241.6720703929)], [111, 2, (234557.8505954967, 581585.1904894632)], [16, 2, (238198.8404150485, 583531.138290462)], [183, 2, (236763.36091987896, 582843.6708587869)], [221, 2, (232827.90247666204, 582019.7724067986)], [286, 2, (235518.44881735323, 582879.0074353205)], [291, 2, (235634.6330434814, 582414.0495115482)], [70, 2, (233298.2331941409, 581691.3840471677)], [91, 2, (233632.3160047483, 582305.8619288091)]]]
[2.0, 22.87619686126709, 0.16860350279361766, 0.17389240628213135, 0.1674708131981273, 0, [[109, 2, (233734.15812679892, 581241.6720703929)], [111, 2, (234557.8505954967, 581585.1904894632)], [16, 2, (238198.8404150485, 583531.138290462)], [183, 2, (236763.36091987896, 582843.6708587869)], [221, 2, (232827.90247666204, 582019.7724067986)], [286, 2, (235518.44881735323, 582879.0074353205)], [291, 2, (235634.6330434814, 582414.0495115482)], [40, 2, (231708.8370217081, 582892.1085155534)], [70, 2, (233298.2331941409, 581691.3840471677)], [91, 2, (233632.3160047483, 582305.8619288091)]]]
[2.2, 18.90866994857788, 0.18049218183937696, 0.18567481621681942, 0.1742680512018845, 0, [[109, 2, (233734.15812679892, 581241.6720703929)], [16, 2, (238198.8404150485, 583531.138290462)], [183, 2, (236763.36091987896, 582843.6708587869)], [221, 2, (232827.90247666204, 582019.7724067986)], [243, 2, (234607.7319870302, 581754.5743428438)], [286, 2, (235518.44881735323, 582879.0074353205)], [291, 2, (235634.6330434814, 582414.0495115482)], [40, 2, (231708.8370217081, 582892.1085155534)], [70, 2, (233298.2331941409, 581691.3840471677)], [91, 2, (233632.3160047483, 582305.8619288091)], [92, 2, (234101.79707441063, 582125.3675518178)]]]
[2.4000000000000004, 42.803531885147095, 0.1923532504788193, 0.19753246173917796, 0.18439002484554382, 0, [[109, 2, (233734.15812679892, 581241.6720703929)], [145, 2, (234496.97909792938, 583905.3416356744)], [16, 2, (238198.8404150485, 583531.138290462)], [183, 2, (236763.36091987896, 582843.6708587869)], [221, 2, (232827.90247666204, 582019.7724067986)], [243, 2, (234607.7319870302, 581754.5743428438)], [286, 2, (235518.44881735323, 582879.0074353205)], [291, 2, (235634.6330434814, 582414.0495115482)], [40, 2, (231708.8370217081, 582892.1085155534)], [70, 2, (233298.2331941409, 581691.3840471677)], [91, 2, (233632.3160047483, 582305.8619288091)], [92, 2, (234101.79707441063, 582125.3675518178)]]]
[2.6000000000000005, 52.94499444961548, 0.20383077923001763, 0.20898872827441012, 0.19948225298215894, 0, [[109, 2, (233734.15812679892, 581241.6720703929)], [111, 2, (234557.8505954967, 581585.1904894632)], [145, 2, (234496.97909792938, 583905.3416356744)], [16, 2, (238198.8404150485, 583531.138290462)], [183, 2, (236763.36091987896, 582843.6708587869)], [221, 2, (232827.90247666204, 582019.7724067986)], [286, 2, (235518.44881735323, 582879.0074353205)], [291, 2, (235634.6330434814, 582414.0495115482)], [40, 2, (231708.8370217081, 582892.1085155534)], [70, 2, (233298.2331941409, 581691.3840471677)], [91, 2, (233632.3160047483, 582305.8619288091)], [92, 2, (234101.79707441063, 582125.3675518178)], [98, 2, (235080.25205405895, 582006.7023897036)]]]
[2.8000000000000003, 39.28763771057129, 0.2142569533249567, 0.21909157564366655, 0.20935569269232246, 0, [[109, 2, (233734.15812679892, 581241.6720703929)], [111, 2, (234557.8505954967, 581585.1904894632)], [145, 2, (234496.97909792938, 583905.3416356744)], [16, 2, (238198.8404150485, 583531.138290462)], [183, 2, (236763.36091987896, 582843.6708587869)], [221, 2, (232827.90247666204, 582019.7724067986)], [286, 2, (235518.44881735323, 582879.0074353205)], [291, 2, (235634.6330434814, 582414.0495115482)], [40, 2, (231708.8370217081, 582892.1085155534)], [70, 2, (233298.2331941409, 581691.3840471677)], [7, 2, (236582.47394949658, 582760.7841040397)], [91, 2, (233632.3160047483, 582305.8619288091)], [92, 2, (234101.79707441063, 582125.3675518178)], [98, 2, (235080.25205405895, 582006.7023897036)]]]
[3.0000000000000004, 52.60064673423767, 0.2243784267377429, 0.2292130566896594, 0.21857070014266722, 0, [[109, 2, (233734.15812679892, 581241.6720703929)], [111, 2, (234557.8505954967, 581585.1904894632)], [145, 2, (234496.97909792938, 583905.3416356744)], [16, 2, (238198.8404150485, 583531.138290462)], [183, 2, (236763.36091987896, 582843.6708587869)], [221, 2, (232827.90247666204, 582019.7724067986)], [274, 2, (234495.50944963004, 583902.726270714)], [286, 2, (235518.44881735323, 582879.0074353205)], [291, 2, (235634.6330434814, 582414.0495115482)], [40, 2, (231708.8370217081, 582892.1085155534)], [70, 2, (233298.2331941409, 581691.3840471677)], [7, 2, (236582.47394949658, 582760.7841040397)], [91, 2, (233632.3160047483, 582305.8619288091)], [92, 2, (234101.79707441063, 582125.3675518178)], [98, 2, (235080.25205405895, 582006.7023897036)]]]
[3.2, 127.18943166732788, 0.23420608907953647, 0.23903046620452909, 0.22745171555411747, 0, [[109, 2, (233734.15812679892, 581241.6720703929)], [111, 2, (234557.8505954967, 581585.1904894632)], [145, 2, (234496.97909792938, 583905.3416356744)], [159, 2, (235406.44730945528, 583034.9258935207)], [16, 2, (238198.8404150485, 583531.138290462)], [183, 2, (236763.36091987896, 582843.6708587869)], [221, 2, (232827.90247666204, 582019.7724067986)], [274, 2, (234495.50944963004, 583902.726270714)], [286, 2, (235518.44881735323, 582879.0074353205)], [291, 2, (235634.6330434814, 582414.0495115482)], [40, 2, (231708.8370217081, 582892.1085155534)], [70, 2, (233298.2331941409, 581691.3840471677)], [7, 2, (236582.47394949658, 582760.7841040397)], [91, 2, (233632.3160047483, 582305.8619288091)], [92, 2, (234101.79707441063, 582125.3675518178)], [98, 2, (235080.25205405895, 582006.7023897036)]]]
[3.4000000000000004, 130.18998765945435, 0.24343497421413923, 0.2482454676565426, 0.23976457449744515, 0, [[109, 2, (233734.15812679892, 581241.6720703929)], [111, 2, (234557.8505954967, 581585.1904894632)], [145, 2, (234496.97909792938, 583905.3416356744)], [159, 2, (235406.44730945528, 583034.9258935207)], [16, 2, (238198.8404150485, 583531.138290462)], [183, 2, (236763.36091987896, 582843.6708587869)], [221, 2, (232827.90247666204, 582019.7724067986)], [274, 2, (234495.50944963004, 583902.726270714)], [286, 2, (235518.44881735323, 582879.0074353205)], [291, 2, (235634.6330434814, 582414.0495115482)], [40, 2, (231708.8370217081, 582892.1085155534)], [70, 2, (233298.2331941409, 581691.3840471677)], [7, 2, (236582.47394949658, 582760.7841040397)], [82, 2, (234074.2867080758, 582968.4699835483)], [91, 2, (233632.3160047483, 582305.8619288091)], [92, 2, (234101.79707441063, 582125.3675518178)], [98, 2, (235080.25205405895, 582006.7023897036)]]]
[3.6000000000000005, 559.615786075592, 0.2523763016162541, 0.2571921481580379, 0.24742627541397022, 0, [[109, 2, (233734.15812679892, 581241.6720703929)], [111, 2, (234557.8505954967, 581585.1904894632)], [145, 2, (234496.97909792938, 583905.3416356744)], [159, 2, (235406.44730945528, 583034.9258935207)], [16, 2, (238198.8404150485, 583531.138290462)], [183, 2, (236763.36091987896, 582843.6708587869)], [221, 2, (232827.90247666204, 582019.7724067986)], [246, 2, (233734.26137475233, 581238.6738476093)], [274, 2, (234495.50944963004, 583902.726270714)], [286, 2, (235518.44881735323, 582879.0074353205)], [291, 2, (235634.6330434814, 582414.0495115482)], [40, 2, (231708.8370217081, 582892.1085155534)], [70, 2, (233298.2331941409, 581691.3840471677)], [7, 2, (236582.47394949658, 582760.7841040397)], [82, 2, (234074.2867080758, 582968.4699835483)], [91, 2, (233632.3160047483, 582305.8619288091)], [92, 2, (234101.79707441063, 582125.3675518178)], [98, 2, (235080.25205405895, 582006.7023897036)]]]
[3.8000000000000003, 105.1107931137085, 0.2612692678005503, 0.26607316606415593, 0.26083626937073356, 0, [[109, 2, (233734.15812679892, 581241.6720703929)], [111, 2, (234557.8505954967, 581585.1904894632)], [145, 2, (234496.97909792938, 583905.3416356744)], [159, 2, (235406.44730945528, 583034.9258935207)], [16, 2, (238198.8404150485, 583531.138290462)], [183, 2, (236763.36091987896, 582843.6708587869)], [202, 2, (231706.21074463628, 582890.6584573677)], [221, 2, (232827.90247666204, 582019.7724067986)], [246, 2, (233734.26137475233, 581238.6738476093)], [274, 2, (234495.50944963004, 583902.726270714)], [286, 2, (235518.44881735323, 582879.0074353205)], [291, 2, (235634.6330434814, 582414.0495115482)], [40, 2, (231708.8370217081, 582892.1085155534)], [70, 2, (233298.2331941409, 581691.3840471677)], [7, 2, (236582.47394949658, 582760.7841040397)], [82, 2, (234074.2867080758, 582968.4699835483)], [91, 2, (233632.3160047483, 582305.8619288091)], [92, 2, (234101.79707441063, 582125.3675518178)], [98, 2, (235080.25205405895, 582006.7023897036)]]]
[4.0, 49.2104172706604, 0.2700344891919956, 0.2748751068723458, 0.269567774400927, 0, [[109, 2, (233734.15812679892, 581241.6720703929)], [111, 2, (234557.8505954967, 581585.1904894632)], [145, 2, (234496.97909792938, 583905.3416356744)], [159, 2, (235406.44730945528, 583034.9258935207)], [16, 2, (238198.8404150485, 583531.138290462)], [183, 2, (236763.36091987896, 582843.6708587869)], [202, 2, (231706.21074463628, 582890.6584573677)], [221, 2, (232827.90247666204, 582019.7724067986)], [238, 2, (235397.5944795551, 582170.3633291331)], [246, 2, (233734.26137475233, 581238.6738476093)], [274, 2, (234495.50944963004, 583902.726270714)], [286, 2, (235518.44881735323, 582879.0074353205)], [291, 2, (235634.6330434814, 582414.0495115482)], [40, 2, (231708.8370217081, 582892.1085155534)], [70, 2, (233298.2331941409, 581691.3840471677)], [8, 2, (236762.07022344676, 582846.3790136421)], [82, 2, (234074.2867080758, 582968.4699835483)], [91, 2, (233632.3160047483, 582305.8619288091)], [92, 2, (234101.79707441063, 582125.3675518178)], [98, 2, (235080.25205405895, 582006.7023897036)]]]
