['budget', 'runtime', 'objective_value', 'flow_caught_optimal', 'flow_caught_fixed_solution', 'flow_impact_area', ['solution']]
[0.2, 5.909230947494507, 0.054364965665798806, 0.05498983171833435, 0, 0, [[144, 2, (84880.85876114457, 447505.5634201066)]]]
[0.4, 6.341783761978149, 0.09415796988850883, 0.09478321133265702, 0, 0, [[144, 2, (84880.85876114457, 447505.5634201066)], [70, 2, (84511.71855341281, 448279.6820707427)]]]
[0.6000000000000001, 6.2889580726623535, 0.1263949172257068, 0.12703348825970973, 0, 0, [[132, 2, (84242.91139009832, 448092.9856048382)], [144, 2, (84880.85876114457, 447505.5634201066)], [74, 2, (84794.90509058649, 448469.7079943947)]]]
[0.8, 6.6288228034973145, 0.15796895350820792, 0.1586021242321383, 0, 0, [[132, 2, (84242.91139009832, 448092.9856048382)], [144, 2, (84880.85876114457, 447505.5634201066)], [207, 2, (84230.3564312548, 447162.8424262521)], [74, 2, (84794.90509058649, 448469.7079943947)]]]
[1.0, 9.260014533996582, 0.18693757668467176, 0.1875728850741193, 0, 0, [[132, 2, (84242.91139009832, 448092.9856048382)], [144, 2, (84880.85876114457, 447505.5634201066)], [175, 2, (85103.32332840441, 447746.2241638586)], [207, 2, (84230.3564312548, 447162.8424262521)], [74, 2, (84794.90509058649, 448469.7079943947)]]]
[1.2, 11.109829902648926, 0.21375905164829287, 0.21440737753490685, 0, 0, [[132, 2, (84242.91139009832, 448092.9856048382)], [144, 2, (84880.85876114457, 447505.5634201066)], [175, 2, (85103.32332840441, 447746.2241638586)], [180, 2, (85404.66559511905, 447530.33605298545)], [207, 2, (84230.3564312548, 447162.8424262521)], [74, 2, (84794.90509058649, 448469.7079943947)]]]
[1.4000000000000001, 16.91042423248291, 0.23821917066928092, 0.23886146968236663, 0, 0, [[132, 2, (84242.91139009832, 448092.9856048382)], [144, 2, (84880.85876114457, 447505.5634201066)], [154, 2, (84688.10122435533, 447777.1268159442)], [177, 2, (85263.96897810332, 447854.69747894653)], [180, 2, (85404.66559511905, 447530.33605298545)], [207, 2, (84230.3564312548, 447162.8424262521)], [74, 2, (84794.90509058649, 448469.7079943947)]]]
[1.6, 58.55111026763916, 0.25762214074641854, 0.25827474853286714, 0, 0, [[132, 2, (84242.91139009832, 448092.9856048382)], [144, 2, (84880.85876114457, 447505.5634201066)], [154, 2, (84688.10122435533, 447777.1268159442)], [177, 2, (85263.96897810332, 447854.69747894653)], [180, 2, (85404.66559511905, 447530.33605298545)], [207, 2, (84230.3564312548, 447162.8424262521)], [226, 2, (84560.50398411034, 446806.73360668455)], [74, 2, (84794.90509058649, 448469.7079943947)]]]
[1.8, 109.10995960235596, 0.2768278497283633, 0.2774880332179655, 0, 0, [[132, 2, (84242.91139009832, 448092.9856048382)], [144, 2, (84880.85876114457, 447505.5634201066)], [154, 2, (84688.10122435533, 447777.1268159442)], [177, 2, (85263.96897810332, 447854.69747894653)], [180, 2, (85404.66559511905, 447530.33605298545)], [207, 2, (84230.3564312548, 447162.8424262521)], [226, 2, (84560.50398411034, 446806.73360668455)], [70, 2, (84511.71855341281, 448279.6820707427)], [74, 2, (84794.90509058649, 448469.7079943947)]]]
[2.0, 2562.532800912857, 0.29573106319006737, 0.2963968104032092, 0, 0, [[132, 2, (84242.91139009832, 448092.9856048382)], [144, 2, (84880.85876114457, 447505.5634201066)], [154, 2, (84688.10122435533, 447777.1268159442)], [177, 2, (85263.96897810332, 447854.69747894653)], [180, 2, (85404.66559511905, 447530.33605298545)], [193, 2, (84314.29577371474, 447285.6396724997)], [207, 2, (84230.3564312548, 447162.8424262521)], [226, 2, (84560.50398411034, 446806.73360668455)], [70, 2, (84511.71855341281, 448279.6820707427)], [74, 2, (84794.90509058649, 448469.7079943947)]]]
