['budget', 'runtime', 'objective_value', 'flow_caught_optimal', 'flow_caught_fixed_solution', ['solution']]
[0.2, 2.8802332878112793, 0.026565563460273285, 0.02669595288998016, 0.02669595288998016, [[26, 2, (84297.37558224256, 447037.8262580947)]]]
[0.4, 2.9579217433929443, 0.048192405419828895, 0.048341146470193185, 0.048341146470193185, [[172, 2, (84294.7021627688, 447036.4650717308)], [26, 2, (84297.37558224256, 447037.8262580947)]]]
[0.6000000000000001, 2.9136786460876465, 0.06536359279479044, 0.06553062589853441, 0.06553062589853441, [[172, 2, (84294.7021627688, 447036.4650717308)], [26, 2, (84297.37558224256, 447037.8262580947)], [59, 2, (84525.8778802715, 448289.1833669253)]]]
[0.8, 2.9853286743164062, 0.07471626297697598, 0.07489495031567554, 0.07489495031567554, [[172, 2, (84294.7021627688, 447036.4650717308)], [26, 2, (84297.37558224256, 447037.8262580947)], [59, 2, (84525.8778802715, 448289.1833669253)], [95, 2, (84321.7806164654, 448354.19495508034)]]]
[1.0, 3.2208313941955566, 0.08373229533270274, 0.08393031910091248, 0.08393031910091248, [[122, 2, (84880.85876114457, 447505.5634201066)], [172, 2, (84294.7021627688, 447036.4650717308)], [26, 2, (84297.37558224256, 447037.8262580947)], [59, 2, (84525.8778802715, 448289.1833669253)], [95, 2, (84321.7806164654, 448354.19495508034)]]]
[1.2, 3.095691680908203, 0.0927460182850893, 0.09296338271882537, 0.09296338271882537, [[122, 2, (84880.85876114457, 447505.5634201066)], [172, 2, (84294.7021627688, 447036.4650717308)], [173, 2, (84241.08071984047, 447141.77953383187)], [26, 2, (84297.37558224256, 447037.8262580947)], [59, 2, (84525.8778802715, 448289.1833669253)], [95, 2, (84321.7806164654, 448354.19495508034)]]]
[1.4000000000000001, 3.0637149810791016, 0.10093321665157305, 0.10117006240153945, 0.10117006240153945, [[122, 2, (84880.85876114457, 447505.5634201066)], [172, 2, (84294.7021627688, 447036.4650717308)], [173, 2, (84241.08071984047, 447141.77953383187)], [193, 2, (84385.48716829394, 447563.02613001404)], [26, 2, (84297.37558224256, 447037.8262580947)], [59, 2, (84525.8778802715, 448289.1833669253)], [95, 2, (84321.7806164654, 448354.19495508034)]]]
[1.6, 3.1753323078155518, 0.10810366936521658, 0.1083600606883552, 0.1083600606883552, [[122, 2, (84880.85876114457, 447505.5634201066)], [172, 2, (84294.7021627688, 447036.4650717308)], [173, 2, (84241.08071984047, 447141.77953383187)], [193, 2, (84385.48716829394, 447563.02613001404)], [26, 2, (84297.37558224256, 447037.8262580947)], [59, 2, (84525.8778802715, 448289.1833669253)], [64, 2, (84383.90029153871, 447565.5720723079)], [95, 2, (84321.7806164654, 448354.19495508034)]]]
[1.8, 3.163767099380493, 0.1152471189868311, 0.11552303580937838, 0.11552303580937838, [[122, 2, (84880.85876114457, 447505.5634201066)], [172, 2, (84294.7021627688, 447036.4650717308)], [173, 2, (84241.08071984047, 447141.77953383187)], [193, 2, (84385.48716829394, 447563.02613001404)], [26, 2, (84297.37558224256, 447037.8262580947)], [43, 2, (84229.92821995473, 447316.6735784422)], [59, 2, (84525.8778802715, 448289.1833669253)], [64, 2, (84383.90029153871, 447565.5720723079)], [95, 2, (84321.7806164654, 448354.19495508034)]]]
[2.0, 3.175182819366455, 0.12236625001329439, 0.12266156517584881, 0.12266156517584881, [[122, 2, (84880.85876114457, 447505.5634201066)], [172, 2, (84294.7021627688, 447036.4650717308)], [173, 2, (84241.08071984047, 447141.77953383187)], [193, 2, (84385.48716829394, 447563.02613001404)], [200, 2, (84301.85534330901, 447877.3383882173)], [26, 2, (84297.37558224256, 447037.8262580947)], [43, 2, (84229.92821995473, 447316.6735784422)], [59, 2, (84525.8778802715, 448289.1833669253)], [64, 2, (84383.90029153871, 447565.5720723079)], [95, 2, (84321.7806164654, 448354.19495508034)]]]
[2.2, 3.1560049057006836, 0.12939628787523424, 0.1297110215236058, 0.1297110215236058, [[122, 2, (84880.85876114457, 447505.5634201066)], [172, 2, (84294.7021627688, 447036.4650717308)], [173, 2, (84241.08071984047, 447141.77953383187)], [193, 2, (84385.48716829394, 447563.02613001404)], [200, 2, (84301.85534330901, 447877.3383882173)], [221, 2, (84354.64246980957, 448167.859075892)], [26, 2, (84297.37558224256, 447037.8262580947)], [43, 2, (84229.92821995473, 447316.6735784422)], [59, 2, (84525.8778802715, 448289.1833669253)], [64, 2, (84383.90029153871, 447565.5720723079)], [95, 2, (84321.7806164654, 448354.19495508034)]]]
[2.4000000000000004, 3.2102231979370117, 0.13640174287653473, 0.13673587111755983, 0.13673587111755983, [[122, 2, (84880.85876114457, 447505.5634201066)], [172, 2, (84294.7021627688, 447036.4650717308)], [173, 2, (84241.08071984047, 447141.77953383187)], [193, 2, (84385.48716829394, 447563.02613001404)], [197, 2, (85032.16813787172, 447385.608266497)], [200, 2, (84301.85534330901, 447877.3383882173)], [221, 2, (84354.64246980957, 448167.859075892)], [26, 2, (84297.37558224256, 447037.8262580947)], [43, 2, (84229.92821995473, 447316.6735784422)], [59, 2, (84525.8778802715, 448289.1833669253)], [64, 2, (84383.90029153871, 447565.5720723079)], [95, 2, (84321.7806164654, 448354.19495508034)]]]
[2.6000000000000005, 3.1014111042022705, 0.14307649143922682, 0.14343013421212908, 0.14343013421212908, [[122, 2, (84880.85876114457, 447505.5634201066)], [172, 2, (84294.7021627688, 447036.4650717308)], [173, 2, (84241.08071984047, 447141.77953383187)], [193, 2, (84385.48716829394, 447563.02613001404)], [197, 2, (85032.16813787172, 447385.608266497)], [200, 2, (84301.85534330901, 447877.3383882173)], [204, 2, (84627.07699752695, 447409.1412611593)], [221, 2, (84354.64246980957, 448167.859075892)], [26, 2, (84297.37558224256, 447037.8262580947)], [43, 2, (84229.92821995473, 447316.6735784422)], [59, 2, (84525.8778802715, 448289.1833669253)], [64, 2, (84383.90029153871, 447565.5720723079)], [95, 2, (84321.7806164654, 448354.19495508034)]]]
[2.8000000000000003, 3.1228442192077637, 0.1495452718000778, 0.14991819832846184, 0.14991819832846184, [[122, 2, (84880.85876114457, 447505.5634201066)], [138, 2, (85103.85770371312, 447346.7084731901)], [172, 2, (84294.7021627688, 447036.4650717308)], [173, 2, (84241.08071984047, 447141.77953383187)], [193, 2, (84385.48716829394, 447563.02613001404)], [197, 2, (85032.16813787172, 447385.608266497)], [200, 2, (84301.85534330901, 447877.3383882173)], [204, 2, (84627.07699752695, 447409.1412611593)], [221, 2, (84354.64246980957, 448167.859075892)], [26, 2, (84297.37558224256, 447037.8262580947)], [43, 2, (84229.92821995473, 447316.6735784422)], [59, 2, (84525.8778802715, 448289.1833669253)], [64, 2, (84383.90029153871, 447565.5720723079)], [95, 2, (84321.7806164654, 448354.19495508034)]]]
[3.0000000000000004, 3.2126870155334473, 0.15588656949215687, 0.15627909746204952, 0.1562790974620496, [[122, 2, (84880.85876114457, 447505.5634201066)], [138, 2, (85103.85770371312, 447346.7084731901)], [172, 2, (84294.7021627688, 447036.4650717308)], [173, 2, (84241.08071984047, 447141.77953383187)], [177, 2, (84262.21087194237, 447608.66840943333)], [193, 2, (84385.48716829394, 447563.02613001404)], [197, 2, (85032.16813787172, 447385.608266497)], [200, 2, (84301.85534330901, 447877.3383882173)], [204, 2, (84627.07699752695, 447409.1412611593)], [221, 2, (84354.64246980957, 448167.859075892)], [26, 2, (84297.37558224256, 447037.8262580947)], [43, 2, (84229.92821995473, 447316.6735784422)], [59, 2, (84525.8778802715, 448289.1833669253)], [64, 2, (84383.90029153871, 447565.5720723079)], [95, 2, (84321.7806164654, 448354.19495508034)]]]
[3.2, 3.151240825653076, 0.16212491293703238, 0.16253698955856674, 0.16253698955856674, [[122, 2, (84880.85876114457, 447505.5634201066)], [125, 2, (84716.50958487163, 447581.70587103994)], [138, 2, (85103.85770371312, 447346.7084731901)], [172, 2, (84294.7021627688, 447036.4650717308)], [173, 2, (84241.08071984047, 447141.77953383187)], [177, 2, (84262.21087194237, 447608.66840943333)], [193, 2, (84385.48716829394, 447563.02613001404)], [197, 2, (85032.16813787172, 447385.608266497)], [200, 2, (84301.85534330901, 447877.3383882173)], [204, 2, (84627.07699752695, 447409.1412611593)], [221, 2, (84354.64246980957, 448167.859075892)], [26, 2, (84297.37558224256, 447037.8262580947)], [43, 2, (84229.92821995473, 447316.6735784422)], [59, 2, (84525.8778802715, 448289.1833669253)], [64, 2, (84383.90029153871, 447565.5720723079)], [95, 2, (84321.7806164654, 448354.19495508034)]]]
[3.4000000000000004, 3.2044811248779297, 0.16835089451190388, 0.1687813612970341, 0.1687813612970341, [[122, 2, (84880.85876114457, 447505.5634201066)], [125, 2, (84716.50958487163, 447581.70587103994)], [138, 2, (85103.85770371312, 447346.7084731901)], [172, 2, (84294.7021627688, 447036.4650717308)], [173, 2, (84241.08071984047, 447141.77953383187)], [177, 2, (84262.21087194237, 447608.66840943333)], [193, 2, (84385.48716829394, 447563.02613001404)], [197, 2, (85032.16813787172, 447385.608266497)], [200, 2, (84301.85534330901, 447877.3383882173)], [204, 2, (84627.07699752695, 447409.1412611593)], [221, 2, (84354.64246980957, 448167.859075892)], [26, 2, (84297.37558224256, 447037.8262580947)], [43, 2, (84229.92821995473, 447316.6735784422)], [52, 2, (84727.88467856383, 446379.92780119076)], [59, 2, (84525.8778802715, 448289.1833669253)], [64, 2, (84383.90029153871, 447565.5720723079)], [95, 2, (84321.7806164654, 448354.19495508034)]]]
[3.6000000000000005, 3.1705129146575928, 0.1745329983912856, 0.17498305435341668, 0.17498305435341668, [[122, 2, (84880.85876114457, 447505.5634201066)], [125, 2, (84716.50958487163, 447581.70587103994)], [138, 2, (85103.85770371312, 447346.7084731901)], [172, 2, (84294.7021627688, 447036.4650717308)], [173, 2, (84241.08071984047, 447141.77953383187)], [177, 2, (84262.21087194237, 447608.66840943333)], [181, 2, (84231.69425534869, 447314.2484765913)], [193, 2, (84385.48716829394, 447563.02613001404)], [197, 2, (85032.16813787172, 447385.608266497)], [200, 2, (84301.85534330901, 447877.3383882173)], [204, 2, (84627.07699752695, 447409.1412611593)], [221, 2, (84354.64246980957, 448167.859075892)], [26, 2, (84297.37558224256, 447037.8262580947)], [43, 2, (84229.92821995473, 447316.6735784422)], [52, 2, (84727.88467856383, 446379.92780119076)], [59, 2, (84525.8778802715, 448289.1833669253)], [64, 2, (84383.90029153871, 447565.5720723079)], [95, 2, (84321.7806164654, 448354.19495508034)]]]
[3.8000000000000003, 3.146716833114624, 0.180587753146757, 0.18105736536891612, 0.18105736536891612, [[122, 2, (84880.85876114457, 447505.5634201066)], [125, 2, (84716.50958487163, 447581.70587103994)], [138, 2, (85103.85770371312, 447346.7084731901)], [172, 2, (84294.7021627688, 447036.4650717308)], [173, 2, (84241.08071984047, 447141.77953383187)], [177, 2, (84262.21087194237, 447608.66840943333)], [181, 2, (84231.69425534869, 447314.2484765913)], [193, 2, (84385.48716829394, 447563.02613001404)], [197, 2, (85032.16813787172, 447385.608266497)], [200, 2, (84301.85534330901, 447877.3383882173)], [204, 2, (84627.07699752695, 447409.1412611593)], [221, 2, (84354.64246980957, 448167.859075892)], [25, 2, (84243.75413931423, 447143.1407201958)], [26, 2, (84297.37558224256, 447037.8262580947)], [43, 2, (84229.92821995473, 447316.6735784422)], [52, 2, (84727.88467856383, 446379.92780119076)], [59, 2, (84525.8778802715, 448289.1833669253)], [64, 2, (84383.90029153871, 447565.5720723079)], [95, 2, (84321.7806164654, 448354.19495508034)]]]
[4.0, 3.405470848083496, 0.18653274215610313, 0.18702198065318687, 0.18702198065318687, [[122, 2, (84880.85876114457, 447505.5634201066)], [125, 2, (84716.50958487163, 447581.70587103994)], [138, 2, (85103.85770371312, 447346.7084731901)], [172, 2, (84294.7021627688, 447036.4650717308)], [173, 2, (84241.08071984047, 447141.77953383187)], [177, 2, (84262.21087194237, 447608.66840943333)], [181, 2, (84231.69425534869, 447314.2484765913)], [193, 2, (84385.48716829394, 447563.02613001404)], [197, 2, (85032.16813787172, 447385.608266497)], [200, 2, (84301.85534330901, 447877.3383882173)], [204, 2, (84627.07699752695, 447409.1412611593)], [221, 2, (84354.64246980957, 448167.859075892)], [25, 2, (84243.75413931423, 447143.1407201958)], [26, 2, (84297.37558224256, 447037.8262580947)], [41, 2, (84264.8761658236, 447610.0454383098)], [43, 2, (84229.92821995473, 447316.6735784422)], [52, 2, (84727.88467856383, 446379.92780119076)], [59, 2, (84525.8778802715, 448289.1833669253)], [64, 2, (84383.90029153871, 447565.5720723079)], [95, 2, (84321.7806164654, 448354.19495508034)]]]
