['budget', 'runtime', 'objective_value', 'flow_caught_optimal', 'flow_caught_fixed_solution', ['solution']]
[0.2, 12.711047649383545, 0.01950697167962884, 0.01952743600002068, 0.01952743600002068, [[284, 2, (84279.38175050355, 447066.5549180454)]]]
[0.4, 12.912166833877563, 0.03592436890422977, 0.03596477016417349, 0.03596477016417349, [[152, 2, (84306.88795363365, 448369.44737573666)], [284, 2, (84279.38175050355, 447066.5549180454)]]]
[0.6000000000000001, 12.933611631393433, 0.050024700669353786, 0.050085098560665876, 0.050085098560665876, [[152, 2, (84306.88795363365, 448369.44737573666)], [283, 2, (84310.02257503403, 447006.3752254162)], [41, 2, (84312.6959945078, 447007.7364117801)]]]
[0.8, 13.368163585662842, 0.061484750276414035, 0.06156514545566312, 0.06156514545566312, [[152, 2, (84306.88795363365, 448369.44737573666)], [283, 2, (84310.02257503403, 447006.3752254162)], [40, 2, (84282.05516997732, 447067.9161044093)], [41, 2, (84312.6959945078, 447007.7364117801)]]]
[1.0, 13.668924808502197, 0.07290272131935165, 0.0730031128386667, 0.07300302676751194, [[152, 2, (84306.88795363365, 448369.44737573666)], [283, 2, (84310.02257503403, 447006.3752254162)], [40, 2, (84282.05516997732, 447067.9161044093)], [41, 2, (84312.6959945078, 447007.7364117801)], [94, 2, (84494.01939483944, 448267.8054505144)]]]
[1.2, 13.32945990562439, 0.08291868495857795, 0.0830390741065491, 0.08303886838278826, [[152, 2, (84306.88795363365, 448369.44737573666)], [284, 2, (84279.38175050355, 447066.5549180454)], [40, 2, (84282.05516997732, 447067.9161044093)], [41, 2, (84312.6959945078, 447007.7364117801)], [94, 2, (84494.01939483944, 448267.8054505144)]]]
[1.4000000000000001, 13.168925046920776, 0.09137972409412326, 0.09152010684717743, 0.09152010628547662, [[152, 2, (84306.88795363365, 448369.44737573666)], [222, 2, (85099.61641608654, 447315.85233068565)], [283, 2, (84310.02257503403, 447006.3752254162)], [284, 2, (84279.38175050355, 447066.5549180454)], [40, 2, (84282.05516997732, 447067.9161044093)], [41, 2, (84312.6959945078, 447007.7364117801)], [94, 2, (84494.01939483944, 448267.8054505144)]]]
[1.6, 13.266554117202759, 0.09877177588127178, 0.09893214618883467, 0.09893197343211282, [[152, 2, (84306.88795363365, 448369.44737573666)], [222, 2, (85099.61641608654, 447315.85233068565)], [283, 2, (84310.02257503403, 447006.3752254162)], [284, 2, (84279.38175050355, 447066.5549180454)], [315, 2, (84560.50398411034, 446806.73360668455)], [40, 2, (84282.05516997732, 447067.9161044093)], [41, 2, (84312.6959945078, 447007.7364117801)], [94, 2, (84494.01939483944, 448267.8054505144)]]]
[1.8, 13.527760744094849, 0.10496932890561635, 0.10514969768322772, 0.10514950436545124, [[152, 2, (84306.88795363365, 448369.44737573666)], [222, 2, (85099.61641608654, 447315.85233068565)], [283, 2, (84310.02257503403, 447006.3752254162)], [284, 2, (84279.38175050355, 447066.5549180454)], [315, 2, (84560.50398411034, 446806.73360668455)], [40, 2, (84282.05516997732, 447067.9161044093)], [41, 2, (84312.6959945078, 447007.7364117801)], [42, 2, (84343.33681903826, 446947.5567191509)], [94, 2, (84494.01939483944, 448267.8054505144)]]]
[2.0, 13.074046611785889, 0.11076003333523293, 0.11096040071692942, 0.11096070996440145, [[152, 2, (84306.88795363365, 448369.44737573666)], [222, 2, (85099.61641608654, 447315.85233068565)], [283, 2, (84310.02257503403, 447006.3752254162)], [284, 2, (84279.38175050355, 447066.5549180454)], [285, 2, (84248.74092597308, 447126.7346106746)], [315, 2, (84560.50398411034, 446806.73360668455)], [40, 2, (84282.05516997732, 447067.9161044093)], [41, 2, (84312.6959945078, 447007.7364117801)], [94, 2, (84494.01939483944, 448267.8054505144)]]]
[2.2, 13.825002431869507, 0.11646557433543024, 0.1166859404393312, 0.11668594495575035, [[152, 2, (84306.88795363365, 448369.44737573666)], [222, 2, (85099.61641608654, 447315.85233068565)], [261, 2, (84263.62580987417, 447397.5099410558)], [283, 2, (84310.02257503403, 447006.3752254162)], [284, 2, (84279.38175050355, 447066.5549180454)], [285, 2, (84248.74092597308, 447126.7346106746)], [315, 2, (84560.50398411034, 446806.73360668455)], [40, 2, (84282.05516997732, 447067.9161044093)], [41, 2, (84312.6959945078, 447007.7364117801)], [42, 2, (84343.33681903826, 446947.5567191509)], [94, 2, (84494.01939483944, 448267.8054505144)]]]
[2.4000000000000004, 13.251568794250488, 0.12212687307307364, 0.12236723793709975, 0.12236734240630644, [[152, 2, (84306.88795363365, 448369.44737573666)], [222, 2, (85099.61641608654, 447315.85233068565)], [261, 2, (84263.62580987417, 447397.5099410558)], [283, 2, (84310.02257503403, 447006.3752254162)], [284, 2, (84279.38175050355, 447066.5549180454)], [285, 2, (84248.74092597308, 447126.7346106746)], [315, 2, (84560.50398411034, 446806.73360668455)], [40, 2, (84282.05516997732, 447067.9161044093)], [41, 2, (84312.6959945078, 447007.7364117801)], [42, 2, (84343.33681903826, 446947.5567191509)], [65, 2, (84282.2660081591, 447576.3867103308)], [94, 2, (84494.01939483944, 448267.8054505144)]]]
[2.6000000000000005, 13.74680209159851, 0.12770041612264768, 0.127960779700176, 0.12796074001709165, [[140, 2, (84754.71178176408, 447504.61574840825)], [152, 2, (84306.88795363365, 448369.44737573666)], [222, 2, (85099.61641608654, 447315.85233068565)], [261, 2, (84263.62580987417, 447397.5099410558)], [283, 2, (84310.02257503403, 447006.3752254162)], [284, 2, (84279.38175050355, 447066.5549180454)], [285, 2, (84248.74092597308, 447126.7346106746)], [315, 2, (84560.50398411034, 446806.73360668455)], [40, 2, (84282.05516997732, 447067.9161044093)], [41, 2, (84312.6959945078, 447007.7364117801)], [42, 2, (84343.33681903826, 446947.5567191509)], [65, 2, (84282.2660081591, 447576.3867103308)], [94, 2, (84494.01939483944, 448267.8054505144)]]]
[2.8000000000000003, 13.538140058517456, 0.13312455060409925, 0.1334049128483814, 0.133404917959592, [[139, 2, (84699.26054481053, 447464.7419683527)], [152, 2, (84306.88795363365, 448369.44737573666)], [195, 2, (84904.42400862022, 447492.5880506542)], [222, 2, (85099.61641608654, 447315.85233068565)], [261, 2, (84263.62580987417, 447397.5099410558)], [283, 2, (84310.02257503403, 447006.3752254162)], [284, 2, (84279.38175050355, 447066.5549180454)], [285, 2, (84248.74092597308, 447126.7346106746)], [315, 2, (84560.50398411034, 446806.73360668455)], [40, 2, (84282.05516997732, 447067.9161044093)], [41, 2, (84312.6959945078, 447007.7364117801)], [42, 2, (84343.33681903826, 446947.5567191509)], [65, 2, (84282.2660081591, 447576.3867103308)], [94, 2, (84494.01939483944, 448267.8054505144)]]]
[3.0000000000000004, 14.974534273147583, 0.13837892680849243, 0.13867928785053057, 0.13867927053509996, [[139, 2, (84699.26054481053, 447464.7419683527)], [152, 2, (84306.88795363365, 448369.44737573666)], [195, 2, (84904.42400862022, 447492.5880506542)], [200, 2, (84697.77889810244, 447589.14913955523)], [222, 2, (85099.61641608654, 447315.85233068565)], [261, 2, (84263.62580987417, 447397.5099410558)], [283, 2, (84310.02257503403, 447006.3752254162)], [284, 2, (84279.38175050355, 447066.5549180454)], [285, 2, (84248.74092597308, 447126.7346106746)], [315, 2, (84560.50398411034, 446806.73360668455)], [40, 2, (84282.05516997732, 447067.9161044093)], [41, 2, (84312.6959945078, 447007.7364117801)], [42, 2, (84343.33681903826, 446947.5567191509)], [65, 2, (84282.2660081591, 447576.3867103308)], [94, 2, (84494.01939483944, 448267.8054505144)]]]
[3.2, 14.759286403656006, 0.1434075793561933, 0.14372793918518695, 0.14372793923997, [[139, 2, (84699.26054481053, 447464.7419683527)], [152, 2, (84306.88795363365, 448369.44737573666)], [195, 2, (84904.42400862022, 447492.5880506542)], [200, 2, (84697.77889810244, 447589.14913955523)], [222, 2, (85099.61641608654, 447315.85233068565)], [261, 2, (84263.62580987417, 447397.5099410558)], [282, 2, (84340.6633995645, 446946.195532787)], [283, 2, (84310.02257503403, 447006.3752254162)], [284, 2, (84279.38175050355, 447066.5549180454)], [285, 2, (84248.74092597308, 447126.7346106746)], [315, 2, (84560.50398411034, 446806.73360668455)], [40, 2, (84282.05516997732, 447067.9161044093)], [41, 2, (84312.6959945078, 447007.7364117801)], [42, 2, (84343.33681903826, 446947.5567191509)], [65, 2, (84282.2660081591, 447576.3867103308)], [94, 2, (84494.01939483944, 448267.8054505144)]]]
[3.4000000000000004, 15.282228946685791, 0.14835533083779182, 0.14869568946840203, 0.1486957495026878, [[139, 2, (84699.26054481053, 447464.7419683527)], [152, 2, (84306.88795363365, 448369.44737573666)], [195, 2, (84904.42400862022, 447492.5880506542)], [200, 2, (84697.77889810244, 447589.14913955523)], [222, 2, (85099.61641608654, 447315.85233068565)], [261, 2, (84263.62580987417, 447397.5099410558)], [282, 2, (84340.6633995645, 446946.195532787)], [283, 2, (84310.02257503403, 447006.3752254162)], [284, 2, (84279.38175050355, 447066.5549180454)], [285, 2, (84248.74092597308, 447126.7346106746)], [315, 2, (84560.50398411034, 446806.73360668455)], [383, 2, (84389.84434163553, 448192.60396211274)], [40, 2, (84282.05516997732, 447067.9161044093)], [41, 2, (84312.6959945078, 447007.7364117801)], [42, 2, (84343.33681903826, 446947.5567191509)], [65, 2, (84282.2660081591, 447576.3867103308)], [94, 2, (84494.01939483944, 448267.8054505144)]]]
[3.6000000000000005, 15.091928243637085, 0.15311622524892754, 0.15347658285041624, 0.15347658284999469, [[139, 2, (84699.26054481053, 447464.7419683527)], [152, 2, (84306.88795363365, 448369.44737573666)], [195, 2, (84904.42400862022, 447492.5880506542)], [200, 2, (84697.77889810244, 447589.14913955523)], [222, 2, (85099.61641608654, 447315.85233068565)], [261, 2, (84263.62580987417, 447397.5099410558)], [282, 2, (84340.6633995645, 446946.195532787)], [283, 2, (84310.02257503403, 447006.3752254162)], [284, 2, (84279.38175050355, 447066.5549180454)], [285, 2, (84248.74092597308, 447126.7346106746)], [295, 2, (84279.60071427787, 447575.00968145434)], [315, 2, (84560.50398411034, 446806.73360668455)], [383, 2, (84389.84434163553, 448192.60396211274)], [40, 2, (84282.05516997732, 447067.9161044093)], [41, 2, (84312.6959945078, 447007.7364117801)], [42, 2, (84343.33681903826, 446947.5567191509)], [65, 2, (84282.2660081591, 447576.3867103308)], [94, 2, (84494.01939483944, 448267.8054505144)]]]
[3.8000000000000003, 15.77162790298462, 0.1577104554137979, 0.1580908118391694, 0.1580908135923321, [[139, 2, (84699.26054481053, 447464.7419683527)], [152, 2, (84306.88795363365, 448369.44737573666)], [195, 2, (84904.42400862022, 447492.5880506542)], [200, 2, (84697.77889810244, 447589.14913955523)], [222, 2, (85099.61641608654, 447315.85233068565)], [261, 2, (84263.62580987417, 447397.5099410558)], [282, 2, (84340.6633995645, 446946.195532787)], [283, 2, (84310.02257503403, 447006.3752254162)], [284, 2, (84279.38175050355, 447066.5549180454)], [285, 2, (84248.74092597308, 447126.7346106746)], [295, 2, (84279.60071427787, 447575.00968145434)], [315, 2, (84560.50398411034, 446806.73360668455)], [336, 2, (85066.54668109998, 447406.04420652596)], [383, 2, (84389.84434163553, 448192.60396211274)], [40, 2, (84282.05516997732, 447067.9161044093)], [41, 2, (84312.6959945078, 447007.7364117801)], [42, 2, (84343.33681903826, 446947.5567191509)], [65, 2, (84282.2660081591, 447576.3867103308)], [94, 2, (84494.01939483944, 448267.8054505144)]]]
[4.0, 16.256966829299927, 0.16228240159337493, 0.16268275693707415, 0.16268333874457686, [[139, 2, (84699.26054481053, 447464.7419683527)], [152, 2, (84306.88795363365, 448369.44737573666)], [195, 2, (84904.42400862022, 447492.5880506542)], [200, 2, (84697.77889810244, 447589.14913955523)], [222, 2, (85099.61641608654, 447315.85233068565)], [261, 2, (84263.62580987417, 447397.5099410558)], [282, 2, (84340.6633995645, 446946.195532787)], [283, 2, (84310.02257503403, 447006.3752254162)], [284, 2, (84279.38175050355, 447066.5549180454)], [285, 2, (84248.74092597308, 447126.7346106746)], [295, 2, (84279.60071427787, 447575.00968145434)], [315, 2, (84560.50398411034, 446806.73360668455)], [336, 2, (85066.54668109998, 447406.04420652596)], [342, 2, (84320.04610967249, 447853.41916882066)], [383, 2, (84389.84434163553, 448192.60396211274)], [40, 2, (84282.05516997732, 447067.9161044093)], [41, 2, (84312.6959945078, 447007.7364117801)], [42, 2, (84343.33681903826, 446947.5567191509)], [65, 2, (84282.2660081591, 447576.3867103308)], [94, 2, (84494.01939483944, 448267.8054505144)]]]
