['budget', 'runtime', 'objective_value', 'flow_caught_optimal', 'flow_caught_fixed_solution', ['solution']]
[0.2, 5.3310887813568115, 0.026730955553341026, 0.0267905541544569, 0.0267905541544569, [[31, 2, (84318.82415941388, 446995.7004732543)]]]
[0.4, 4.666674852371216, 0.044874872066031316, 0.04495399694319347, 0.04495399694319347, [[205, 2, (84316.15073994012, 446994.3392868904)], [31, 2, (84318.82415941388, 446995.7004732543)]]]
[0.6000000000000001, 4.544004201889038, 0.06032417610626332, 0.06042276717977279, 0.06042276717977279, [[205, 2, (84316.15073994012, 446994.3392868904)], [31, 2, (84318.82415941388, 446995.7004732543)], [70, 2, (84511.71855341281, 448279.6820707427)]]]
[0.8, 4.867324352264404, 0.07298589346196221, 0.0731041680460375, 0.0731041680460375, [[205, 2, (84316.15073994012, 446994.3392868904)], [206, 2, (84273.25358559746, 447078.5908565712)], [31, 2, (84318.82415941388, 446995.7004732543)], [70, 2, (84511.71855341281, 448279.6820707427)]]]
[1.0, 4.725375413894653, 0.08530541504089453, 0.08544195664727917, 0.08544195664727917, [[205, 2, (84316.15073994012, 446994.3392868904)], [206, 2, (84273.25358559746, 447078.5908565712)], [226, 2, (84560.50398411034, 446806.73360668455)], [31, 2, (84318.82415941388, 446995.7004732543)], [70, 2, (84511.71855341281, 448279.6820707427)]]]
[1.2, 4.593061447143555, 0.09662990831573952, 0.09678616719586255, 0.09678616719586255, [[205, 2, (84316.15073994012, 446994.3392868904)], [206, 2, (84273.25358559746, 447078.5908565712)], [226, 2, (84560.50398411034, 446806.73360668455)], [30, 2, (84275.92700507122, 447079.9520429351)], [31, 2, (84318.82415941388, 446995.7004732543)], [70, 2, (84511.71855341281, 448279.6820707427)]]]
[1.4000000000000001, 5.152454376220703, 0.1052318863144333, 0.10540793355841063, 0.10540793355841063, [[104, 2, (84740.8489725257, 447494.64730339433)], [205, 2, (84316.15073994012, 446994.3392868904)], [206, 2, (84273.25358559746, 447078.5908565712)], [226, 2, (84560.50398411034, 446806.73360668455)], [30, 2, (84275.92700507122, 447079.9520429351)], [31, 2, (84318.82415941388, 446995.7004732543)], [70, 2, (84511.71855341281, 448279.6820707427)]]]
[1.6, 4.720700025558472, 0.11313358924150692, 0.11332944047760794, 0.11332944047760794, [[104, 2, (84740.8489725257, 447494.64730339433)], [205, 2, (84316.15073994012, 446994.3392868904)], [206, 2, (84273.25358559746, 447078.5908565712)], [226, 2, (84560.50398411034, 446806.73360668455)], [279, 2, (84668.5749869018, 447597.5261040959)], [30, 2, (84275.92700507122, 447079.9520429351)], [31, 2, (84318.82415941388, 446995.7004732543)], [70, 2, (84511.71855341281, 448279.6820707427)]]]
[1.8, 4.8591718673706055, 0.1209362349883962, 0.1211496611940051, 0.1211496611940051, [[104, 2, (84740.8489725257, 447494.64730339433)], [114, 2, (84321.7806164654, 448354.19495508034)], [205, 2, (84316.15073994012, 446994.3392868904)], [206, 2, (84273.25358559746, 447078.5908565712)], [226, 2, (84560.50398411034, 446806.73360668455)], [279, 2, (84668.5749869018, 447597.5261040959)], [30, 2, (84275.92700507122, 447079.9520429351)], [31, 2, (84318.82415941388, 446995.7004732543)], [70, 2, (84511.71855341281, 448279.6820707427)]]]
[2.0, 4.88733172416687, 0.12855976020053864, 0.12879302183893218, 0.12879302183893218, [[104, 2, (84740.8489725257, 447494.64730339433)], [114, 2, (84321.7806164654, 448354.19495508034)], [205, 2, (84316.15073994012, 446994.3392868904)], [206, 2, (84273.25358559746, 447078.5908565712)], [226, 2, (84560.50398411034, 446806.73360668455)], [234, 2, (84385.48716829394, 447563.02613001404)], [279, 2, (84668.5749869018, 447597.5261040959)], [30, 2, (84275.92700507122, 447079.9520429351)], [31, 2, (84318.82415941388, 446995.7004732543)], [70, 2, (84511.71855341281, 448279.6820707427)]]]
[2.2, 4.939224720001221, 0.1354824561686766, 0.1357355460746692, 0.1357355460746692, [[104, 2, (84740.8489725257, 447494.64730339433)], [114, 2, (84321.7806164654, 448354.19495508034)], [147, 2, (84669.68286794862, 447600.31404232804)], [205, 2, (84316.15073994012, 446994.3392868904)], [206, 2, (84273.25358559746, 447078.5908565712)], [226, 2, (84560.50398411034, 446806.73360668455)], [234, 2, (84385.48716829394, 447563.02613001404)], [279, 2, (84668.5749869018, 447597.5261040959)], [30, 2, (84275.92700507122, 447079.9520429351)], [31, 2, (84318.82415941388, 446995.7004732543)], [70, 2, (84511.71855341281, 448279.6820707427)]]]
[2.4000000000000004, 5.114495277404785, 0.14184899764200087, 0.14212190031141472, 0.14212190031141472, [[104, 2, (84740.8489725257, 447494.64730339433)], [114, 2, (84321.7806164654, 448354.19495508034)], [147, 2, (84669.68286794862, 447600.31404232804)], [205, 2, (84316.15073994012, 446994.3392868904)], [206, 2, (84273.25358559746, 447078.5908565712)], [226, 2, (84560.50398411034, 446806.73360668455)], [234, 2, (84385.48716829394, 447563.02613001404)], [239, 2, (85032.16813787172, 447385.608266497)], [279, 2, (84668.5749869018, 447597.5261040959)], [30, 2, (84275.92700507122, 447079.9520429351)], [31, 2, (84318.82415941388, 446995.7004732543)], [70, 2, (84511.71855341281, 448279.6820707427)]]]
[2.6000000000000005, 5.337321758270264, 0.14817168902830644, 0.14846372196186933, 0.14846372196186933, [[104, 2, (84740.8489725257, 447494.64730339433)], [114, 2, (84321.7806164654, 448354.19495508034)], [147, 2, (84669.68286794862, 447600.31404232804)], [205, 2, (84316.15073994012, 446994.3392868904)], [206, 2, (84273.25358559746, 447078.5908565712)], [226, 2, (84560.50398411034, 446806.73360668455)], [234, 2, (84385.48716829394, 447563.02613001404)], [239, 2, (85032.16813787172, 447385.608266497)], [279, 2, (84668.5749869018, 447597.5261040959)], [30, 2, (84275.92700507122, 447079.9520429351)], [31, 2, (84318.82415941388, 446995.7004732543)], [62, 2, (84734.4069749831, 446364.3296949315)], [70, 2, (84511.71855341281, 448279.6820707427)]]]
[2.8000000000000003, 5.165515661239624, 0.15448176567796026, 0.15479364194205963, 0.15479364194205963, [[103, 2, (84671.53492633377, 447444.8050783249)], [104, 2, (84740.8489725257, 447494.64730339433)], [114, 2, (84321.7806164654, 448354.19495508034)], [147, 2, (84669.68286794862, 447600.31404232804)], [205, 2, (84316.15073994012, 446994.3392868904)], [206, 2, (84273.25358559746, 447078.5908565712)], [226, 2, (84560.50398411034, 446806.73360668455)], [234, 2, (84385.48716829394, 447563.02613001404)], [239, 2, (85032.16813787172, 447385.608266497)], [279, 2, (84668.5749869018, 447597.5261040959)], [30, 2, (84275.92700507122, 447079.9520429351)], [31, 2, (84318.82415941388, 446995.7004732543)], [62, 2, (84734.4069749831, 446364.3296949315)], [70, 2, (84511.71855341281, 448279.6820707427)]]]
[3.0000000000000004, 5.168987512588501, 0.16073545709722073, 0.1610671912407327, 0.1610671912407327, [[103, 2, (84671.53492633377, 447444.8050783249)], [104, 2, (84740.8489725257, 447494.64730339433)], [114, 2, (84321.7806164654, 448354.19495508034)], [147, 2, (84669.68286794862, 447600.31404232804)], [205, 2, (84316.15073994012, 446994.3392868904)], [206, 2, (84273.25358559746, 447078.5908565712)], [213, 2, (84269.93969075815, 447593.708974776)], [226, 2, (84560.50398411034, 446806.73360668455)], [234, 2, (84385.48716829394, 447563.02613001404)], [239, 2, (85032.16813787172, 447385.608266497)], [279, 2, (84668.5749869018, 447597.5261040959)], [30, 2, (84275.92700507122, 447079.9520429351)], [31, 2, (84318.82415941388, 446995.7004732543)], [62, 2, (84734.4069749831, 446364.3296949315)], [70, 2, (84511.71855341281, 448279.6820707427)]]]
[3.2, 5.186614751815796, 0.16676693144844623, 0.16711851397510552, 0.16711851397510552, [[103, 2, (84671.53492633377, 447444.8050783249)], [104, 2, (84740.8489725257, 447494.64730339433)], [114, 2, (84321.7806164654, 448354.19495508034)], [144, 2, (84880.85876114457, 447505.5634201066)], [147, 2, (84669.68286794862, 447600.31404232804)], [205, 2, (84316.15073994012, 446994.3392868904)], [206, 2, (84273.25358559746, 447078.5908565712)], [213, 2, (84269.93969075815, 447593.708974776)], [226, 2, (84560.50398411034, 446806.73360668455)], [234, 2, (84385.48716829394, 447563.02613001404)], [239, 2, (85032.16813787172, 447385.608266497)], [279, 2, (84668.5749869018, 447597.5261040959)], [30, 2, (84275.92700507122, 447079.9520429351)], [31, 2, (84318.82415941388, 446995.7004732543)], [62, 2, (84734.4069749831, 446364.3296949315)], [70, 2, (84511.71855341281, 448279.6820707427)]]]
[3.4000000000000004, 5.243098258972168, 0.172553931689413, 0.17292537287562793, 0.17292537287562793, [[103, 2, (84671.53492633377, 447444.8050783249)], [104, 2, (84740.8489725257, 447494.64730339433)], [114, 2, (84321.7806164654, 448354.19495508034)], [144, 2, (84880.85876114457, 447505.5634201066)], [147, 2, (84669.68286794862, 447600.31404232804)], [186, 2, (84207.30273122156, 447522.5700971636)], [205, 2, (84316.15073994012, 446994.3392868904)], [206, 2, (84273.25358559746, 447078.5908565712)], [213, 2, (84269.93969075815, 447593.708974776)], [226, 2, (84560.50398411034, 446806.73360668455)], [234, 2, (84385.48716829394, 447563.02613001404)], [239, 2, (85032.16813787172, 447385.608266497)], [279, 2, (84668.5749869018, 447597.5261040959)], [30, 2, (84275.92700507122, 447079.9520429351)], [31, 2, (84318.82415941388, 446995.7004732543)], [62, 2, (84734.4069749831, 446364.3296949315)], [70, 2, (84511.71855341281, 448279.6820707427)]]]
[3.6000000000000005, 5.376422166824341, 0.17825627283596499, 0.17864725197392112, 0.17864725197392098, [[103, 2, (84671.53492633377, 447444.8050783249)], [104, 2, (84740.8489725257, 447494.64730339433)], [114, 2, (84321.7806164654, 448354.19495508034)], [144, 2, (84880.85876114457, 447505.5634201066)], [147, 2, (84669.68286794862, 447600.31404232804)], [186, 2, (84207.30273122156, 447522.5700971636)], [205, 2, (84316.15073994012, 446994.3392868904)], [206, 2, (84273.25358559746, 447078.5908565712)], [213, 2, (84269.93969075815, 447593.708974776)], [226, 2, (84560.50398411034, 446806.73360668455)], [234, 2, (84385.48716829394, 447563.02613001404)], [239, 2, (85032.16813787172, 447385.608266497)], [279, 2, (84668.5749869018, 447597.5261040959)], [30, 2, (84275.92700507122, 447079.9520429351)], [31, 2, (84318.82415941388, 446995.7004732543)], [62, 2, (84734.4069749831, 446364.3296949315)], [70, 2, (84511.71855341281, 448279.6820707427)], [99, 2, (84512.49811524196, 446822.22776476404)]]]
[3.8000000000000003, 5.6350908279418945, 0.18361370700510782, 0.18402455392876557, 0.18402455392876557, [[103, 2, (84671.53492633377, 447444.8050783249)], [104, 2, (84740.8489725257, 447494.64730339433)], [114, 2, (84321.7806164654, 448354.19495508034)], [144, 2, (84880.85876114457, 447505.5634201066)], [147, 2, (84669.68286794862, 447600.31404232804)], [186, 2, (84207.30273122156, 447522.5700971636)], [205, 2, (84316.15073994012, 446994.3392868904)], [206, 2, (84273.25358559746, 447078.5908565712)], [213, 2, (84269.93969075815, 447593.708974776)], [226, 2, (84560.50398411034, 446806.73360668455)], [234, 2, (84385.48716829394, 447563.02613001404)], [239, 2, (85032.16813787172, 447385.608266497)], [279, 2, (84668.5749869018, 447597.5261040959)], [30, 2, (84275.92700507122, 447079.9520429351)], [31, 2, (84318.82415941388, 446995.7004732543)], [62, 2, (84734.4069749831, 446364.3296949315)], [70, 2, (84511.71855341281, 448279.6820707427)], [9, 2, (84317.01956255075, 447286.89704053523)], [99, 2, (84512.49811524196, 446822.22776476404)]]]
[4.0, 5.653163433074951, 0.18887170707543105, 0.18930242554044963, 0.18930242554044963, [[103, 2, (84671.53492633377, 447444.8050783249)], [104, 2, (84740.8489725257, 447494.64730339433)], [114, 2, (84321.7806164654, 448354.19495508034)], [144, 2, (84880.85876114457, 447505.5634201066)], [147, 2, (84669.68286794862, 447600.31404232804)], [186, 2, (84207.30273122156, 447522.5700971636)], [205, 2, (84316.15073994012, 446994.3392868904)], [206, 2, (84273.25358559746, 447078.5908565712)], [213, 2, (84269.93969075815, 447593.708974776)], [226, 2, (84560.50398411034, 446806.73360668455)], [234, 2, (84385.48716829394, 447563.02613001404)], [239, 2, (85032.16813787172, 447385.608266497)], [279, 2, (84668.5749869018, 447597.5261040959)], [30, 2, (84275.92700507122, 447079.9520429351)], [31, 2, (84318.82415941388, 446995.7004732543)], [6, 2, (84210.03195830931, 447523.815616936)], [62, 2, (84734.4069749831, 446364.3296949315)], [70, 2, (84511.71855341281, 448279.6820707427)], [9, 2, (84317.01956255075, 447286.89704053523)], [99, 2, (84512.49811524196, 446822.22776476404)]]]
