['budget', 'runtime', 'objective_value', 'flow_caught_optimal', 'flow_caught_fixed_solution', ['solution']]
[0.2, 5.119657039642334, 0.025656335323903916, 0.025718586601720893, 0.025718586601720893, [[206, 2, (84273.25358559746, 447078.5908565712)]]]
[0.4, 4.698458909988403, 0.043303204112861614, 0.04338482630954878, 0.04338482630954878, [[206, 2, (84273.25358559746, 447078.5908565712)], [70, 2, (84511.71855341281, 448279.6820707427)]]]
[0.6000000000000001, 4.71864914894104, 0.060748940218704604, 0.060850101489706473, 0.060850101489706473, [[206, 2, (84273.25358559746, 447078.5908565712)], [31, 2, (84318.82415941388, 446995.7004732543)], [70, 2, (84511.71855341281, 448279.6820707427)]]]
[0.8, 4.751947402954102, 0.07509631337664202, 0.0752171158671594, 0.0752171158671594, [[206, 2, (84273.25358559746, 447078.5908565712)], [30, 2, (84275.92700507122, 447079.9520429351)], [31, 2, (84318.82415941388, 446995.7004732543)], [70, 2, (84511.71855341281, 448279.6820707427)]]]
[1.0, 4.891331672668457, 0.08763618830130236, 0.08777665921206924, 0.08777665921206924, [[205, 2, (84316.15073994012, 446994.3392868904)], [206, 2, (84273.25358559746, 447078.5908565712)], [30, 2, (84275.92700507122, 447079.9520429351)], [31, 2, (84318.82415941388, 446995.7004732543)], [70, 2, (84511.71855341281, 448279.6820707427)]]]
[1.2, 5.0212321281433105, 0.0989725195149627, 0.09913135265029022, 0.09913135265029022, [[205, 2, (84316.15073994012, 446994.3392868904)], [206, 2, (84273.25358559746, 447078.5908565712)], [226, 2, (84560.50398411034, 446806.73360668455)], [30, 2, (84275.92700507122, 447079.9520429351)], [31, 2, (84318.82415941388, 446995.7004732543)], [70, 2, (84511.71855341281, 448279.6820707427)]]]
[1.4000000000000001, 4.81153416633606, 0.10705525942563862, 0.10723141025816323, 0.10723141025816323, [[114, 2, (84321.7806164654, 448354.19495508034)], [205, 2, (84316.15073994012, 446994.3392868904)], [206, 2, (84273.25358559746, 447078.5908565712)], [226, 2, (84560.50398411034, 446806.73360668455)], [30, 2, (84275.92700507122, 447079.9520429351)], [31, 2, (84318.82415941388, 446995.7004732543)], [70, 2, (84511.71855341281, 448279.6820707427)]]]
[1.6, 5.013226747512817, 0.11493363069612877, 0.11512958750260037, 0.11512958750260037, [[104, 2, (84740.8489725257, 447494.64730339433)], [114, 2, (84321.7806164654, 448354.19495508034)], [205, 2, (84316.15073994012, 446994.3392868904)], [206, 2, (84273.25358559746, 447078.5908565712)], [226, 2, (84560.50398411034, 446806.73360668455)], [30, 2, (84275.92700507122, 447079.9520429351)], [31, 2, (84318.82415941388, 446995.7004732543)], [70, 2, (84511.71855341281, 448279.6820707427)]]]
[1.8, 5.0397233963012695, 0.1219881068403791, 0.12220388608856902, 0.12220388608856902, [[104, 2, (84740.8489725257, 447494.64730339433)], [114, 2, (84321.7806164654, 448354.19495508034)], [144, 2, (84880.85876114457, 447505.5634201066)], [205, 2, (84316.15073994012, 446994.3392868904)], [206, 2, (84273.25358559746, 447078.5908565712)], [226, 2, (84560.50398411034, 446806.73360668455)], [30, 2, (84275.92700507122, 447079.9520429351)], [31, 2, (84318.82415941388, 446995.7004732543)], [70, 2, (84511.71855341281, 448279.6820707427)]]]
[2.0, 4.9727489948272705, 0.12879801385954445, 0.1290336241123331, 0.1290336241123331, [[104, 2, (84740.8489725257, 447494.64730339433)], [114, 2, (84321.7806164654, 448354.19495508034)], [144, 2, (84880.85876114457, 447505.5634201066)], [205, 2, (84316.15073994012, 446994.3392868904)], [206, 2, (84273.25358559746, 447078.5908565712)], [226, 2, (84560.50398411034, 446806.73360668455)], [279, 2, (84668.5749869018, 447597.5261040959)], [30, 2, (84275.92700507122, 447079.9520429351)], [31, 2, (84318.82415941388, 446995.7004732543)], [70, 2, (84511.71855341281, 448279.6820707427)]]]
[2.2, 4.965131759643555, 0.13559886465993828, 0.13585432707909403, 0.13585432707909403, [[104, 2, (84740.8489725257, 447494.64730339433)], [114, 2, (84321.7806164654, 448354.19495508034)], [144, 2, (84880.85876114457, 447505.5634201066)], [205, 2, (84316.15073994012, 446994.3392868904)], [206, 2, (84273.25358559746, 447078.5908565712)], [226, 2, (84560.50398411034, 446806.73360668455)], [234, 2, (84385.48716829394, 447563.02613001404)], [279, 2, (84668.5749869018, 447597.5261040959)], [30, 2, (84275.92700507122, 447079.9520429351)], [31, 2, (84318.82415941388, 446995.7004732543)], [70, 2, (84511.71855341281, 448279.6820707427)]]]
[2.4000000000000004, 4.941346883773804, 0.1418127584761143, 0.14208806663367035, 0.14208806663367035, [[104, 2, (84740.8489725257, 447494.64730339433)], [114, 2, (84321.7806164654, 448354.19495508034)], [144, 2, (84880.85876114457, 447505.5634201066)], [147, 2, (84669.68286794862, 447600.31404232804)], [205, 2, (84316.15073994012, 446994.3392868904)], [206, 2, (84273.25358559746, 447078.5908565712)], [226, 2, (84560.50398411034, 446806.73360668455)], [234, 2, (84385.48716829394, 447563.02613001404)], [279, 2, (84668.5749869018, 447597.5261040959)], [30, 2, (84275.92700507122, 447079.9520429351)], [31, 2, (84318.82415941388, 446995.7004732543)], [70, 2, (84511.71855341281, 448279.6820707427)]]]
[2.6000000000000005, 5.062852144241333, 0.14796872913869255, 0.14826315737123194, 0.14826315737123194, [[104, 2, (84740.8489725257, 447494.64730339433)], [114, 2, (84321.7806164654, 448354.19495508034)], [144, 2, (84880.85876114457, 447505.5634201066)], [147, 2, (84669.68286794862, 447600.31404232804)], [205, 2, (84316.15073994012, 446994.3392868904)], [206, 2, (84273.25358559746, 447078.5908565712)], [226, 2, (84560.50398411034, 446806.73360668455)], [234, 2, (84385.48716829394, 447563.02613001404)], [279, 2, (84668.5749869018, 447597.5261040959)], [30, 2, (84275.92700507122, 447079.9520429351)], [31, 2, (84318.82415941388, 446995.7004732543)], [62, 2, (84734.4069749831, 446364.3296949315)], [70, 2, (84511.71855341281, 448279.6820707427)]]]
[2.8000000000000003, 5.470927476882935, 0.1541134190488766, 0.1544276942283346, 0.1544276942283346, [[104, 2, (84740.8489725257, 447494.64730339433)], [114, 2, (84321.7806164654, 448354.19495508034)], [144, 2, (84880.85876114457, 447505.5634201066)], [147, 2, (84669.68286794862, 447600.31404232804)], [205, 2, (84316.15073994012, 446994.3392868904)], [206, 2, (84273.25358559746, 447078.5908565712)], [207, 2, (84230.3564312548, 447162.8424262521)], [226, 2, (84560.50398411034, 446806.73360668455)], [234, 2, (84385.48716829394, 447563.02613001404)], [279, 2, (84668.5749869018, 447597.5261040959)], [30, 2, (84275.92700507122, 447079.9520429351)], [31, 2, (84318.82415941388, 446995.7004732543)], [62, 2, (84734.4069749831, 446364.3296949315)], [70, 2, (84511.71855341281, 448279.6820707427)]]]
[3.0000000000000004, 5.326074600219727, 0.1601408194058161, 0.1604749635551351, 0.1604749635551351, [[104, 2, (84740.8489725257, 447494.64730339433)], [114, 2, (84321.7806164654, 448354.19495508034)], [144, 2, (84880.85876114457, 447505.5634201066)], [147, 2, (84669.68286794862, 447600.31404232804)], [205, 2, (84316.15073994012, 446994.3392868904)], [206, 2, (84273.25358559746, 447078.5908565712)], [207, 2, (84230.3564312548, 447162.8424262521)], [226, 2, (84560.50398411034, 446806.73360668455)], [234, 2, (84385.48716829394, 447563.02613001404)], [279, 2, (84668.5749869018, 447597.5261040959)], [30, 2, (84275.92700507122, 447079.9520429351)], [31, 2, (84318.82415941388, 446995.7004732543)], [62, 2, (84734.4069749831, 446364.3296949315)], [70, 2, (84511.71855341281, 448279.6820707427)], [76, 2, (84383.90029153871, 447565.5720723079)]]]
[3.2, 5.330891370773315, 0.16607830699955772, 0.16643231599264796, 0.16643231599264796, [[104, 2, (84740.8489725257, 447494.64730339433)], [114, 2, (84321.7806164654, 448354.19495508034)], [144, 2, (84880.85876114457, 447505.5634201066)], [147, 2, (84669.68286794862, 447600.31404232804)], [205, 2, (84316.15073994012, 446994.3392868904)], [206, 2, (84273.25358559746, 447078.5908565712)], [207, 2, (84230.3564312548, 447162.8424262521)], [226, 2, (84560.50398411034, 446806.73360668455)], [234, 2, (84385.48716829394, 447563.02613001404)], [279, 2, (84668.5749869018, 447597.5261040959)], [30, 2, (84275.92700507122, 447079.9520429351)], [31, 2, (84318.82415941388, 446995.7004732543)], [51, 2, (84229.92821995473, 447316.6735784422)], [62, 2, (84734.4069749831, 446364.3296949315)], [70, 2, (84511.71855341281, 448279.6820707427)], [76, 2, (84383.90029153871, 447565.5720723079)]]]
[3.4000000000000004, 5.516263484954834, 0.17194876427545744, 0.172322592773729, 0.17232260279811498, [[104, 2, (84740.8489725257, 447494.64730339433)], [114, 2, (84321.7806164654, 448354.19495508034)], [144, 2, (84880.85876114457, 447505.5634201066)], [147, 2, (84669.68286794862, 447600.31404232804)], [205, 2, (84316.15073994012, 446994.3392868904)], [206, 2, (84273.25358559746, 447078.5908565712)], [207, 2, (84230.3564312548, 447162.8424262521)], [226, 2, (84560.50398411034, 446806.73360668455)], [234, 2, (84385.48716829394, 447563.02613001404)], [239, 2, (85032.16813787172, 447385.608266497)], [279, 2, (84668.5749869018, 447597.5261040959)], [30, 2, (84275.92700507122, 447079.9520429351)], [31, 2, (84318.82415941388, 446995.7004732543)], [51, 2, (84229.92821995473, 447316.6735784422)], [62, 2, (84734.4069749831, 446364.3296949315)], [70, 2, (84511.71855341281, 448279.6820707427)], [76, 2, (84383.90029153871, 447565.5720723079)]]]
[3.6000000000000005, 6.110715627670288, 0.17774964709037916, 0.17814334298157106, 0.17814334298157108, [[104, 2, (84740.8489725257, 447494.64730339433)], [114, 2, (84321.7806164654, 448354.19495508034)], [144, 2, (84880.85876114457, 447505.5634201066)], [147, 2, (84669.68286794862, 447600.31404232804)], [205, 2, (84316.15073994012, 446994.3392868904)], [206, 2, (84273.25358559746, 447078.5908565712)], [207, 2, (84230.3564312548, 447162.8424262521)], [226, 2, (84560.50398411034, 446806.73360668455)], [234, 2, (84385.48716829394, 447563.02613001404)], [239, 2, (85032.16813787172, 447385.608266497)], [279, 2, (84668.5749869018, 447597.5261040959)], [30, 2, (84275.92700507122, 447079.9520429351)], [31, 2, (84318.82415941388, 446995.7004732543)], [49, 2, (84272.60498463939, 447595.0860036524)], [51, 2, (84229.92821995473, 447316.6735784422)], [62, 2, (84734.4069749831, 446364.3296949315)], [70, 2, (84511.71855341281, 448279.6820707427)], [76, 2, (84383.90029153871, 447565.5720723079)]]]
[3.8000000000000003, 5.973847389221191, 0.1835113224324686, 0.18392487473185218, 0.18392487473185218, [[104, 2, (84740.8489725257, 447494.64730339433)], [114, 2, (84321.7806164654, 448354.19495508034)], [144, 2, (84880.85876114457, 447505.5634201066)], [147, 2, (84669.68286794862, 447600.31404232804)], [205, 2, (84316.15073994012, 446994.3392868904)], [206, 2, (84273.25358559746, 447078.5908565712)], [207, 2, (84230.3564312548, 447162.8424262521)], [226, 2, (84560.50398411034, 446806.73360668455)], [234, 2, (84385.48716829394, 447563.02613001404)], [239, 2, (85032.16813787172, 447385.608266497)], [242, 2, (84327.3224162179, 447843.85148106195)], [279, 2, (84668.5749869018, 447597.5261040959)], [30, 2, (84275.92700507122, 447079.9520429351)], [31, 2, (84318.82415941388, 446995.7004732543)], [49, 2, (84272.60498463939, 447595.0860036524)], [51, 2, (84229.92821995473, 447316.6735784422)], [62, 2, (84734.4069749831, 446364.3296949315)], [70, 2, (84511.71855341281, 448279.6820707427)], [76, 2, (84383.90029153871, 447565.5720723079)]]]
[4.0, 5.722927808761597, 0.1891363108864605, 0.18956972344325254, 0.18956972355650636, [[103, 2, (84671.53492633377, 447444.8050783249)], [104, 2, (84740.8489725257, 447494.64730339433)], [114, 2, (84321.7806164654, 448354.19495508034)], [144, 2, (84880.85876114457, 447505.5634201066)], [147, 2, (84669.68286794862, 447600.31404232804)], [205, 2, (84316.15073994012, 446994.3392868904)], [206, 2, (84273.25358559746, 447078.5908565712)], [207, 2, (84230.3564312548, 447162.8424262521)], [226, 2, (84560.50398411034, 446806.73360668455)], [234, 2, (84385.48716829394, 447563.02613001404)], [239, 2, (85032.16813787172, 447385.608266497)], [242, 2, (84327.3224162179, 447843.85148106195)], [279, 2, (84668.5749869018, 447597.5261040959)], [30, 2, (84275.92700507122, 447079.9520429351)], [31, 2, (84318.82415941388, 446995.7004732543)], [49, 2, (84272.60498463939, 447595.0860036524)], [51, 2, (84229.92821995473, 447316.6735784422)], [62, 2, (84734.4069749831, 446364.3296949315)], [70, 2, (84511.71855341281, 448279.6820707427)], [76, 2, (84383.90029153871, 447565.5720723079)]]]
